0,8.600845769440909,0,0,-3,11.600845769440902,0.0,0.0,0.0
1,157.70853721117902,0,0,-6,9.848325132216289,103.4,45.3450967019616,5.1151153770013496
2,262.93110230434104,0,0,-9,-4.98602800090326,179.094053502622,87.6,10.223076802622801
3,342.27940228223304,0,0,-12,8.27755388741695,206.8,123.885108063883,15.3167403309325
4,336.643020619386,0,0,-15,0.432334360829655,179.094053502622,151.727650743034,20.388982012900698
5,285.541681062704,0,0,-18,5.4787684369726595,103.4,169.230204765845,25.432707859886698
6,159.951804181995,0,0,-21,-24.689059583229103,2.5325695806367297e-14,175.2,30.4408637652238
7,94.31657588458059,0,0,-24,17.0799257487109,-103.4,169.230204765845,35.4064453700248
8,-21.1758677184873,0,0,-27,-7.13197281831087,-179.094053502622,151.727650743034,40.3225078594117
9,-65.3540234746274,0,0,-30,2.3786927860225697,-206.8,123.885108063883,45.1821756754669
10,-54.5281812959834,0,0,-33,19.9872200733157,-179.094053502622,87.6,49.978652133322804
11,-30.520590766736603,0,0,-36,8.82908360436123,-103.4,45.3450967019617,54.705228926940606
12,40.4571329305901,0,0,-39,20.1018374193082,-5.06513916127345e-14,2.14558119210616e-14,59.355295511281994
13,69.632104275373,0,0,-42,-10.345147370420301,103.4,-45.3450967019616,63.9223483477549
14,102.293253549979,0,0,-45,-12.600799952643301,179.094053502622,-87.6,68.4
15,147.42621449727199,0,0,-48,39.7293344938575,206.8,-123.885108063883,72.781988067298
16,69.5877682540161,0,0,-51,16.1591815513242,179.094053502622,-151.727650743034,77.0621839431035
17,-66.360740148476,0,0,-54,-27.7651367690863,103.4,-169.230204765845,81.234601386455
18,-85.67304055469059,0,0,-57,61.2335545510346,7.59770874191018e-14,-175.2,85.2934048942747
19,-243.95365266752898,0,0,-60,-0.556365764530924,-103.4,-169.230204765845,89.232917862847
20,-277.293044090423,0,0,-63,23.4810296281713,-179.094053502622,-151.727650743034,93.04763052706181
21,-320.896632425264,0,0,-66,-20.943732027700502,-206.8,-123.885108063883,96.7322076663197
22,-273.112851964983,0,0,-69,-37.700294528681,-179.094053502622,-87.6000000000001,100.28149606632
23,-145.82609150702,0,0,-72,-28.7715265313555,-103.4,-45.34509670196179,103.690531726298
24,28.5247501414232,0,0,-75,-3.42979666020317,-1.0130278322546901e-13,-4.29116238421233e-14,106.954546801626
25,163.104580947412,0,0,-78,-17.7094920266305,103.4,45.3450967019617,110.06897627208001
26,270.776940602757,0,0,-81,-27.946577226292895,179.094053502622,87.6,113.029464326428
27,369.473734659018,0,0,-84,6.95675614070572,206.8,123.885108063883,115.831870454429
28,368.495745436814,0,0,-87,6.20176595344672,179.094053502622,151.727650743034,118.47227523771099
29,324.41240481831903,0,0,-90,20.835214221043802,103.4,169.230204765845,120.94698583143101
30,187.878491327524,0,0,-93,-17.5740498015274,4.93979073419808e-13,175.2,123.252541129051
31,64.3081936414013,0,0,-96,-30.9077277274565,-103.4,169.230204765845,125.385716603013
32,-20.389728618827696,0,0,-99,-21.3668546737669,-179.094053502622,151.727650743034,127.34352881452699
33,-17.716285273198398,0,0,-102,38.0753670767338,-206.8,123.885108063883,129.123239586185
34,-87.02759942463159,0,0,-105,-21.2559057535538,-179.094053502622,87.6,130.722359831544
35,-5.400556875130779,0,0,-108,28.515693386563,-103.4,45.3450967019617,132.138653036345
36,46.8986555077404,0,0,-111,24.528517121267,-1.51954174838204e-13,6.43674357631849e-14,133.370138386473
37,71.2198839382305,0,0,-114,-7.2501128981216105,103.4,-45.345096701961495,134.415093538314
38,99.9119552291662,0,0,-117,-9.85415530105327,179.094053502622,-87.59999999999991,135.272057027598
39,117.47664273217899,0,0,-120,18.621920482666198,206.8,-123.885108063883,135.939830313396
40,48.36590036359679,0,0,-123,7.58201814962317,179.094053502622,-151.727650743034,136.417479454385
41,-67.9579657597891,0,0,-126,-12.832097408998,103.40000000000099,-169.230204765845,136.704336415053
42,-196.485668227114,0,0,-129,-29.085668227114,1.7727987064457101e-13,-175.2,136.8
43,-214.46054893036703,0,0,-132,53.46531942042439,-103.4,-169.230204765845,136.704336415053
44,-335.425324174707,0,0,-135,-6.02109938343714,-179.094053502622,-151.727650743034,136.417479454385
45,-332.65034185486303,0,0,-138,0.0949358956245335,-206.8,-123.885108063883,135.939830313396
46,-319.649881599209,0,0,-141,-47.227885124184596,-179.094053502622,-87.6000000000003,135.272057027598
47,-141.549075351226,0,0,-144,16.7809278124218,-103.4,-45.3450967019617,134.415093538314
48,-35.875307682281296,0,0,-147,-22.2454460687545,-2.0260556645093802e-13,-8.582324768424651e-14,133.370138386473
49,117.425807786743,0,0,-150,-13.4579419515625,103.4,45.345096701961495,132.138653036345
50,245.735468852337,0,0,-153,1.3190555181706,179.094053502622,87.6000000000001,130.722359831544
51,329.68085697312097,0,0,-156,25.872509323053603,206.8,123.885108063883,129.123239586185
52,319.034081126035,0,0,-159,19.8688480658523,179.094053502622,151.727650743034,127.34352881452699
53,204.84041336885102,0,0,-162,-31.1755080000065,103.4,169.230204765845,125.385716603013
54,145.483998583034,0,0,-165,12.031457453982902,2.27931262257305e-13,175.2,123.252541129051
55,5.8883878614349605,0,0,-168,-12.888802735840098,-103.4,169.230204765845,120.94698583143101
56,-86.35291727607691,0,0,-171,-6.458789754200191,-179.094053502622,151.727650743034,118.47227523771099
57,-119.752868222759,0,0,-174,21.3301532589281,-206.8,123.885108063883,115.831870454429
58,-158.67226537207,0,0,-177,-3.20767619587642,-179.094053502622,87.6,113.029464326428
59,-150.198708039576,0,0,-180,-22.2127810136177,-103.4,45.3450967019617,110.06897627208001
60,-93.9626057282399,0,0,-183,-17.917152529865803,-9.87958146839616e-13,4.1849677786823205e-13,106.954546801627
61,-14.631432785225801,0,0,-186,9.62313219043799,103.4,-45.345096701961495,103.690531726298
62,-64.92255999224909,0,0,-189,-67.6981095611912,179.094053502622,-87.5999999999998,100.28149606632
63,-39.3285535148021,0,0,-192,-26.975653117238696,206.8,-123.885108063883,96.7322076663197
64,-26.3677932864301,0,0,-195,48.2181734269193,179.094053502622,-151.727650743034,93.04763052706181
65,-218.968835312667,0,0,-198,-44.3715484096694,103.4,-169.230204765845,89.232917862847
66,-245.872175009216,0,0,-201,45.034420096509706,-4.56118534905904e-13,-175.2,85.2934048942748
67,-410.497029256747,0,0,-204,-15.1014258773575,-103.4,-169.230204765845,81.234601386455
68,-485.463732235749,0,0,-207,-24.704211933197303,-179.094053502622,-151.727650743034,77.0621839431035
69,-479.978351106519,0,0,-210,-12.075231109933199,-206.8,-123.885108063883,72.7819880672981
70,-380.320729355117,0,0,-213,30.973324147504602,-179.094053502622,-87.6,68.4
71,-282.117077770849,0,0,-216,18.7056705833573,-103.4,-45.3450967019614,63.9223483477549
72,-168.525820377521,0,0,-219,-8.881115888802919,-3.03908349676407e-13,-1.2873487152636999e-13,59.355295511281994
73,-15.243179309684301,0,0,-222,3.3064950614149398,103.39999999999901,45.345096701961204,54.705228926940606
74,51.8674333782186,0,0,-225,-39.805272257725704,179.094053502622,87.5999999999998,49.978652133322804
75,128.236526188222,0,0,-228,-19.6307575511279,206.8,123.885108063883,45.1821756754669
76,118.14620307666401,0,0,-231,-21.9980090284032,179.094053502622,151.727650743034,40.3225078594118
77,43.1796011347124,0,0,-234,-30.8570490011574,103.4,169.230204765845,35.4064453700249
78,3.78840218673854,0,0,-237,35.1475384215136,1.06393523425872e-12,175.2,30.4408637652238
79,-224.952610611439,0,0,-240,-76.2155232371708,-103.4,169.230204765845,25.432707859886698
80,-266.08531219549303,0,0,-243,-16.107891448805002,-179.094053502622,151.727650743034,20.388982012900698
81,-287.756933557855,0,0,-246,25.8412180473295,-206.8,123.885108063883,15.3167403309325
82,-328.182042909066,0,0,-249,2.08893379093358,-179.09405350262298,87.60000000000059,10.2230768026229
83,-316.584938510681,0,0,-252,-11.6451505896445,-103.4,45.3450967019614,5.11511537700132
84,-266.3401821246,0,0,-255,-11.3401821245998,-3.5455974128914203e-13,1.50190683447431e-13,1.67531682123358e-14
85,-183.451699067267,0,0,-258,21.6085130116961,103.4,-45.34509670196179,-5.1151153770013496
86,-124.695619337447,0,0,-261,55.033403962554296,179.094053502622,-87.5999999999998,-10.223076802622801
87,-205.77296197130102,0,0,-264,-9.37111357648611,206.8,-123.885108063883,-15.3167403309325
88,-307.810765877102,0,0,-267,-47.788186623789905,179.094053502622,-151.727650743033,-20.388982012900602
89,-355.251400777418,0,0,-270,6.01151184831344,103.4,-169.230204765845,-25.432707859886698
90,-532.023336224402,0,0,-273,-53.3824724591782,-3.54815751680435e-13,-175.2,-30.4408637652238
91,-584.66599313485,0,0,-276,-0.6293429989808779,-103.4,-169.230204765845,-35.4064453700248
92,-651.157167772509,0,0,-279,-1.01295566744211,-179.094053502621,-151.727650743034,-40.3225078594117
93,-615.337941398569,0,0,-282,42.5293423407811,-206.8,-123.885108063883,-45.182175675466794
94,-625.067367378992,0,0,-285,-23.3946617430468,-179.094053502622,-87.6000000000001,-49.978652133322804
95,-520.624819242231,0,0,-288,-29.174493613329002,-103.4,-45.345096701961495,-54.705228926940606
96,-350.555483688836,0,0,-291,-0.20018817755377102,-4.0521113290187604e-13,-1.7164649536849302e-13,-59.3552955112819
97,-237.179326652468,0,0,-294,-28.0020750066737,103.39999999999901,45.3450967019611,-63.92234834775479
98,-75.9739228754133,0,0,-297,22.732023621965297,179.094053502622,87.5999999999998,-68.4
99,-36.5146568830189,0,0,-300,5.5822231203960095,206.8,123.885108063883,-72.7819880672981
100,-52.9569233181809,0,0,-303,-3.7164436207328797,179.094053502622,151.727650743034,-77.0621839431035
101,-121.141316568964,0,0,-306,-6.5369199483538605,103.4,169.230204765845,-81.234601386455
102,-222.96791914545398,0,0,-309,-3.8745142511800297,1.16523801748419e-12,175.2,-85.2934048942747
103,-343.68665204338697,0,0,-312,-8.28393894638505,-103.4,169.230204765845,-89.2329178628469
104,-468.281545304808,0,0,-315,-32.867512018157896,-179.094053502622,151.727650743034,-93.04763052706181
105,-482.120113519335,0,0,-318,15.526986083101301,-206.8,123.885108063883,-96.7322076663197
106,-518.835512109954,0,0,-321,-6.059962541011901,-179.094053502622,87.6000000000001,-100.28149606632
107,-439.36754743468805,0,0,-324,46.377887589649,-103.40000000000099,45.3450967019621,-103.690531726298
108,-435.266365175898,0,0,-327,-1.31181837427159,-4.558625245146111e-13,1.93102307289555e-13,-106.954546801626
109,-425.77128644365195,0,0,-330,-43.7572134696097,103.39999999999901,-45.3450967019611,-110.06897627208001
110,-323.855192056842,0,0,-333,30.680218766963602,179.094053502622,-87.6000000000003,-113.029464326428
111,-335.843068150815,0,0,-336,33.0739103674978,206.8,-123.885108063883,-115.831870454429
112,-444.21379955335703,0,0,-339,-14.1079270752343,179.094053502622,-151.727650743033,-118.47227523771099
113,-568.763252471856,0,0,-342,-39.9860618745806,103.4,-169.230204765845,-120.94698583143101
114,-585.114270699112,0,0,-345,58.3382704299382,1.2158894090969198e-12,-175.2,-123.252541129051
115,-725.0879183735809,0,0,-348,20.9280029952773,-103.40000000000099,-169.230204765845,-125.385716603013
116,-834.7134631973461,0,0,-351,-25.5482301371633,-179.094053502622,-151.727650743034,-127.34352881452699
117,-843.0225065550541,0,0,-354,-29.214158904986302,-206.8,-123.885108063883,-129.123239586185
118,-669.316255229131,0,0,-357,85.10015810503549,-179.094053502622,-87.6000000000001,-130.722359831544
119,-663.054932480065,0,0,-360,-22.171182741756898,-103.40000000000099,-45.3450967019621,-132.138653036345
120,-494.201562248152,0,0,-363,2.16857613832419,-1.97591629367923e-12,-8.369935557364641e-13,-133.370138386473
121,-341.519963270958,0,0,-366,10.1500335653936,103.4,45.3450967019617,-134.415093538314
122,-266.16215876941396,0,0,-369,-28.584155244437397,179.094053502622,87.5999999999997,-135.272057027598
123,-237.32023998295898,0,0,-372,-60.0655177334457,206.8,123.885108063883,-135.939830313396
124,-124.91067069206998,0,0,-375,55.6851045166593,179.094053502622,151.727650743033,-136.417479454385
125,-237.75070842044101,0,0,-378,4.32342322876699,103.4,169.230204765845,-136.704336415053
126,-341.242036053734,0,0,-381,1.35796394626621,-2.0286157684223102e-13,175.2,-136.8
127,-419.58760081839597,0,0,-384,35.2865308308129,-103.40000000000099,169.230204765845,-136.704336415053
128,-519.320321646169,0,0,-387,31.4635605678035,-179.094053502621,151.727650743034,-136.417479454385
129,-627.793754481585,0,0,-390,-18.939032232072503,-206.8,123.885108063883,-135.939830313396
130,-641.448627123969,0,0,-393,-21.68251659375,-179.094053502622,87.6000000000001,-135.272057027598
131,-591.918839049284,0,0,-396,-3.4488422129322602,-103.4,45.345096701961495,-134.415093538314
132,-560.821672600997,0,0,-399,-28.451534214524102,9.12237069811807e-13,-3.8642150539416997e-13,-133.370138386473
133,-463.174967010301,0,0,-402,12.908782728006301,103.39999999999901,-45.3450967019611,-132.138653036345
134,-424.210703450468,0,0,-405,20.0176028784542,179.094053502622,-87.5999999999997,-130.722359831544
135,-472.299760919072,0,0,-408,-18.0914132690037,206.8,-123.885108063883,-129.123239586185
136,-544.883040405169,0,0,-411,-33.905914350229395,179.094053502622,-151.727650743034,-127.34352881452699
137,-599.617675436204,0,0,-414,5.59824593265455,103.39999999999901,-169.230204765845,-125.385716603013
138,-706.990961234261,0,0,-417,8.461579894788361,1.3171921923223899e-12,-175.2,-123.252541129051
139,-776.794811233841,0,0,-420,36.782379363434295,-103.39999999999901,-169.230204765845,-120.94698583143101
140,-883.2433608696409,0,0,-423,-10.9493813862743,-179.094053502622,-151.727650743034,-118.47227523771099
141,-861.1746616174719,0,0,-426,11.3423169008414,-206.8,-123.88510806388399,-115.831870454429
142,-790.066005996338,0,0,-429,18.6575118327113,-179.094053502621,-87.5999999999996,-113.029464326428
143,-670.9574264835501,0,0,-432,19.856646490493,-103.40000000000099,-45.3450967019621,-110.06897627208001
144,-548.810882600314,0,0,-435,-6.85633579868675,-6.07816699352814e-13,-2.5746974305273997e-13,-106.954546801627
145,-398.63373868011803,0,0,-438,-5.688303655781901,103.4,45.3450967019616,-103.690531726298
146,-268.933128569827,0,0,-441,5.65431399387372,179.094053502621,87.5999999999992,-100.28149606632
147,-221.49803447485803,0,0,-444,-11.450934872421401,206.8,123.885108063883,-96.7322076663197
148,-229.063067083792,0,0,-447,-19.8371408023866,179.094053502622,151.727650743033,-93.04763052706171
149,-235.0795053681,0,0,-450,31.523207728901802,103.4,169.230204765845,-89.232917862847
150,-375.90526828376505,0,0,-453,-12.8118633894904,-1.0155879361676198e-13,175.2,-85.2934048942748
151,-476.749448387239,0,0,-456,-5.34505176663067,-103.399999999998,169.230204765845,-81.2346013864551
152,-566.666202577054,0,0,-459,-3.23761587436378,-179.094053502621,151.727650743034,-77.06218394310359
153,-626.021771325013,0,0,-462,-8.32489132159867,-206.8,123.885108063883,-72.7819880672981
154,-677.491304662082,0,0,-465,-52.5972511594598,-179.094053502622,87.60000000000021,-68.4000000000001
155,-582.060589770714,0,0,-468,7.91666187507925,-103.4,45.3450967019616,-63.9223483477549
156,-510.734909004568,0,0,-471,19.620386506715104,-2.12787046851744e-12,9.013609914996491e-13,-59.355295511281994
157,-462.436104271197,0,0,-474,8.21422135770609,103.39999999999901,-45.345096701961005,-54.705228926940606
158,-448.692576891794,0,0,-477,-13.207978261092501,179.094053502621,-87.5999999999997,-49.978652133322804
159,-505.77813875320504,0,0,-480,-63.5108550138548,206.8,-123.885108063883,-45.1821756754669
160,-517.840926469019,0,0,-483,-21.884821369195,179.094053502622,-151.727650743034,-40.3225078594118
161,-583.0664970974569,0,0,-486,4.17015303841099,103.40000000000201,-169.230204765845,-35.4064453700248
162,-668.605381189525,0,0,-489,26.035482575697397,1.4184949755478601e-12,-175.2,-30.4408637652238
163,-750.877261368479,0,0,-492,39.185651257252104,-103.39999999999901,-169.230204765845,-25.4327078598868
164,-910.152143654769,0,0,-495,-63.941457396213295,-179.09405350262,-151.727650743034,-20.3889820129008
165,-824.349292288617,0,0,-498,19.6525561061994,-206.8,-123.88510806388399,-15.316740330932697
166,-772.613268072216,0,0,-501,5.303862233028309,-179.094053502621,-87.5999999999996,-10.223076802622801
167,-698.056069086604,0,0,-504,-40.1958570076434,-103.39999999999901,-45.345096701961005,-5.11511537700134
168,-522.669197265549,0,0,-507,-15.669197265548199,-7.091194825782829e-13,-3.0038136689486306e-13,-3.35063364246716e-14
169,-333.554007032069,0,0,-510,22.5857808889679,103.4,45.3450967019616,5.1151153770013895
170,-241.61366120637797,0,0,-513,-5.530791511623,179.094053502622,87.60000000000021,10.223076802622801
171,-153.172295768667,0,0,-516,16.825855836518098,206.8,123.885108063883,15.3167403309325
172,-150.520994513399,0,0,-519,17.2683192280444,179.09405350262298,151.727650743033,20.388982012900602
173,-216.52360402721402,0,0,-522,7.413483347054501,103.40000000000099,169.230204765845,25.4327078598866
174,-322.853014129901,0,0,-525,-3.4938778951282,2.93854874471248e-12,175.2,30.4408637652238
175,-423.42349422009005,0,0,-528,3.33985564403834,-103.399999999998,169.230204765845,35.4064453700248
176,-517.241046786685,0,0,-531,0.8028481134904979,-179.094053502621,151.727650743034,40.3225078594116
177,-609.062364138014,0,0,-534,-37.329647877363,-206.8,123.885108063883,45.1821756754669
178,-586.883077594829,0,0,-537,-8.367676225529701,-179.094053502622,87.60000000000021,49.978652133322896
179,-566.58335250864,0,0,-540,-23.2336781375425,-103.4,45.3450967019616,54.705228926940606
180,-466.97740271299796,0,0,-543,16.667301775719302,7.09631503360869e-13,-3.00598257709923e-13,59.3552955112819
181,-431.406853216834,0,0,-546,-7.384104862626341,103.39999999999901,-45.345096701961005,63.92234834775479
182,-411.948197637917,0,0,-549,-22.842251140538398,179.094053502621,-87.5999999999996,68.4
183,-397.115821725532,0,0,-552,-0.8127017289465369,206.8,-123.885108063883,72.781988067298
184,-431.372834304669,0,0,-555,19.1985789926376,179.09405350262298,-151.727650743033,77.0621839431034
185,-528.010286036454,0,0,-558,14.5853173429335,103.40000000000201,-169.230204765845,81.23460138645491
186,-694.610851718108,0,0,-561,-43.7042566123837,1.5197977587733302e-12,-175.2,85.2934048942746
187,-816.228398152028,0,0,-564,-68.8311112490291,-103.40000000000201,-169.230204765845,89.232917862847
188,-826.967248430273,0,0,-567,-22.1931747116793,-179.094053502622,-151.727650743034,93.04763052706181
189,-834.260738501497,0,0,-570,-30.307838103933502,-206.8,-123.885108063883,96.7322076663197
190,-794.830499899495,0,0,-573,-55.4179424631942,-179.094053502621,-87.5999999999997,100.28149606632
191,-612.726911215361,0,0,-576,8.32765376030432,-103.40000000000099,-45.345096701962206,103.690531726298
192,-494.634192886322,0,0,-579,-22.588739687946898,-8.104222658037521e-13,-3.4329299073698604e-13,106.954546801626
193,-330.25418503715696,0,0,-582,-7.06825801119846,103.4,45.3450967019616,110.06897627208001
194,-251.8503666441,0,0,-585,-46.573884473147494,179.094053502621,87.59999999999908,113.029464326428
195,-153.798127032953,0,0,-588,-12.315105551264901,206.8,123.885108063883,115.831870454429
196,-97.2309009216744,0,0,-591,44.47511959495849,179.09405350262298,151.727650743033,118.47227523771099
197,-192.878586057329,0,0,-594,7.54422334539295,103.40000000000299,169.230204765844,120.94698583143101
198,-270.480101849813,0,0,-597,28.067357021135802,1.01046772834176e-13,175.2,123.252541129051
199,-383.290413058537,0,0,-600,25.493665572605902,-103.4,169.230204765845,125.385716603013
200,-472.98126548521896,0,0,-603,30.0416084598425,-179.094053502622,151.727650743033,127.34352881452699
201,-541.232449487762,0,0,-606,18.559202862170103,-206.8,123.88510806388399,129.123239586185
202,-550.624190456713,0,0,-609,19.1475032143655,-179.094053502622,87.60000000000021,130.722359831544
203,-588.185060288725,0,0,-612,-50.2688100270315,-103.4,45.3450967019616,132.138653036345
204,-455.547899550624,0,0,-615,26.0819620629037,-2.33047603496837e-12,9.87184239183896e-13,133.370138386473
205,-445.62488424627503,0,0,-618,-20.094881082626603,103.399999999998,-45.3450967019609,134.415093538314
206,-433.99638600034103,0,0,-621,-39.7624965305601,179.094053502621,-87.5999999999996,135.272057027598
207,-380.649544609665,0,0,-624,24.4957331408219,206.8,-123.885108063882,135.939830313396
208,-459.975617189389,0,0,-627,3.24050059663701,179.094053502622,-151.727650743034,136.417479454385
209,-565.414246853422,0,0,-630,-6.2883785026293895,103.39999999999901,-169.230204765845,136.704336415053
210,-678.129124472913,0,0,-633,-6.729124472911849,-1.31770421310498e-12,-175.2,136.8
211,-717.724023083936,0,0,-636,54.201845266854896,-103.39999999999901,-169.230204765845,136.704336415053
212,-845.93487280984,0,0,-639,-12.530648018570199,-179.094053502622,-151.727650743034,136.417479454385
213,-809.6956038223799,0,0,-642,27.0496739281076,-206.8,-123.885108063883,135.939830313396
214,-787.9850266621,0,0,-645,-11.5630301870743,-179.09405350262298,-87.6000000000008,135.272057027598
215,-673.861058392061,0,0,-648,-11.5310552284111,-103.40000000000099,-45.3450967019623,134.415093538314
216,-484.94462163537804,0,0,-651,32.6852399781496,-9.117250490292221e-13,-3.8620461457910903e-13,133.370138386473
217,-342.714194059839,0,0,-654,30.402056201859104,103.39999999999701,45.345096701960294,132.138653036345
218,-272.331524546389,0,0,-657,-12.747937880552499,179.094053502621,87.59999999999901,130.722359831544
219,-225.986196364972,0,0,-660,-25.794544015040103,206.8,123.885108063883,129.123239586185
220,-207.96846863249698,0,0,-663,-3.13370169267936,179.094053502621,151.727650743034,127.34352881452699
221,-296.33756935003,0,0,-666,-28.353490718888303,103.40000000000099,169.230204765845,125.385716603013
222,-323.203905019219,0,0,-669,47.34355385172971,2.02349556059645e-13,175.2,123.252541129051
223,-529.7638604136889,0,0,-672,-44.5410510109641,-103.4,169.230204765845,120.94698583143101
224,-583.764131433641,0,0,-675,0.129996088234855,-179.094053502621,151.727650743034,118.47227523771099
225,-654.026469197398,0,0,-678,-8.943447715711429,-206.8,123.88510806388399,115.831870454429
226,-639.760634214448,0,0,-681,19.7039549617463,-179.094053502622,87.6000000000003,113.029464326428
227,-619.464270246704,0,0,-684,12.5216567792552,-103.40000000000299,45.3450967019629,110.06897627208001
228,-572.022619578903,0,0,-687,8.0228336194715,-2.4317788181938397e-12,1.03009586302602e-12,106.954546801627
229,-499.13500912673203,0,0,-690,29.119555848932098,103.399999999998,-45.3450967019609,103.690531726298
230,-479.339852400616,0,0,-693,21.8845980304415,179.09405350262298,-87.60000000000059,100.28149606632
231,-487.865141820293,0,0,-696,28.487758577270004,206.8,-123.885108063883,96.7322076663197
232,-532.124864830462,0,0,-699,46.461101882888094,179.094053502622,-151.727650743034,93.04763052706181
233,-658.884388624662,0,0,-702,19.7128982783368,103.39999999999901,-169.230204765845,89.232917862847
234,-789.8029371988761,0,0,-705,5.10365790684776,1.72240332522427e-12,-175.2,85.2934048942748
235,-903.6566755984261,0,0,-708,-4.261072219036721,-103.39999999999901,-169.230204765845,81.2346013864551
236,-942.5099333212489,0,0,-711,22.249586981303,-179.094053502622,-151.727650743034,77.06218394310359
237,-963.282002428248,0,0,-714,8.62111756833757,-206.8,-123.88510806388399,72.7819880672982
238,-868.744982496911,0,0,-717,46.5490710057131,-179.09405350262298,-87.6000000000008,68.4000000000002
239,-829.245038237675,0,0,-720,-24.4222898834661,-103.40000000000099,-45.3450967019623,63.9223483477549
240,-658.596301611832,0,0,-723,5.04840287689129,-3.95183258735846e-12,-1.67398711147293e-12,59.355295511281994
241,-525.061143296359,0,0,-726,-2.51146892526098,103.4,45.345096701961495,54.7052289269407
242,-380.95446135803803,0,0,-729,31.372833006016997,179.094053502622,87.6000000000001,49.978652133322704
243,-360.976601682762,0,0,-732,-4.84388542211243,206.8,123.885108063883,45.182175675466794
244,-332.042881474752,0,0,-735,31.812906420179996,179.09405350262298,151.727650743033,40.3225078594117
245,-423.643629863446,0,0,-738,6.31972000068372,103.40000000000099,169.230204765845,35.4064453700249
246,-514.651833899134,0,0,-741,20.7073023356392,3.2424570943888904e-12,175.2,30.4408637652239
247,-611.975310032894,0,0,-744,40.761777341374895,-103.4,169.230204765845,25.4327078598868
248,-762.295481826346,0,0,-747,-8.31806107965949,-179.094053502621,151.727650743034,20.3889820129008
249,-783.9044839263519,0,0,-750,33.693667678831304,-206.8,123.88510806388399,15.316740330932697
250,-850.2631053754241,0,0,-753,-15.9921286754253,-179.094053502622,87.6000000000003,10.223076802623
251,-824.7280280763831,0,0,-756,-15.788240155347399,-103.399999999998,45.3450967019605,5.11511537700136
252,-794.295786677469,0,0,-759,-35.295786677469,4.0572315368446204e-13,-1.7186338618355402e-13,5.0259504637007396e-14
253,-699.576309790902,0,0,-762,9.48390228806178,103.399999999998,-45.3450967019609,-5.11511537700125
254,-632.309256825505,0,0,-765,51.4197664744956,179.09405350262298,-87.60000000000059,-10.2230768026227
255,-738.810717725771,0,0,-768,-38.408869330956,206.8,-123.885108063883,-15.3167403309326
256,-745.535386797041,0,0,-771,18.487192456269398,179.09405350262298,-151.727650743033,-20.388982012900698
257,-866.0173858759331,0,0,-774,-0.7544732502006121,103.4,-169.230204765845,-25.432707859886698
258,-1001.7414896315801,0,0,-777,-19.1006258663607,1.82370610844974e-12,-175.2,-30.4408637652238
259,-1110.6538118171302,0,0,-780,-22.617161681265397,-103.399999999996,-169.230204765845,-35.406445370024706
260,-1150.81801389396,0,0,-783,3.32619821110268,-179.094053502622,-151.727650743034,-40.3225078594116
261,-1110.51651677822,0,0,-786,51.350766961132095,-206.8,-123.88510806388399,-45.1821756754667
262,-1087.44784873613,0,0,-789,18.224856899812103,-179.094053502622,-87.5999999999998,-49.978652133322896
263,-975.271012400474,0,0,-792,20.1793132284302,-103.40000000000099,-45.3450967019623,-54.705228926940606
264,-857.5802637479269,0,0,-795,-3.22496823664719,1.8244741396236103e-12,7.728430107883399e-13,-59.3552955112819
265,-716.91480407666,0,0,-798,-3.73755243086658,103.4,45.3450967019614,-63.92234834775479
266,-583.828072353079,0,0,-801,18.8778741443018,179.094053502621,87.59999999999901,-68.39999999999989
267,-559.770929008322,0,0,-804,-13.674049004907,206.8,123.885108063883,-72.7819880672979
268,-506.167783647738,0,0,-807,47.0726960497091,179.09405350262298,151.727650743033,-77.0621839431035
269,-546.590472979731,0,0,-810,72.0139236408765,103.40000000000299,169.230204765844,-81.234601386455
270,-702.5174455410339,0,0,-813,20.57595935324,4.049551225105829e-13,175.2,-85.2934048942747
271,-870.6358702634869,0,0,-816,-31.233157166487103,-103.399999999998,169.230204765845,-89.2329178628469
272,-987.334159774229,0,0,-819,-47.9201264875782,-179.094053502622,151.727650743034,-93.0476305270619
273,-1082.55470371912,0,0,-822,-80.90760411668309,-206.8,123.88510806388399,-96.7322076663198
274,-1003.7568301602,0,0,-825,13.0187194087394,-179.094053502621,87.5999999999993,-100.28149606632
275,-982.1926112522259,0,0,-828,7.55282377211042,-103.4,45.34509670196179,-103.690531726298
276,-907.827911406566,0,0,-831,30.1266353950616,-2.6343843846447798e-12,1.11591911071027e-12,-106.954546801626
277,-858.2038728620939,0,0,-834,27.810200111946997,103.40000000000099,-45.34509670196201,-110.06897627208001
278,-822.0032012622349,0,0,-837,36.5322095615713,179.094053502621,-87.59999999999951,-113.029464326428
279,-849.3968690131751,0,0,-840,23.520109505136197,206.8,-123.885108063882,-115.831870454429
280,-890.5162083256531,0,0,-843,43.589664152469396,179.094053502622,-151.727650743034,-118.47227523771099
281,-1008.59217001181,0,0,-846,24.185020585467,103.40000000000201,-169.230204765844,-120.94698583143101
282,-1159.7601289306301,0,0,-849,-12.307587801581303,4.86381364677898e-12,-175.2,-123.252541129051
283,-1260.7800719412,0,0,-852,-10.7641505723401,-103.39999999999901,-169.230204765845,-125.385716603013
284,-1337.04928480004,0,0,-855,-23.8840517398568,-179.09405350262298,-151.727650743033,-127.34352881452699
285,-1274.07329822192,0,0,-858,43.735049428150994,-206.8,-123.885108063883,-129.123239586185
286,-1251.48430236971,0,0,-861,6.93211096446046,-179.09405350262298,-87.60000000000092,-130.722359831544
287,-1153.9522865693,0,0,-864,-9.06853683099919,-103.39999999999901,-45.345096701961204,-132.138653036345
288,-983.343542613443,0,0,-867,17.0265957730318,-1.21563339870563e-12,-5.14939486105479e-13,-133.370138386473
289,-863.722785793183,0,0,-870,-8.05278895682594,103.39999999999701,45.3450967019602,-134.415093538314
290,-813.452829904374,0,0,-873,-71.8748263793986,179.094053502622,87.6,-135.272057027598
291,-632.739637590007,0,0,-876,48.515084659505796,206.8,123.885108063882,-135.939830313396
292,-719.599149274102,0,0,-879,-35.003374065373805,179.094053502624,151.727650743033,-136.417479454385
293,-758.7847118527119,0,0,-882,-12.7105802035049,103.40000000000099,169.230204765845,-136.704336415053
294,-875.17158386991,0,0,-885,-28.571583869908,-2.43254684936772e-12,175.2,-136.8
295,-959.051716888264,0,0,-888,-0.17758523905532503,-103.4,169.230204765845,-136.704336415053
296,-1032.45704090597,0,0,-891,22.3268413079977,-179.094053502621,151.727650743034,-136.417479454385
297,-1084.43900104178,0,0,-894,28.4157212077282,-206.8,123.885108063883,-135.939830313396
298,-1116.00338930806,0,0,-897,7.7627212221568,-179.094053502622,87.6000000000004,-135.272057027598
299,-1053.85580461269,0,0,-900,38.614192223660496,-103.40000000000299,45.345096701962994,-134.415093538314
300,-1031.27395116968,0,0,-903,5.0961872167946,2.0311758723352397e-13,-8.60401384993071e-14,-133.370138386473
301,-971.330804455271,0,0,-906,8.752945283036249,103.399999999998,-45.34509670196079,-132.138653036345
302,-959.1930025730991,0,0,-909,-10.964696244176302,179.09405350262,-87.5999999999984,-130.722359831544
303,-959.244264771988,0,0,-912,-1.03591712192034,206.8,-123.885108063883,-129.123239586185
304,-980.708414986233,0,0,-915,34.268711068703496,179.094053502624,-151.727650743033,-127.34352881452699
305,-1123.57766208042,0,0,-918,-14.3617407115641,103.4,-169.230204765845,-125.385716603013
306,-1191.7648562444,0,0,-921,27.6876848846528,2.02631167490067e-12,-175.2,-123.252541129051
307,-1332.28367762927,0,0,-924,-14.7064870319957,-103.40000000000099,-169.230204765845,-120.94698583143101
308,-1363.23355522761,0,0,-927,13.0604242557579,-179.094053502622,-151.727650743034,-118.47227523771099
309,-1385.8567085192801,0,0,-930,-9.3397300009664,-206.8,-123.88510806388399,-115.831870454429
310,-1269.18756568146,0,0,-933,43.535952147590294,-179.094053502622,-87.59999999999991,-113.029464326428
311,-1208.04247624048,0,0,-936,-13.228403266438802,-103.40000000000201,-45.3450967019624,-110.06897627208001
312,-1029.92022759476,0,0,-939,16.0343192068725,-4.25574093703487e-12,-1.8027219829993e-12,-106.954546801627
313,-901.76379953381,0,0,-942,-4.818364509472961,103.39999999999901,45.3450967019614,-103.690531726298
314,-817.311897485062,0,0,-945,-38.7244549213606,179.09405350262,87.59999999999891,-100.28149606632
315,-726.0524138050571,0,0,-948,-12.0053142026209,206.8,123.885108063883,-96.7322076663197
316,-732.211658599296,0,0,-951,-18.9857323178902,179.09405350262298,151.727650743033,-93.04763052706181
317,-788.499521607623,0,0,-954,-17.8968085106193,103.399999999998,169.230204765845,-89.232917862847
318,-891.114532906922,0,0,-957,-24.0211280126479,6.07560688961521e-13,175.2,-85.2934048942748
319,-947.921052561942,0,0,-960,27.483344058665,-103.39999999999701,169.230204765845,-81.2346013864551
320,-1104.12455723885,0,0,-963,-36.6959705361579,-179.094053502622,151.727650743034,-77.06218394310359
321,-1126.69158468347,0,0,-966,-4.99470468005837,-206.8,123.88510806388399,-72.7819880672982
322,-1066.23459841622,0,0,-969,62.659455086405295,-179.094053502624,87.6000000000015,-68.4
323,-1114.8264220307499,0,0,-972,-20.8491703849604,-103.4,45.3450967019619,-63.9223483477549
324,-1005.8721513029301,0,0,-975,28.483144208354698,-2.8369899510957203e-12,1.20174235839451e-12,-59.355295511281994
325,-1033.70375068325,0,0,-978,-59.05342505434171,103.399999999996,-45.3450967019595,-54.7052289269407
326,-964.811745432201,0,0,-981,-25.3271468015,179.094053502621,-87.59999999999941,-49.978652133323
327,-916.2462801866251,0,0,-984,30.021003552725702,206.8,-123.88510806388399,-45.182175675466794
328,-956.098400440057,0,0,-987,43.857704659762106,179.094053502625,-151.727650743032,-40.3225078594119
329,-1119.84421952378,0,0,-990,-28.607569387911,103.40000000000201,-169.230204765844,-35.4064453700249
330,-1257.77532244066,0,0,-993,-59.134458675439205,5.0664192132299195e-12,-175.2,-30.440863765224105
331,-1242.29499348764,0,0,-996,51.7679191380943,-103.39999999999901,-169.230204765845,-25.4327078598868
332,-1352.40015274256,0,0,-999,-2.18946648400039,-179.09405350262298,-151.727650743033,-20.388982012900602
333,-1345.70066127892,0,0,-1002,2.30118711589359,-206.8,-123.885108063883,-15.316740330932697
334,-1307.44442645036,0,0,-1005,-25.5272961451203,-179.09405350262,-87.5999999999988,-10.223076802622801
335,-1116.82325658813,0,0,-1008,45.0369554908411,-103.400000000004,-45.345096701963705,-5.11511537700137
336,-1035.8382690522699,0,0,-1011,-24.838269052267105,-1.4182389651565701e-12,-6.007627337897261e-13,-6.70126728493432e-14
337,-831.196917488889,0,0,-1014,28.9428704321526,103.39999999999701,45.34509670196011,5.11511537700124
338,-736.375320225358,0,0,-1017,3.70754946939695,179.094053502622,87.59999999999991,10.2230768026229
339,-660.697600352564,0,0,-1020,13.300551252621,206.8,123.885108063882,15.3167403309323
340,-665.686343231844,0,0,-1023,6.102970509600481,179.094053502621,151.727650743034,20.388982012900698
341,-736.854916945723,0,0,-1026,-8.917829571459519,103.400000000006,169.230204765844,25.4327078598864
342,-803.8079844098199,0,0,-1029,19.5511518249523,3.64766822729076e-12,175.2,30.4408637652237
343,-915.4972903044189,0,0,-1032,15.266059559710698,-103.4,169.230204765845,35.406445370025
344,-987.201684383132,0,0,-1035,34.8422105170431,-179.094053502621,151.727650743034,40.3225078594116
345,-1043.63295925437,0,0,-1038,32.0997570062835,-206.8,123.885108063883,45.1821756754669
346,-1059.9846121032401,0,0,-1041,22.530789266059898,-179.09405350262298,87.6000000000004,49.978652133322605
347,-1030.94900807804,0,0,-1044,16.4006662930583,-103.399999999998,45.345096701960706,54.7052289269405
348,-958.336697178326,0,0,-1047,29.3080073103957,-5.87709748942496e-12,2.48952485528833e-12,59.3552955112819
349,-873.839633673467,0,0,-1050,54.1831146807406,103.399999999998,-45.345096701960706,63.92234834775479
350,-897.122908846385,0,0,-1053,-4.01696234900631,179.09405350262,-87.5999999999983,68.39999999999989
351,-899.116848773974,0,0,-1056,1.1862712226109,206.8,-123.885108063883,72.7819880672981
352,-935.740167501866,0,0,-1059,18.831245795439802,179.094053502624,-151.727650743033,77.06218394310329
353,-1039.27701305604,0,0,-1062,7.31859032335207,103.4,-169.230204765845,81.234601386455
354,-563.976143563455,1,0,-1065,1.3866875468238797,-3.6486922688559395e-12,-175.2,85.2934048942749
355,-1244.05895484186,0,0,-1068,7.33833206113317,-103.399999999996,-169.230204765845,89.2329178628469
356,-1332.58742540091,0,0,-1071,-23.813351682315698,-179.094053502621,-151.727650743034,93.0476305270619
357,-1340.16714886365,0,0,-1074,-32.214248466082395,-206.8,-123.88510806388399,96.7322076663196
358,-1258.54925981129,0,0,-1077,-15.1367023749914,-179.094053502622,-87.59999999999991,100.28149606632
359,-1133.86069470517,0,0,-1080,-8.80612972950717,-103.40000000000201,-45.3450967019625,103.690531726298
360,-959.3778069051269,0,0,-1083,16.6676462932441,1.41926300672174e-12,6.01196515419847e-13,106.954546801626
361,-831.510881309399,0,0,-1086,-4.32495428343222,103.399999999994,45.345096701958894,110.06897627208001
362,-685.218390546856,0,0,-1089,24.0580916240974,179.09405350262,87.5999999999988,113.029464326428
363,-621.280664540206,0,0,-1092,24.2023569414818,206.8,123.885108063883,115.831870454429
364,-638.569198660746,0,0,-1095,7.136821855886179,179.09405350262298,151.727650743033,118.47227523771099
365,-681.43808318967,0,0,-1098,22.984726213055897,103.39999999999901,169.230204765845,120.94698583143101
366,-827.696427279245,0,0,-1101,-25.148968408297,8.1016625541246e-13,175.2,123.252541129051
367,-904.8337019839411,0,0,-1104,7.9503766472039405,-103.40000000000201,169.230204765844,125.385716603013
368,-1035.21729302358,0,0,-1107,-28.1944190785182,-179.094053502619,151.72765074303499,127.34352881452699
369,-1052.39037448144,0,0,-1110,11.4012778684915,-206.8,123.88510806388399,129.123239586185
370,-1106.6876995797,0,0,-1113,-32.91600590861739,-179.094053502624,87.6000000000016,130.722359831544
371,-1042.0864371413,0,0,-1116,-0.17018687960996803,-103.40000000000099,45.3450967019619,132.138653036345
372,-976.87414260914,0,0,-1119,8.755719004387961,-3.0395955175466603e-12,1.28756560607876e-12,133.370138386473
373,-985.242229827564,0,0,-1122,-55.712226663916596,103.4,-45.3450967019619,134.415093538314
374,-937.75734409229,0,0,-1125,-39.52345462251029,179.094053502624,-87.6000000000015,135.272057027598
375,-904.413758444966,0,0,-1128,4.73151930552085,206.8,-123.885108063882,135.939830313396
376,-903.887151253194,0,0,-1131,63.3289665328321,179.094053502622,-151.727650743034,136.417479454385
377,-1055.73310476899,0,0,-1134,7.3927635817982,103.40000000000299,-169.230204765844,136.704336415053
378,-1227.0255088527,0,0,-1137,-51.6255088527032,-6.08584730526693e-13,-175.2,136.8
379,-1246.53116978526,0,0,-1140,29.3946985655334,-103.39999999999901,-169.230204765845,136.704336415053
380,-1324.77143597724,0,0,-1143,12.6327888140273,-179.09405350262298,-151.727650743033,136.417479454385
381,-1353.5048355004901,0,0,-1146,-12.759557749997999,-206.8,-123.885108063885,135.939830313396
382,-1275.36361902784,0,0,-1149,5.05837744718453,-179.09405350262298,-87.60000000000099,135.272057027598
383,-1121.93619005153,0,0,-1152,44.393813112128704,-103.400000000004,-45.3450967019638,134.415093538314
384,-1044.95700804643,0,0,-1155,-23.3271464329052,-1.6208445316075e-12,-6.865859814739721e-13,133.370138386473
385,-850.874293730692,0,0,-1158,26.241956530999104,103.40000000000201,45.3450967019624,132.138653036345
386,-736.354061304987,0,0,-1161,27.2295253608468,179.094053502622,87.59999999999991,130.722359831544
387,-708.6933451617709,0,0,-1164,-4.5016928118398205,206.8,123.88510806388399,129.123239586185
388,-733.637777389595,0,0,-1167,-24.8030104497795,179.094053502624,151.727650743033,127.34352881452699
389,-718.3203634880659,0,0,-1170,53.663715143075,103.40000000000099,169.230204765845,125.385716603013
390,-866.2797753006979,0,0,-1173,8.267683570247529,3.850273793741701e-12,175.2,123.252541129051
391,-951.9896023635021,0,0,-1176,37.233207039221895,-103.4,169.230204765845,120.94698583143101
392,-1066.58321838778,0,0,-1179,21.3109091340908,-179.094053502621,151.727650743034,118.47227523771099
393,-1097.6946979413601,0,0,-1182,51.3883235403261,-206.8,123.885108063883,115.831870454429
394,-1140.6324901353998,0,0,-1185,22.8320990407943,-179.094053502626,87.60000000000271,113.029464326428
395,-1122.61517321763,0,0,-1188,13.3707538083325,-103.40000000000299,45.34509670196321,110.06897627208001
396,-1096.13998830732,0,0,-1191,-12.0945351089501,-2.02093545668352e-13,8.560635686918599e-14,106.954546801626
397,-1053.64627384031,0,0,-1194,-21.3917088646452,103.399999999998,-45.3450967019606,103.690531726298
398,-965.170516300122,0,0,-1197,40.053934130936206,179.094053502622,-87.6000000000004,100.28149606632
399,-1059.02362228394,0,0,-1200,-38.670721886379106,206.8,-123.885108063883,96.73220766631991
400,-1126.77196839584,0,0,-1203,-44.1860016824845,179.094053502621,-151.727650743034,93.04763052706181
401,-1193.88381555857,0,0,-1206,-11.2865286555775,103.400000000005,-169.230204765844,89.23291786284719
402,-1285.60568031026,0,0,-1209,13.300914795466301,2.4315228078025497e-12,-175.2,85.2934048942748
403,-1405.19267078742,0,0,-1212,-1.79706740803388,-103.399999999996,-169.230204765845,81.2346013864551
404,-1477.1710493594198,0,0,-1215,-8.41152905686567,-179.094053502621,-151.727650743034,77.06218394310359
405,-1464.6130311407098,0,0,-1218,11.290088855873401,-206.8,-123.88510806388399,72.7819880672982
406,-1388.6627462464,0,0,-1221,30.6313072562249,-179.094053502622,-87.6,68.4
407,-1341.8198993304,0,0,-1224,-32.9971509761991,-103.39999999999701,-45.3450967019602,63.9223483477549
408,-1136.49908977351,0,0,-1227,31.1456147152116,-4.66095206993675e-12,-1.97436847836779e-12,59.355295511281994
409,-1020.94343322645,0,0,-1230,5.60624114465315,103.39999999999901,45.345096701961204,54.7052289269405
410,-919.515299104415,0,0,-1233,-3.1880047403567002,179.09405350262,87.5999999999987,49.978652133323
411,-900.3681457509621,0,0,-1236,-40.2354294903124,206.8,123.885108063883,45.182175675466794
412,-788.684252012364,0,0,-1239,79.17153588256821,179.09405350262298,151.727650743033,40.3225078594119
413,-925.293681836833,0,0,-1242,8.669668027298219,103.39999999999901,169.230204765845,35.4064453700249
414,-995.4174391012031,0,0,-1245,43.9416971335664,6.890381332070951e-12,175.2,30.440863765224105
415,-1164.5780330783,0,0,-1248,-7.84094570403254,-103.39999999999701,169.230204765845,25.4327078598868
416,-1236.31139789852,0,0,-1251,21.666022848164395,-179.094053502622,151.727650743034,20.388982012900602
417,-1298.64304339597,0,0,-1254,22.955108209217702,-206.8,123.88510806388399,15.316740330932697
418,-1317.6443590786,0,0,-1257,20.626617621401103,-179.094053502621,87.59999999999951,10.223076802622801
419,-1264.2130379886098,0,0,-1260,48.7267499324261,-103.40000000000099,45.34509670196201,5.1151153770013895
420,-1246.0008788069301,0,0,-1263,16.9991211930699,2.6354084262099502e-12,-1.11635289234039e-12,8.376584106167899e-14
421,-1156.8313705706098,0,0,-1266,56.228841508360205,103.399999999995,-45.3450967019594,-5.11511537700122
422,-1201.74012747509,0,0,-1269,-14.0111041750841,179.094053502621,-87.5999999999993,-10.2230768026229
423,-1205.4248940699902,0,0,-1272,-1.02304567517738,206.8,-123.885108063882,-15.3167403309323
424,-1233.52730640085,0,0,-1275,34.4952728524615,179.094053502622,-151.727650743034,-20.388982012900698
425,-1382.60253109169,0,0,-1278,-13.339618465959001,103.40000000000299,-169.230204765844,-25.4327078598864
426,-1473.8373779409,0,0,-1281,12.803485824327801,-4.05979164075755e-13,-175.2,-30.4408637652237
427,-1564.43386949896,0,0,-1284,27.6027806369101,-103.40000000000299,-169.230204765844,-35.406445370025
428,-1677.98871546452,0,0,-1287,-19.8445033594528,-179.09405350262,-151.72765074303499,-40.3225078594118
429,-1623.22109494085,0,0,-1290,42.646188798501,-206.8,-123.885108063883,-45.1821756754669
430,-1636.90967224344,0,0,-1293,-27.2369666074905,-179.09405350262298,-87.60000000000109,-49.978652133322804
431,-1534.8168578889301,0,0,-1296,-35.3665322600291,-103.4,-45.3450967019614,-54.7052289269405
432,-1375.4947737601801,0,0,-1299,-17.1394782489,-1.82345009805844e-12,-7.724092291582192e-13,-59.3552955112819
433,-1206.6702238856,0,0,-1302,10.5070277601946,103.40000000000099,45.3450967019623,-63.92234834775479
434,-1125.41779272908,0,0,-1305,-18.711846231699,179.094053502619,87.59999999999759,-68.3999999999998
435,-1057.23895642526,0,0,-1308,-7.14207642184191,206.8,123.885108063882,-72.7819880672979
436,-1035.6740839576598,0,0,-1311,21.5663957397894,179.094053502625,151.727650743033,-77.06218394310329
437,-1122.07004031005,0,0,-1314,0.534356310562103,103.40000000000099,169.230204765845,-81.2346013864548
438,-1222.80918472222,0,0,-1317,4.28422017205329,-1.82473015001491e-12,175.2,-85.2934048942749
439,-1354.04880181886,0,0,-1320,-10.646088721856401,-103.4,169.230204765845,-89.2329178628471
440,-1512.10161079262,0,0,-1323,-68.6875775059659,-179.09405350262298,151.727650743033,-93.04763052706181
441,-1487.89718252203,0,0,-1326,17.749917080400103,-206.8,123.885108063885,-96.7322076663197
442,-1475.5782785240801,0,0,-1329,45.197271044858894,-179.09405350262298,87.60000000000059,-100.28149606632
443,-1514.94580630898,0,0,-1332,-21.200371284636898,-103.40000000000299,45.3450967019633,-103.690531726298
444,-1474.5957189112803,0,0,-1335,-32.6411721096528,-4.0469911211929e-13,1.71429604553432e-13,-106.954546801626
445,-1389.08147149728,0,0,-1338,0.9326014767661209,103.399999999998,-45.3450967019605,-110.06897627208001
446,-1339.21961384656,0,0,-1341,23.3157969772459,179.094053502622,-87.6000000000003,-113.029464326428
447,-1398.9296403661401,0,0,-1344,-22.012661847827502,206.8,-123.88510806388099,-115.831870454429
448,-1410.65948767561,0,0,-1347,27.4463848025103,179.094053502624,-151.727650743033,-118.47227523771099
449,-1585.6058302655,0,0,-1350,-48.8286396682243,103.4,-169.230204765845,-120.94698583143101
450,-1618.6009597507598,0,0,-1353,32.8515813782886,2.63412837425349e-12,-175.2,-123.252541129051
451,-1758.5607119932401,0,0,-1356,-4.54479062438409,-103.40000000000099,-169.230204765845,-125.385716603013
452,-1870.6365682443302,0,0,-1359,-53.4713351841504,-179.094053502621,-151.727650743034,-127.34352881452699
453,-1884.90040968097,0,0,-1362,-63.0920620308986,-206.8,-123.885108063882,-129.123239586185
454,-1785.91652240935,0,0,-1365,-23.5001090751787,-179.094053502625,-87.60000000000221,-130.722359831544
455,-1628.30188429243,0,0,-1368,20.5818654458833,-103.40000000000201,-45.3450967019627,-132.138653036345
456,-1561.7847755891698,0,0,-1371,-57.414637202685,-4.863557636387691e-12,-2.06019172605204e-12,-133.370138386473
457,-1338.46722983136,0,0,-1374,21.2027670049976,103.39999999999901,45.3450967019611,-134.415093538314
458,-1225.6920646742801,0,0,-1377,19.885938850693897,179.09405350262,87.5999999999987,-135.272057027598
459,-1147.95976429435,0,0,-1380,37.2949579551656,206.8,123.885108063883,-135.939830313396
460,-1173.92718770587,0,0,-1383,14.668587502861302,179.09405350262,151.727650743034,-136.417479454385
461,-1313.94724778879,0,0,-1386,-63.87311613958939,103.400000000004,169.230204765844,-136.704336415053
462,-1335.22243267157,0,0,-1389,15.377567328424098,1.2153773883143403e-12,175.2,-136.8
463,-1468.0024397815303,0,0,-1392,-5.1283081323227195,-103.39999999999701,169.230204765845,-136.704336415053
464,-1530.11977388978,0,0,-1395,28.6641083241922,-179.094053502622,151.727650743034,-136.417479454385
465,-1662.51829994879,0,0,-1398,-45.66357769928221,-206.8,123.88510806388399,-135.939830313396
466,-1623.22455661713,0,0,-1401,4.54155391309196,-179.094053502621,87.5999999999996,-135.272057027598
467,-1659.3491511151,0,0,-1404,-62.8791542787457,-103.400000000006,45.3450967019645,-134.415093538314
468,-1544.6144386621202,0,0,-1407,-4.244300275639691,-3.44480665044853e-12,1.4592121014472498e-12,-133.370138386473
469,-1468.23476171441,0,0,-1410,15.8489880239006,103.399999999995,-45.34509670195929,-132.138653036345
470,-1445.30461860608,0,0,-1413,6.92368772284553,179.094053502621,-87.5999999999992,-130.722359831544
471,-1459.06675447786,0,0,-1416,3.1415931722035,206.8,-123.88510806388399,-129.123239586185
472,-1499.6717992797198,0,0,-1419,19.305326775222603,179.094053502622,-151.727650743033,-127.34352881452699
473,-1613.18162605426,0,0,-1422,0.0342953146032456,103.399999999998,-169.230204765845,-125.385716603013
474,-1714.60429913488,0,0,-1425,8.84824199416567,5.6742359125827305e-12,-175.2,-123.252541129051
475,-1781.2093073504002,0,0,-1428,40.367883246877796,-103.399999999998,-169.230204765845,-120.94698583143101
476,-1852.7593975101001,0,0,-1431,27.5345819732688,-179.09405350262,-151.72765074303499,-118.47227523771099
477,-1856.5905500954998,0,0,-1434,23.9264284228159,-206.8,-123.885108063883,-115.831870454429
478,-1783.74190414371,0,0,-1437,32.9816136853388,-179.094053502624,-87.6000000000012,-113.029464326428
479,-1688.35245976271,0,0,-1440,10.461613211333699,-103.4,-45.345096701961495,-110.06897627208001
480,-1531.0958238344501,0,0,-1443,18.8587229671925,-7.90366517471693e-12,-3.34797422294586e-12,-106.954546801627
481,-1388.2489981705498,0,0,-1446,12.696436853787802,103.399999999996,45.345096701959896,-103.690531726298
482,-1305.7519864067801,0,0,-1449,-23.1645438430777,179.094053502622,87.5999999999997,-100.28149606632
483,-1154.5931740403,0,0,-1452,63.4539255621382,206.8,123.885108063882,-96.73220766631991
484,-1222.9010561138198,0,0,-1455,-5.67512983241086,179.094053502622,151.727650743034,-93.0476305270616
485,-1319.8079097566301,0,0,-1458,-45.2051966596305,103.40000000000201,169.230204765845,-89.23291786284719
486,-1324.82314935924,0,0,-1461,46.2702555350354,-1.62212458356397e-12,175.2,-85.2934048942746
487,-1435.77337340143,0,0,-1464,43.63102321917621,-103.399999999994,169.230204765846,-81.2346013864553
488,-1558.8648517509,0,0,-1467,12.563734951791899,-179.09405350262,151.727650743034,-77.0621839431034
489,-1649.37722933784,0,0,-1470,-23.680349334423298,-206.8,123.885108063885,-72.7819880672984
490,-1629.8067456526599,0,0,-1473,3.0873078499614706,-179.09405350262298,87.6000000000007,-68.4
491,-1596.22407933409,0,0,-1476,1.7531723117051399,-103.399999999998,45.3450967019609,-63.9223483477549
492,-1530.90055755719,0,0,-1479,7.454737954092571,-6.484914188777781e-12,2.7469945983410695e-12,-59.355295511281994
493,-1467.09212227121,0,0,-1482,11.558203357697199,103.39999999999701,-45.3450967019604,-54.7052289269407
494,-1426.8559512659801,0,0,-1485,16.6286473647235,179.094053502622,-87.60000000000021,-49.978652133323
495,-1476.38065742475,0,0,-1488,-26.113373685403598,206.8,-123.88510806388399,-45.1821756754671
496,-1563.63229970047,0,0,-1491,-59.6761946006462,179.094053502624,-151.727650743033,-40.3225078594119
497,-1608.4725628992599,0,0,-1494,-13.2359127633885,103.4,-169.230204765845,-35.406445370024706
498,-1660.24933190108,0,0,-1497,42.3915318641371,8.714343450911981e-12,-175.2,-30.440863765224105
499,-1786.1336754686604,0,0,-1500,11.929237157068801,-103.399999999996,-169.230204765845,-25.4327078598866
500,-1814.00195619895,0,0,-1503,40.2087300596104,-179.094053502621,-151.727650743034,-20.388982012901103
501,-1841.0660696029397,0,0,-1506,10.935778791877599,-206.8,-123.885108063883,-15.3167403309325
502,-1782.22112855023,0,0,-1509,3.6960017550060695,-179.094053502619,-87.59999999999799,-10.2230768026229
503,-1673.0329283699803,0,0,-1512,-7.172716291015839,-103.40000000000201,-45.345096701962795,-5.11511537700141
504,-1514.83945541984,0,0,-1515,0.160544580159807,8.114463073689241e-13,3.4372677236710703e-13,-1.00519009274015e-13
505,-1355.98002146955,0,0,-1518,8.1597664514917,103.399999999994,45.345096701958596,5.1151153770012
506,-1262.51637482509,0,0,-1521,-18.4335051303357,179.09405350262,87.59999999999859,10.2230768026227
507,-1216.33310500304,0,0,-1524,-38.3349533978525,206.8,123.885108063883,15.3167403309323
508,-1182.32047253055,0,0,-1527,-6.53115878910596,179.09405350262,151.727650743034,20.3889820129004
509,-1269.35394334408,0,0,-1530,-37.4168559698176,103.400000000004,169.230204765844,25.4327078598864
510,-1298.52132612926,0,0,-1533,28.837810105518304,1.41798295476527e-12,175.2,30.440863765223998
511,-1417.2386165595199,0,0,-1536,17.5247333045988,-103.399999999992,169.230204765846,35.4064453700245
512,-1548.38724347988,0,0,-1539,-22.343348579703196,-179.094053502619,151.72765074303499,40.3225078594118
513,-1574.9517978856302,0,0,-1542,4.7809183750145,-206.8,123.88510806388399,45.1821756754669
514,-1630.6582895732502,0,0,-1545,-44.1428882039554,-179.094053502621,87.5999999999996,49.978652133322804
515,-1585.16256197549,0,0,-1548,-33.812887604391605,-103.399999999996,45.345096701959804,54.7052289269405
516,-1538.64764718425,0,0,-1551,-47.00294269552921,-3.64741221689947e-12,1.5450353491315e-12,59.3552955112819
517,-1483.47226540916,0,0,-1554,-51.4495170549549,103.4,-45.3450967019616,63.92234834775479
518,-1414.3636180673498,0,0,-1557,-17.2576715699757,179.09405350261798,-87.59999999999701,68.3999999999998
519,-1408.55638709042,0,0,-1560,-4.2532670938372705,206.8,-123.885108063882,72.78198806729779
520,-1441.4086639868801,0,0,-1563,17.162749310428698,179.09405350262298,-151.727650743033,77.06218394310329
521,-1529.51129865725,0,0,-1566,21.0843047221383,103.399999999998,-169.230204765845,81.2346013864548
522,-1625.2371599585401,0,0,-1569,33.6694351471825,5.876841479033669e-12,-175.2,85.2934048942745
523,-1746.92996674105,0,0,-1572,8.46732016194413,-103.399999999998,-169.230204765845,89.232917862847
524,-1809.03100684367,0,0,-1575,3.7430668749237697,-179.09405350262298,-151.727650743033,93.04763052706181
525,-1814.10400440525,0,0,-1578,-2.15110400768296,-206.8,-123.885108063885,96.7322076663197
526,-1742.28924361094,0,0,-1581,5.12331382536965,-179.094053502624,-87.6000000000013,100.28149606632
527,-1612.83529532992,0,0,-1584,16.2192696457461,-103.4,-45.3450967019616,103.690531726298
528,-1405.5657871269198,0,0,-1587,74.4796660714497,3.64894827924723e-12,1.5456860215766799e-12,106.954546801626
529,-1337.54282254393,0,0,-1590,-6.35689551796264,103.399999999996,45.345096701959804,110.06897627208001
530,-1125.98020892778,0,0,-1593,87.2962732431735,179.094053502621,87.5999999999996,113.029464326428
531,-1135.3661956738902,0,0,-1596,14.1168258078017,206.8,123.88510806388001,115.831870454429
532,-1135.84621328675,0,0,-1599,13.8598072298809,179.094053502625,151.727650743032,118.47227523771099
533,-1195.53905261459,0,0,-1602,12.883756788129,103.40000000000201,169.230204765845,120.94698583143
534,-1277.08148761304,0,0,-1605,29.465971257911,-1.41951901711303e-12,175.2,123.252541129051
535,-1438.82421949531,0,0,-1608,-22.0401408641607,-103.400000000004,169.230204765844,125.385716603013
536,-1531.95961705111,0,0,-1611,-20.9367431060536,-179.09405350262,151.727650743034,127.34352881452699
537,-1528.97713072585,0,0,-1614,38.8145216240815,-206.8,123.885108063883,129.123239586185
538,-1558.78654185589,0,0,-1617,18.985151815193802,-179.094053502626,87.6000000000029,130.722359831544
539,-1571.2880564810598,0,0,-1620,-25.37180621936,-103.400000000004,45.3450967019634,132.138653036345
540,-1534.4453873749899,0,0,-1623,-44.8155257614626,-8.099102450211669e-13,3.43076099921925e-13,133.370138386473
541,-1416.9621467590302,0,0,-1626,16.5678564046157,103.40000000000201,-45.345096701962795,134.415093538314
542,-1418.4395491110001,0,0,-1629,-16.2056596412226,179.094053502619,-87.59999999999799,135.272057027598
543,-1409.6588706908499,0,0,-1632,3.48640705963909,206.8,-123.885108063883,135.939830313396
544,-1494.8501324457002,0,0,-1635,-23.634014659675497,179.094053502621,-151.727650743034,136.417479454385
545,-1572.8649513274802,0,0,-1638,-5.73908297669078,103.400000000006,-169.230204765844,136.704336415053
546,-1670.3908575762198,0,0,-1641,9.00914242377714,3.03933950715536e-12,-175.2,136.8
547,-1809.1487695105398,0,0,-1644,-29.2229011597497,-103.4,-169.230204765845,136.704336415053
548,-1809.45762283547,0,0,-1647,31.946601955802002,-179.094053502624,-151.727650743033,136.417479454385
549,-1840.46690994504,0,0,-1650,4.27836780544918,-206.8,-123.88510806388399,135.939830313396
550,-1778.64552267935,0,0,-1653,5.7764737956737005,-179.094053502622,-87.60000000000021,135.272057027598
551,-1641.3324251547,0,0,-1656,28.997578008958698,-103.40000000000799,-45.3450967019652,134.415093538314
552,-1506.5397762628102,0,0,-1659,19.090085350723,-5.2687687692895595e-12,-2.23183822142053e-12,133.370138386474
553,-1400.9046428998001,0,0,-1662,-19.788392638108,103.39999999999901,45.3450967019609,132.138653036345
554,-1273.15686610479,0,0,-1665,-5.573279438957631,179.09405350262298,87.6000000000007,130.722359831544
555,-1259.5164456668901,0,0,-1668,-51.3247933169555,206.8,123.885108063885,129.123239586185
556,-1228.1210381713902,0,0,-1671,-15.2862712315688,179.09405350262298,151.727650743033,127.34352881452699
557,-1253.87823883893,0,0,-1674,22.105839792211498,103.39999999999901,169.230204765845,125.385716603013
558,-1392.8965366459,0,0,-1677,-14.3490777749576,7.49819803142376e-12,175.2,123.252541129051
559,-1469.84943295261,0,0,-1680,23.373376450111397,-103.39999999999701,169.230204765845,120.94698583143101
560,-1596.3624598510198,0,0,-1683,-4.46833232913942,-179.094053502622,151.727650743034,118.47227523771099
561,-1673.39255803814,0,0,-1686,-20.3095365564506,-206.8,123.885108063882,115.831870454429
562,-1717.92622410248,0,0,-1689,-50.4616349262869,-179.094053502624,87.60000000000191,113.029464326428
563,-1619.9648811375303,0,0,-1692,20.0210458884273,-103.40000000000099,45.3450967019623,110.06897627208001
564,-1632.6678860612199,0,0,-1695,-44.62243286284511,-9.72762729355796e-12,4.1206003429191395e-12,106.954546801627
565,-1558.3393591165197,0,0,-1698,-22.0847941408502,103.399999999995,-45.34509670195911,103.690531726298
566,-1505.1472322233599,0,0,-1701,4.07721820769774,179.094053502621,-87.59999999999901,100.28149606632
567,-1501.00793179734,0,0,-1704,23.3449686002281,206.8,-123.885108063883,96.73220766631991
568,-1641.6795666923301,0,0,-1707,-55.0935999789763,179.09405350262,-151.72765074303499,93.0476305270616
569,-1686.4972847208098,0,0,-1710,0.100002182181442,103.40000000000299,-169.230204765844,89.23291786284719
570,-1810.35581759547,0,0,-1713,-7.4492224897457096,2.0183753527705898e-13,-175.2,85.2934048942747
571,-1931.46110558992,0,0,-1716,-24.0655022105333,-103.399999999993,-169.230204765846,81.2346013864554
572,-1954.6090712094199,0,0,-1719,18.150449093133602,-179.094053502619,-151.72765074303499,77.0621839431035
573,-1991.6111940220198,0,0,-1722,-11.708074025434,-206.8,-123.88510806388399,72.7819880672985
574,-1959.7108900946698,0,0,-1725,-36.4168365920482,-179.094053502621,-87.5999999999992,68.4
575,-1802.1635072283,0,0,-1728,10.6592411259155,-103.400000000005,-45.3450967019641,63.9223483477549
576,-1698.03955680802,0,0,-1731,-26.3948523192962,-2.43126679741126e-12,-1.0298789722109599e-12,59.3552955112821
577,-1584.13751453284,0,0,-1734,-53.5878401617424,103.40000000000099,45.3450967019621,54.7052289269407
578,-1409.24060915798,0,0,-1737,11.0866852060797,179.09405350261798,87.59999999999741,49.978652133323
579,-1388.38963568796,0,0,-1740,-24.2569194273112,206.8,123.885108063882,45.1821756754666
580,-1330.36341306659,0,0,-1743,41.4923748283426,179.094053502622,151.727650743034,40.322507859412
581,-1466.8006958281399,0,0,-1746,-28.837345964011,103.39999999999701,169.230204765845,35.406445370024706
582,-1564.29604108542,0,0,-1749,-20.936904850650603,4.66069605954546e-12,175.2,30.4408637652242
583,-1702.06235339147,0,0,-1752,-41.3252660172059,-103.39999999999901,169.230204765845,25.4327078598866
584,-1777.72055132404,0,0,-1755,-15.7431305773558,-179.094053502617,151.727650743036,20.388982012901103
585,-1815.9826674235699,0,0,-1758,9.615484181614699,-206.8,123.885108063885,15.3167403309325
586,-1837.18088701875,0,0,-1761,5.09008968124873,-179.09405350262298,87.6000000000008,10.223076802623401
587,-1813.5985971057898,0,0,-1764,3.34119081524284,-103.39999999999901,45.3450967019611,5.11511537700142
588,-1786.9390744700602,0,0,-1767,-19.9390744700606,4.86509369873544e-12,-2.06084239849722e-12,1.17272177486351e-13
589,-1725.1296931612198,0,0,-1770,-8.06948108225349,103.39999999999701,-45.345096701960294,-5.115115377001191
590,-1675.15180508526,0,0,-1773,16.577218214741098,179.094053502622,-87.6000000000001,-10.2230768026226
591,-1710.75383002262,0,0,-1776,-2.35198162780547,206.8,-123.88510806388099,-15.3167403309323
592,-1784.30776571893,0,0,-1779,-12.2851864656253,179.094053502624,-151.727650743033,-20.388982012900897
593,-1819.5895204619699,0,0,-1782,53.6733921637615,103.40000000000099,-169.230204765845,-25.4327078598864
594,-1977.1120164491601,0,0,-1785,13.5288473160626,-2.63566443660125e-12,-175.2,-30.4408637652239
595,-2096.80673888522,0,0,-1788,-0.7700887493534281,-103.399999999995,-169.230204765845,-35.4064453700245
596,-2185.8533886937603,0,0,-1791,-23.709176588696998,-179.094053502621,-151.727650743034,-40.3225078594117
597,-2139.47975865866,0,0,-1794,30.387525080695895,-206.8,-123.885108063886,-45.1821756754664
598,-2110.8819779166697,0,0,-1797,2.79072771927794,-179.094053502625,-87.6000000000025,-49.978652133322804
599,-1957.7397897473602,0,0,-1800,45.71053588154861,-103.40000000000299,-45.3450967019629,-54.7052289269405
600,-1858.47577385208,0,0,-1803,3.8795216592064397,4.0623517446704793e-13,1.7208027699861403e-13,-59.3552955112819
601,-1724.7738012385198,0,0,-1806,-3.5965495927336497,103.40000000000299,45.3450967019633,-63.922348347754706
602,-1653.9516292695498,0,0,-1809,-43.2456827721649,179.09405350262,87.5999999999984,-68.3999999999998
603,-1530.06272686142,0,0,-1812,24.034153141999102,206.8,123.885108063883,-72.78198806729779
604,-1546.05954167522,0,0,-1815,15.1809380222237,179.094053502626,151.727650743032,-77.06218394310329
605,-1581.62345247447,0,0,-1818,44.980944146135904,103.400000000005,169.230204765844,-81.2346013864552
606,-1784.76009406453,0,0,-1821,-53.66668917025889,1.82319408766715e-12,175.2,-85.2934048942745
607,-2416.6616688488,1,0,-1824,20.284808243655103,-103.40000000000099,169.230204765845,-89.232917862847
608,-1975.58683251953,0,0,-1827,-28.1727992328871,-179.094053502619,151.72765074303499,-93.0476305270615
609,-1981.1796177673898,0,0,-1830,28.467481835045298,-206.8,123.88510806388399,-96.7322076663197
610,-2058.72474559785,0,0,-1833,-33.9491960289065,-179.094053502622,87.5999999999998,-100.28149606632
611,-2046.5968066006399,0,0,-1836,-48.85137157629729,-103.400000000007,45.3450967019648,-103.690531726298
612,-1987.9513268629,0,0,-1839,-41.99678006126771,-4.0526233498013495e-12,1.7166818444999898e-12,-106.954546801626
613,-1935.26000879362,0,0,-1842,-41.24593581957821,103.4,-45.3450967019614,-110.06897627208001
614,-1832.8421276149302,0,0,-1845,33.6932832088741,179.09405350262298,-87.60000000000109,-113.029464326428
615,-1859.4041523224103,0,0,-1848,21.512826195897603,206.8,-123.885108063882,-115.831870454429
616,-1937.6267400891502,0,0,-1851,4.479132388967071,179.09405350262298,-151.727650743033,-118.47227523771099
617,-2038.68819497617,0,0,-1854,2.08899562109427,103.400000000009,-169.230204765844,-120.94698583143
618,-2194.31703001956,0,0,-1857,-38.8644888905142,6.2820526119355496e-12,-175.2,-123.252541129051
619,-2219.13332933507,0,0,-1860,38.882592033784,-103.399999999998,-169.230204765845,-125.385716603013
620,-2324.9140978307396,0,0,-1863,-3.74886477055309,-179.094053502622,-151.727650743034,-127.34352881452699
621,-2335.75644626853,0,0,-1866,-9.94809861846076,-206.8,-123.885108063882,-129.123239586185
622,-2223.55290650223,0,0,-1869,42.8635068319405,-179.094053502624,-87.60000000000142,-130.722359831544
623,-2179.42354066487,0,0,-1872,-26.5397909265608,-103.4,-45.34509670196179,-132.138653036345
624,-2056.12341358322,0,0,-1875,-47.7532751967302,-8.51148187406974e-12,-3.6054439659986e-12,-133.370138386473
625,-1861.3472923919699,0,0,-1878,2.3227044443841,103.399999999996,45.3450967019596,-134.415093538314
626,-1742.7099198586,0,0,-1881,6.8680836663810005,179.094053502621,87.59999999999951,-135.272057027598
627,-1660.1523145686401,0,0,-1884,29.102407680872396,206.8,123.88510806388399,-135.939830313396
628,-1714.67117724565,0,0,-1887,-22.075402036925897,179.094053502625,151.727650743032,-136.417479454385
629,-1768.2250905004198,0,0,-1890,-14.150958851213698,103.40000000000201,169.230204765844,-136.704336415053
630,-1822.16898113966,0,0,-1893,32.4310188603394,-1.01430788421116e-12,175.2,-136.8
631,-1997.4940204311802,0,0,-1896,-30.6198887819759,-103.399999999994,169.230204765846,-136.704336415053
632,-2083.9470207610198,0,0,-1899,-21.163138547049197,-179.09405350262,151.727650743034,-136.417479454385
633,-2117.22050063662,0,0,-1902,3.63422161289063,-206.8,123.885108063883,-135.939830313396
634,-2108.42222708099,0,0,-1905,23.3438834492342,-179.09405350262,87.5999999999987,-135.272057027598
635,-2091.40145937198,0,0,-1908,9.06853746436956,-103.400000000004,45.345096701963605,-134.415093538314
636,-2058.90363589296,0,0,-1911,-14.533497506480998,-1.21512137792304e-12,5.14722595290419e-13,-133.370138386474
637,-2004.30157564244,0,0,-1914,-16.2178259041309,103.399999999992,-45.3450967019578,-132.138653036345
638,-1934.7930818467603,0,0,-1917,21.4352244821587,179.094053502619,-87.5999999999979,-130.722359831544
639,-1940.6718470080398,0,0,-1920,25.536500642030898,206.8,-123.885108063882,-129.123239586185
640,-2045.74050590367,0,0,-1923,-22.7633798487256,179.094053502621,-151.727650743034,-127.34352881452699
641,-2103.49145500118,0,0,-1926,13.724466367681199,103.399999999996,-169.230204765845,-125.385716603013
642,-2232.67030408865,0,0,-1929,-5.21776295960079,3.4445506400572404e-12,-175.2,-123.252541129051
643,-2303.00749223466,0,0,-1932,22.569698362616602,-103.4,-169.230204765845,-120.94698583143101
644,-2341.26261355289,0,0,-1935,43.031365930469796,-179.09405350261798,-151.72765074303499,-118.47227523771099
645,-2363.21333063706,0,0,-1938,21.303647881258303,-206.8,-123.885108063885,-115.831870454429
646,-2357.84959772596,0,0,-1941,-37.1260798969114,-179.094053502622,-87.6000000000004,-113.029464326428
647,-2186.90171285494,0,0,-1944,15.912360119101699,-103.399999999998,-45.3450967019606,-110.06897627208001
648,-2011.6667752614603,0,0,-1947,42.2877715401727,-5.6739799021914405e-12,-2.40348471678902e-12,-106.954546801627
649,-1937.5366990130103,0,0,-1950,-32.591263988670995,103.399999999998,45.34509670196079,-103.690531726298
650,-1793.78078292797,0,0,-1953,-7.193340364258519,179.094053502617,87.5999999999962,-100.28149606632
651,-1744.62386454996,0,0,-1956,-22.576764947523,206.8,123.88510806388099,-96.73220766631991
652,-1697.153049816,0,0,-1959,24.0728764654074,179.094053502624,151.727650743033,-93.047630527062
653,-1747.4616079831198,0,0,-1962,31.1411051138819,103.4,169.230204765845,-89.2329178628469
654,-1863.46411573802,0,0,-1965,11.6292891562632,-3.85180985608946e-12,175.2,-85.2934048942747
655,-2004.81208790339,0,0,-1968,-21.407691282787102,-103.399999999996,169.230204765845,-81.2346013864554
656,-2140.15727896254,0,0,-1971,-64.7286922598541,-179.094053502616,151.727650743036,-77.0621839431039
657,-2076.23501675361,0,0,-1974,53.4618632498034,-206.8,123.885108063882,-72.7819880672981
658,-2078.8057600675,0,0,-1977,58.088293435121,-179.094053502625,87.600000000002,-68.4
659,-2085.0673473085603,0,0,-1980,16.909904337233,-103.40000000000201,45.3450967019624,-63.922348347755005
660,-2009.0806023315,0,0,-1983,33.2746931797862,-1.01328384264598e-11,4.29224683828763e-12,-59.3552955112825
661,-1980.8072372399301,0,0,-1986,1.8430883889701497,103.400000000004,-45.3450967019638,-54.7052289269407
662,-1947.3972326782,0,0,-1989,0.0873659525043755,179.09405350262,-87.59999999999891,-49.978652133323
663,-1990.7667805463,0,0,-1992,-36.4994968069515,206.8,-123.88510806388001,-45.1821756754671
664,-2071.79645051423,0,0,-1995,-63.8403454144044,179.09405350262,-151.72765074303499,-40.3225078594115
665,-2104.8712358452103,0,0,-1998,-5.63458570934739,103.400000000004,-169.230204765844,-35.406445370024706
666,-2213.5407265212802,0,0,-2001,-6.89986275605935,6.070486681789361e-13,-175.2,-30.4408637652242
667,-2323.47555278966,0,0,-2004,-21.4126401639374,-103.399999999992,-169.230204765846,-25.4327078598871
668,-2366.5622794206797,0,0,-2007,-8.351593162123491,-179.094053502625,-151.727650743032,-20.388982012900602
669,-2382.60097356969,0,0,-2010,-26.5991251748693,-206.8,-123.88510806388399,-15.3167403309325
670,-2301.1636085350196,0,0,-2013,-11.2464782297683,-179.094053502627,-87.6000000000037,-10.2230768026229
671,-2176.5648066046,0,0,-2016,-6.704594525625581,-103.400000000006,-45.345096701964295,-5.11511537700192
672,-2025.86033263746,0,0,-2019,-6.86033263745302,-2.8364779303131298e-12,-1.20152546757945e-12,-1.3402534569868598e-13
673,-1894.66996327682,0,0,-2022,-26.5301753557811,103.40000000000099,45.3450967019619,5.11511537700117
674,-1746.39541145597,0,0,-2025,1.68745823879405,179.09405350261798,87.5999999999973,10.2230768026226
675,-1701.59000168421,0,0,-2028,-19.591850079027,206.8,123.885108063885,15.316740330932697
676,-1649.8149779512398,0,0,-2031,29.9743357902047,179.094053502622,151.727650743034,20.388982012900897
677,-1764.63606784237,0,0,-2034,-28.698980468109603,103.400000000007,169.230204765844,25.4327078598864
678,-1845.4762817728101,0,0,-2037,-14.117145538040301,5.06590719244733e-12,175.2,30.440863765223398
679,-1979.8645423985397,0,0,-2040,-41.101192534409996,-103.39999999999901,169.230204765845,35.4064453700249
680,-2003.9936472651002,0,0,-2043,26.0502476350804,-179.09405350262298,151.727650743033,40.3225078594117
681,-2062.67727975088,0,0,-2046,21.0554365097722,-206.8,123.885108063885,45.1821756754664
682,-2081.3461180875697,0,0,-2049,9.16928328172681,-179.094053502629,87.60000000000531,49.9786521333223
683,-2063.17569155169,0,0,-2052,-7.82601718058782,-103.39999999999901,45.345096701961296,54.7052289269405
684,-2012.6136009108398,0,0,-2055,-16.9688964221137,-7.29533645458153e-12,3.09028758907806e-12,59.355295511281795
685,-1901.0054830643899,0,0,-2058,35.0172652898213,103.39999999999701,-45.34509670196011,63.922348347754706
686,-1896.71068789198,0,0,-2061,4.3952586053951,179.094053502622,-87.59999999999991,68.4000000000002
687,-1874.97875784043,0,0,-2064,33.3243621561526,206.8,-123.88510806388399,72.78198806729779
688,-1923.82685756367,0,0,-2067,38.7445557336304,179.094053502624,-151.727650743033,77.0621839431032
689,-2060.5268817248498,0,0,-2070,-5.93127834546787,103.400000000011,-169.23020476584298,81.2346013864548
690,-2182.7759303576,0,0,-2073,-19.8693352518775,-2.23045330369937e-12,-175.2,85.2934048942748
691,-2206.31130359183,0,0,-2076,53.0859833111629,-103.399999999995,-169.230204765845,89.232917862847
692,-2340.4414152832996,0,0,-2079,-23.6673415647088,-179.094053502621,-151.727650743034,93.0476305270614
693,-2335.07930511923,0,0,-2082,-19.1264047216641,-206.8,-123.885108063886,96.73220766631941
694,-2253.9075934591397,0,0,-2085,-2.4950360228397597,-179.09405350262,-87.5999999999983,100.28149606632
695,-2092.0973205384,0,0,-2088,40.9572444372646,-103.40000000000299,-45.3450967019631,103.690531726298
696,-1962.69731094358,0,0,-2091,21.3481422548151,-1.17541949788499e-11,-4.97904971057666e-12,106.954546801626
697,-1814.47383063758,0,0,-2094,20.7120963883782,103.40000000000299,45.3450967019631,110.06897627208001
698,-1711.04910998865,0,0,-2097,6.2273721823082,179.09405350262,87.5999999999983,113.029464326428
699,-1646.67995351453,0,0,-2100,6.80306796716032,206.8,123.885108063883,115.831870454429
700,-1655.44188492736,0,0,-2103,-1.7358644107257,179.094053502627,151.727650743032,118.47227523771099
701,-1753.47382594888,0,0,-2106,-41.051016546153605,103.399999999995,169.230204765845,120.94698583143101
702,-1840.7427082215302,0,0,-2109,-30.1952493505803,2.22840522056903e-12,175.2,123.252541129051
703,-1887.4985269556896,0,0,-2112,33.285551675440104,-103.399999999991,169.230204765846,125.385716603013
704,-2024.33912543004,0,0,-2115,-9.31625148498668,-179.09405350261798,151.72765074303499,127.34352881452699
705,-2072.3762952716897,0,0,-2118,-0.5846429217578989,-206.8,123.88510806388399,129.123239586185
706,-2052.37976726446,0,0,-2121,29.391926406621,-179.094053502622,87.59999999999991,130.722359831544
707,-2084.4193622380303,0,0,-2124,-34.503111976329606,-103.400000000007,45.345096701964906,132.13865303634398
708,-2027.92914305311,0,0,-2127,-34.2992814395842,7.297384537711871e-12,-3.0911551523382998e-12,133.370138386474
709,-1958.1826322056302,0,0,-2130,-20.652629041981896,103.39999999999901,-45.345096701961296,134.415093538314
710,-1881.08886269744,0,0,-2133,25.145026772336898,179.094053502617,-87.5999999999967,135.272057027598
711,-1840.50633845172,0,0,-2136,76.638939298764,206.8,-123.88510806388099,135.939830313396
712,-1987.35955111795,0,0,-2139,-12.143433331922902,179.09405350262298,-151.727650743033,136.417479454385
713,-2092.07116990155,0,0,-2142,-20.9453015507589,103.39999999999901,-169.230204765845,136.704336415053
714,-2202.7654631305604,0,0,-2145,-19.3654631305716,6.68726374483742e-12,-175.2,136.8
715,-2270.1906627530498,0,0,-2148,13.7352055977433,-103.400000000007,-169.230204765844,136.704336415053
716,-2304.1954269156304,0,0,-2151,41.2087978756416,-179.094053502622,-151.727650743034,136.417479454385
717,-2340.97223671065,0,0,-2154,7.773041039839799,-206.8,-123.885108063885,135.939830313396
718,-2307.40751592276,0,0,-2157,-18.985519447730102,-179.094053502624,-87.6000000000016,135.272057027598
719,-2177.58790944454,0,0,-2160,-3.2579062808874304,-103.40000000000099,-45.3450967019619,134.415093538314
720,-2058.37671980908,0,0,-2163,-28.746858195559,2.83852601344348e-12,1.20239303083969e-12,133.370138386474
721,-1914.7516134916898,0,0,-2166,-29.635363229987696,103.399999999995,45.3450967019594,132.138653036345
722,-1774.1399306735102,0,0,-2169,-2.55634400766121,179.09405350261503,87.599999999995,130.722359831544
723,-1707.05577233479,0,0,-2172,5.13588001513981,206.8,123.88510806388399,129.123239586185
724,-1703.96050582715,0,0,-2175,12.8742611126627,179.094053502625,151.727650743032,127.34352881452699
725,-1800.51948332087,0,0,-2178,-20.5354046897347,103.40000000000299,169.230204765844,125.385716603013
726,-1936.61759346703,0,0,-2181,-54.0701345960775,-6.090967513092789e-13,175.2,123.252541129051
727,-1948.5335332265197,0,0,-2184,48.689276176213205,-103.400000000004,169.230204765844,120.94698583143101
728,-2130.05592169889,0,0,-2187,-34.161794177013505,-179.09405350262,151.72765074303499,118.47227523771099
729,-2146.2328981106198,0,0,-2190,10.850123371059,-206.8,123.885108063887,115.83187045443
730,-2195.22651826818,0,0,-2193,-23.7619290919869,-179.09405350262,87.59999999999891,113.029464326428
731,-2117.45012424452,0,0,-2196,26.535802781437102,-103.400000000004,45.3450967019638,110.06897627208001
732,-2123.0110670046,0,0,-2199,-30.9656138062254,-1.62033251082492e-12,6.86369090658912e-13,106.954546801627
733,-2060.65098109244,0,0,-2202,-20.3964161167717,103.399999999991,-45.3450967019576,103.690531726298
734,-2009.28908629082,0,0,-2205,3.9353641402327,179.094053502625,-87.600000000002,100.28149606632
735,-2033.87445772548,0,0,-2208,-5.5215573279155805,206.8,-123.885108063882,96.73220766631991
736,-2069.27158702401,0,0,-2211,21.3143796893334,179.094053502627,-151.727650743031,93.047630527062
737,-2200.79720774003,0,0,-2214,-10.199920837031302,103.399999999996,-169.230204765845,89.2329178628469
738,-2290.3270913744896,0,0,-2217,16.579503731230098,3.84976177295912e-12,-175.2,85.2934048942747
739,-2425.5993034819103,0,0,-2220,-14.203700102521601,-103.4,-169.230204765845,81.2346013864554
740,-2485.0808103980303,0,0,-2223,-8.32129009547598,-179.09405350261798,-151.72765074303499,77.0621839431039
741,-2508.6003081263398,0,0,-2226,-24.697188129760104,-206.8,-123.88510806388099,72.7819880672981
742,-2399.69033245427,0,0,-2229,27.603721048353897,-179.09405350262298,-87.60000000000049,68.4000000000001
743,-2340.0008447504997,0,0,-2232,-23.178096396276697,-103.40000000000799,-45.3450967019656,63.922348347755005
744,-2187.76512025067,0,0,-2235,-12.120415761948301,-6.079191035093321e-12,-2.57513121215752e-12,59.3552955112825
745,-2042.83928140927,0,0,-2238,-8.289607038166361,103.399999999998,45.3450967019606,54.7052289269403
746,-1997.4609655086701,0,0,-2241,-73.13367114461359,179.094053502622,87.6000000000004,49.978652133323095
747,-1848.67325700582,0,0,-2244,19.459459254831103,206.8,123.88510806388099,45.1821756754671
748,-1848.8865094742498,0,0,-2247,26.9692784206839,179.09405350261798,151.72765074303499,40.3225078594115
749,-1926.9949478991198,0,0,-2250,14.968401965006098,103.4,169.230204765845,35.406445370024706
750,-2086.78695390822,0,0,-2253,-39.4278176734485,8.30862029722751e-12,175.2,30.4408637652242
751,-2173.56241695357,0,0,-2256,-8.825329579306109,-103.399999999996,169.230204765845,25.4327078598871
752,-2270.89578676448,0,0,-2259,-4.91836601779647,-179.094053502621,151.727650743034,20.388982012900698
753,-2323.9005995375196,0,0,-2262,5.69755206766353,-206.8,123.885108063882,15.3167403309325
754,-2337.6502457752104,0,0,-2265,8.62073092479108,-179.094053502625,87.60000000000221,10.2230768026229
755,-2279.11332223603,0,0,-2268,41.8264656850145,-103.400000000012,45.3450967019674,5.11511537700194
756,-2269.3098110930105,0,0,-2271,1.69018890698962,1.21716946105339e-12,-5.15590158550661e-13,1.50778513911022e-13
757,-2223.66674588525,0,0,-2274,-2.6065338062797596,103.399999999994,-45.3450967019588,-5.115115377001151
758,-2175.14064214043,0,0,-2277,20.5883811595759,179.09405350262,-87.5999999999988,-10.2230768026226
759,-2236.25965548514,0,0,-2280,-23.8578070903275,206.8,-123.885108063883,-15.316740330932697
760,-2301.57097147078,0,0,-2283,-25.5483922174652,179.09405350262,-151.727650743034,-20.3889820129008
761,-2309.7759324804397,0,0,-2286,67.486980145283,103.400000000004,-169.230204765844,-25.4327078598864
762,-2494.3262185541003,0,0,-2289,0.31464521111313104,1.27674788214959e-11,-175.2,-30.440863765223398
763,-2599.513672802,0,0,-2292,0.5229773338709189,-103.40000000000201,-169.230204765844,-35.4064453700249
764,-2628.78743423491,0,0,-2295,37.356777870155604,-179.094053502619,-151.72765074303499,-40.3225078594117
765,-2642.0559358210603,0,0,-2298,31.811347918288398,-206.8,-123.88510806388399,-45.1821756754664
766,-2621.78277763715,0,0,-2301,-4.11007200119381,-179.094053502627,-87.60000000000379,-49.9786521333223
767,-2480.62360866693,0,0,-2304,26.826716961970302,-103.399999999996,-45.3450967019596,-54.7052289269405
768,-2405.16216321479,0,0,-2307,-38.8068677035054,-3.24168906321501e-12,-1.37317196294794e-12,-59.355295511281795
769,-2208.7563929789603,0,0,-2310,16.4208586668494,103.39999999999,45.345096701957,-63.922348347754706
770,-2160.94111474301,0,0,-2313,-46.235168245632295,179.094053502624,87.60000000000142,-68.4000000000002
771,-2026.24776550053,0,0,-2316,31.849114502887897,206.8,123.885108063882,-72.7819880672982
772,-2087.99556099896,0,0,-2319,-22.7550813015128,179.094053502622,151.727650743034,-77.0621839431032
773,-2168.54841573701,0,0,-2322,-37.944019116404704,103.40000000000799,169.230204765844,-81.23460138645471
774,-2281.1642273774696,0,0,-2325,-46.070822483190405,-6.28410069506589e-12,175.2,-85.2934048942748
775,-2382.66029622518,0,0,-2328,-31.257583128181402,-103.399999999998,169.230204765845,-89.232917862847
776,-2445.7925569020003,0,0,-2331,5.62147638463982,-179.094053502617,151.727650743036,-93.0476305270614
777,-2480.8383703221803,0,0,-2334,32.8087292802534,-206.8,123.885108063885,-96.7322076663193
778,-2504.6592094327398,0,0,-2337,24.1163401362039,-179.09405350262298,87.60000000000109,-100.28149606632
779,-2466.50611212889,0,0,-2340,35.2393228954487,-103.4,45.3450967019614,-103.690531726298
780,-2404.59955137802,0,0,-2343,45.3549954236129,-7.70054758748341e-12,3.26193408444655e-12,-106.954546801626
781,-2372.15604222085,0,0,-2346,25.8580307531857,103.400000000007,-45.3450967019648,-110.06897627208001
782,-2369.23982276346,0,0,-2349,1.29558806034153,179.094053502622,-87.5999999999998,-113.029464326428
783,-2430.7159868967397,0,0,-2352,-45.799008378427,206.8,-123.88510806388001,-115.831870454429
784,-2414.66314518623,0,0,-2355,31.4427272918879,179.094053502625,-151.727650743033,-118.47227523771099
785,-2524.55778085367,0,0,-2358,20.219409743604103,103.40000000000099,-169.230204765845,-120.94698583143101
786,-2685.25420209708,0,0,-2361,-25.801660968024503,-1.82524217079749e-12,-175.2,-123.252541129051
787,-2688.96029735331,0,0,-2364,73.05562401554201,-103.399999999994,-169.230204765845,-125.385716603013
788,-2802.95294606901,0,0,-2367,22.2122869911648,-179.09405350261503,-151.727650743037,-127.34352881452699
789,-2853.86452067838,0,0,-2370,-24.0561730283079,-206.8,-123.885108063883,-129.123239586185
790,-2742.3152345926896,0,0,-2373,28.1011787414784,-179.094053502626,-87.60000000000281,-130.722359831544
791,-2686.2891183810198,0,0,-2376,-29.4053686427064,-103.40000000000299,-45.3450967019633,-132.13865303634398
792,-2503.6875148457,0,0,-2379,8.68262354077206,-4.04187091336705e-13,-1.7121271373837198e-13,-133.370138386474
793,-2366.89907057145,0,0,-2382,0.770926264900973,103.40000000000299,45.3450967019629,-134.415093538314
794,-2260.5281647370603,0,0,-2385,-6.95016121208163,179.094053502619,87.59999999999809,-135.272057027598
795,-2172.47819120702,0,0,-2388,20.7765310424968,206.8,123.88510806387899,-135.939830313396
796,-2195.40468107006,0,0,-2391,1.1910941386701699,179.094053502621,151.727650743034,-136.417479454385
797,-2274.3157341968,0,0,-2394,-16.2416025475977,103.400000000005,169.230204765844,-136.704336415053
798,-2377.83097115095,0,0,-2397,-19.2309711509555,2.6336163534708997e-12,175.2,-136.8
799,-2436.29604020453,0,0,-2400,34.5780914446675,-103.399999999991,169.230204765846,-136.704336415053
800,-2566.9723604962696,0,0,-2403,-0.18847828229367103,-179.094053502624,151.727650743033,-136.417479454385
801,-3232.35309878609,1,0,-2406,-17.954612541127602,-206.8,123.88510806388399,-135.939830313396
802,-2655.1096224663397,0,0,-2409,-19.3435119361187,-179.094053502628,87.6000000000044,-135.272057027598
803,-2601.61181021771,0,0,-2412,2.8581866186436202,-103.39999999999701,45.345096701960294,-134.415093538314
804,-2587.50988637519,0,0,-2415,-39.1397479887159,-4.863045615605099e-12,2.0599748352369798e-12,-133.370138386474
805,-2471.19922296428,0,0,-2418,20.8845267740232,103.39999999999901,-45.3450967019611,-132.138653036345
806,-2424.38413481805,0,0,-2421,35.844171510877295,179.094053502617,-87.59999999999648,-130.722359831544
807,-2421.79544762002,0,0,-2424,48.4129000300498,206.8,-123.885108063885,-129.123239586185
808,-2496.2517343217396,0,0,-2427,30.7253917331957,179.09405350262298,-151.727650743033,-127.34352881452699
809,-2662.29113365077,0,0,-2430,-41.0752122819212,103.400000000009,-169.230204765844,-125.385716603013
810,-2711.5645242164896,0,0,-2433,19.888016912555802,7.0924748777393e-12,-175.2,-123.252541129051
811,-2809.12061129702,0,0,-2436,20.456579300257,-103.39999999999701,-169.230204765845,-120.94698583143101
812,-2825.40195389732,0,0,-2439,62.892025586043204,-179.094053502622,-151.727650743034,-118.47227523771099
813,-2905.85059089923,0,0,-2442,-17.3336123809165,-206.8,-123.885108063886,-115.83187045443
814,-2799.2949526037896,0,0,-2445,25.4285652252492,-179.09405350261798,-87.59999999999741,-113.029464326428
815,-2748.62797622367,0,0,-2448,-41.813903249624,-103.40000000000099,-45.3450967019621,-110.06897627208001
816,-2597.21378639386,0,0,-2451,-39.259239592222,-9.3219041398735e-12,-3.94873695673558e-12,-106.954546801627
817,-2411.44890327262,0,0,-2454,-2.50346824828044,103.399999999995,45.34509670195929,-103.690531726298
818,-2289.9963285124,0,0,-2457,0.591114051299031,179.094053502621,87.5999999999992,-100.28149606632
819,-2276.63127020293,0,0,-2460,-50.5841706004968,206.8,123.88510806388399,-96.73220766631991
820,-2233.56105601805,0,0,-2463,-8.33512973664666,179.094053502625,151.727650743032,-93.047630527062
821,-2234.7544274717898,0,0,-2466,47.848285625204,103.40000000001301,169.23020476584298,-89.23291786284729
822,-2362.28109171821,0,0,-2469,16.8123131760657,-2.03885618407403e-13,175.2,-85.2934048942747
823,-2496.94027019757,0,0,-2472,-9.53587357697084,-103.399999999993,169.230204765846,-81.234601386455
824,-2518.01337062543,0,0,-2475,61.4152160772625,-179.09405350262,151.72765074303499,-77.0621839431039
825,-2622.76885251306,0,0,-2478,10.9280274903548,-206.8,123.885108063883,-72.7819880672981
826,-2623.4741523153502,0,0,-2481,17.4199011872699,-179.094053502621,87.59999999999901,-68.4000000000001
827,-2620.92640971643,0,0,-2484,-14.9491580706293,-103.400000000005,45.345096701963904,-63.922348347755005
828,-2548.63783120013,0,0,-2487,-2.28253568884407,-1.3780762664141902e-11,5.8374990782341906e-12,-59.3552955112825
829,-2491.17106654067,0,0,-2490,-4.5207409117715995,103.40000000000099,-45.3450967019623,-54.7052289269403
830,-2500.85583462038,0,0,-2493,-49.3712359896795,179.094053502619,-87.59999999999759,-49.978652133323095
831,-2407.79224722477,0,0,-2496,50.475036514577106,206.8,-123.885108063882,-45.1821756754671
832,-2493.86089171615,0,0,-2499,18.0952133836729,179.094053502622,-151.727650743034,-40.3225078594115
833,-2609.87997072062,0,0,-2502,-6.64332058475099,103.39999999999701,-169.230204765845,-35.406445370024706
834,-2718.8121396446104,0,0,-2505,-8.171275879388888,4.25497290586099e-12,-175.2,-30.4408637652242
835,-2826.5397211132104,0,0,-2508,-20.476808487487602,-103.39999999998899,-169.230204765846,-25.4327078598872
836,-2840.08058012935,0,0,-2511,22.1301061292111,-179.09405350262298,-151.727650743033,-20.388982012900698
837,-2876.3404800253197,0,0,-2514,-16.3386316305025,-206.8,-123.885108063885,-15.3167403309326
838,-2772.60989090045,0,0,-2517,21.3072394047927,-179.09405350262298,-87.6000000000007,-10.2230768026229
839,-2663.6024674707,0,0,-2520,10.257744608278001,-103.400000000009,-45.3450967019657,-5.11511537700196
840,-2562.3141406250197,0,0,-2523,-39.3141406250234,5.27081685241991e-12,2.23270578468077e-12,-1.6753168212335799e-13
841,-2357.13825298459,0,0,-2526,15.001534936455801,103.39999999999701,45.3450967019604,5.11511537700114
842,-2251.86199569114,0,0,-2529,0.22087400362509602,179.094053502616,87.5999999999959,10.2230768026226
843,-2192.45230244403,0,0,-2532,-6.454150838844429,206.8,123.88510806388399,15.316740330932697
844,-2198.62771030072,0,0,-2535,-14.8383965592769,179.094053502624,151.727650743033,20.3889820129008
845,-2231.1314793023002,0,0,-2538,8.80560807197074,103.4,169.230204765845,25.4327078598864
846,-2317.36587973846,0,0,-2541,17.9932564963056,8.71383143012939e-12,175.2,30.440863765223398
847,-2429.83559979767,0,0,-2544,12.927750066470699,-103.400000000006,169.230204765844,35.4064453700249
848,-2545.60038608696,0,0,-2547,-11.5564911867858,-179.094053502621,151.727650743034,40.3225078594117
849,-2532.19888893075,0,0,-2550,55.533827329896795,-206.8,123.885108063886,45.182175675466794
850,-2542.0987110606898,0,0,-2553,52.4166903086125,-179.094053502625,87.60000000000228,49.9786521333223
851,-2586.45778305781,0,0,-2556,-27.1081086867113,-103.40000000000201,45.345096701962795,54.7052289269405
852,-2466.36701357315,0,0,-2559,33.2776909155655,8.1195832815151e-13,-3.4394366318216803e-13,59.355295511281795
853,-2422.3263466011103,0,0,-2562,17.6964017531042,103.399999999994,-45.345096701958596,63.922348347754706
854,-2484.93524464481,0,0,-2565,-79.8292981474292,179.094053502626,-87.6000000000029,68.4000000000002
855,-2416.2186957785198,0,0,-2568,-3.91557578193053,206.8,-123.885108063883,72.7819880672982
856,-2436.82016813955,0,0,-2571,29.7512451577567,179.094053502626,-151.727650743032,77.06218394310359
857,-2516.23232218875,0,0,-2574,42.3632811906369,103.400000000004,-169.230204765844,81.23460138645471
858,-2657.61678298064,0,0,-2577,9.289812125082051,1.4174709339826899e-12,-175.2,85.2934048942748
859,-2726.16480553835,0,0,-2580,37.2324813646547,-103.40000000000201,-169.230204765845,89.23291786284659
860,-2839.46822817806,0,0,-2583,-18.694154459464897,-179.094053502619,-151.72765074303499,93.04763052706181
861,-2827.59586649589,0,0,-2586,-7.642966098320169,-206.8,-123.885108063887,96.7322076663193
862,-2768.51357181007,0,0,-2589,-13.1010143737671,-179.094053502621,-87.5999999999996,100.28149606632
863,-2597.79330190972,0,0,-2592,39.261263065954,-103.400000000006,-45.3450967019646,103.690531726298
864,-2504.96399412252,0,0,-2595,-16.9185409241451,-3.64690019611689e-12,-1.54481845831644e-12,106.954546801626
865,-2331.69769096955,0,0,-2598,7.488236056408019,103.4,45.3450967019616,110.06897627208001
866,-2223.29012233385,0,0,-2601,-2.0136401629032497,179.094053502624,87.6000000000013,113.029464326428
867,-2148.53342644707,0,0,-2604,8.94959503461434,206.8,123.885108063882,115.831870454429
868,-2207.3508247020604,0,0,-2607,-49.644804185427894,179.094053502628,151.727650743031,118.47227523771099
869,-2280.73826043197,0,0,-2610,-64.315451029241,103.399999999998,169.230204765845,120.94698583143101
870,-2291.8548048365196,0,0,-2613,22.6926540344279,5.8763294582510805e-12,175.2,123.252541129051
871,-2458.94858587348,0,0,-2616,-34.1645072423429,-103.399999999998,169.230204765845,125.385716603013
872,-2482.15700278219,0,0,-2619,36.8658711628617,-179.094053502617,151.727650743036,127.34352881452699
873,-2593.85549898978,0,0,-2622,-18.063846639848602,-206.8,123.885108063882,129.123239586185
874,-2546.67206307786,0,0,-2625,39.099630593217896,-179.094053502624,87.6000000000013,130.722359831544
875,-2564.87689954225,0,0,-2628,-10.960649280555401,-103.40000000001,45.3450967019664,132.138653036345
876,-2493.47773138939,0,0,-2631,4.15213022413966,3.64946030002982e-12,-1.54590291239174e-12,133.370138386474
877,-2430.67567376199,0,0,-2634,10.8543294016592,103.399999999996,-45.345096701959804,134.415093538314
878,-2421.31140216707,0,0,-2637,-11.0775126972912,179.094053502621,-87.5999999999996,135.272057027598
879,-2437.98750636424,0,0,-2640,-16.842228613755697,206.8,-123.88510806388001,135.939830313396
880,-2443.6022536094197,0,0,-2643,35.613864176614705,179.094053502619,-151.72765074303499,136.417479454385
881,-2594.5388176470497,0,0,-2646,-19.412949296264397,103.40000000000201,-169.230204765845,136.704336415053
882,-2722.29481339541,0,0,-2649,-34.894813395415696,1.03351879825195e-11,-175.2,136.8
883,-2756.35250400701,0,0,-2652,31.573364343772997,-103.399999999994,-169.230204765846,136.704336415053
884,-2827.9131937695,0,0,-2655,21.491031021768798,-179.09405350262,-151.727650743034,136.417479454385
885,-2804.53425258713,0,0,-2658,48.2110251633585,-206.8,-123.885108063883,135.939830313396
886,-2821.25753695612,0,0,-2661,-28.835540481087698,-179.094053502626,-87.6000000000029,135.272057027598
887,-2685.76940575396,0,0,-2664,-7.43940259031883,-103.399999999994,-45.345096701958596,134.415093538314
888,-2510.12227607307,0,0,-2667,23.507585540453896,-8.093982242385809e-13,-3.42859209106865e-13,133.370138386474
889,-2402.9344822325697,0,0,-2670,-13.8182319708681,103.399999999992,45.3450967019579,132.138653036345
890,-2281.20960853749,0,0,-2673,-5.62602187164927,179.094053502619,87.59999999999799,130.722359831544
891,-2248.6999137767802,0,0,-2676,-32.5082614268482,206.8,123.885108063883,129.123239586185
892,-2238.3025231215397,0,0,-2679,-17.4677561817198,179.094053502621,151.727650743034,127.34352881452699
893,-2293.25418055698,0,0,-2682,-9.27010192584696,103.400000000006,169.230204765844,125.385716603013
894,-2359.08738758888,0,0,-2685,27.4600712820527,1.47940465067879e-11,175.2,123.252541129051
895,-2493.06535207261,0,0,-2688,8.15745733011505,-103.4,169.230204765845,120.94698583143101
896,-2588.60420785333,0,0,-2691,11.289919668538198,-179.09405350261798,151.72765074303499,118.47227523771099
897,-2654.61742124628,0,0,-2694,6.46560023541024,-206.8,123.88510806388399,115.831870454429
898,-2654.80757728684,0,0,-2697,20.6570118893532,-179.094053502622,87.60000000000021,113.029464326428
899,-2611.9713230553198,0,0,-2700,36.0146039706384,-103.39999999999701,45.3450967019604,110.06897627208001
900,-2651.65273826134,0,0,-2703,-55.60728506296229,-5.26825674850698e-12,2.2316213306054703e-12,106.954546801627
901,-2542.2497289717003,0,0,-2706,2.00483600396524,103.399999999988,-45.3450967019561,103.690531726298
902,-2504.8283663030998,0,0,-2709,12.3960841279582,179.09405350262298,-87.6000000000007,100.28149606632
903,-2525.69717576862,0,0,-2712,6.6557246289445695,206.8,-123.88510806388099,96.73220766631991
904,-2602.1333823865602,0,0,-2715,-7.54741567321666,179.09405350262298,-151.727650743033,93.04763052706171
905,-2700.55073166075,0,0,-2718,-5.953444757759,103.40000000001,-169.230204765844,89.23291786284729
906,-2802.56527976345,0,0,-2721,8.341315342281609,-4.25753300977392e-12,-175.2,85.2934048942747
907,-2896.74058214334,0,0,-2724,18.655021236048,-103.39999999999701,-169.230204765845,81.2346013864554
908,-2968.42513625677,0,0,-2727,12.334384045779,-179.094053502616,-151.727650743036,77.0621839431035
909,-2989.15247400328,0,0,-2730,-1.24935400669678,-206.8,-123.885108063882,72.7819880672977
910,-2914.19675033576,0,0,-2733,17.097303166869498,-179.094053502624,-87.60000000000191,68.4000000000001
911,-2825.5505297942304,0,0,-2736,-4.72778144002631,-103.40000000000099,-45.3450967019623,63.922348347755396
912,-2682.37689176115,0,0,-2739,-2.7321872724164504,-9.72711527277537e-12,-4.12038345210408e-12,59.3552955112821
913,-2532.6648641515803,0,0,-2742,5.88481021951282,103.400000000005,45.345096701963904,54.7052289269403
914,-2428.8723021432697,0,0,-2745,-0.545007779213904,179.094053502621,87.59999999999901,49.978652133323095
915,-2336.8711454430604,0,0,-2748,35.2615708175972,206.8,123.88510806388001,45.182175675467604
916,-2348.81851324533,0,0,-2751,31.0372746495968,179.094053502626,151.727650743032,40.322507859412
917,-2420.90954615113,0,0,-2754,25.0538037129983,103.40000000000299,169.230204765844,35.406445370024706
918,-2569.76043761465,0,0,-2757,-18.4013013798734,2.0132551449447303e-13,175.2,30.4408637652242
919,-2647.62760158187,0,0,-2760,21.1094857923938,-103.399999999993,169.230204765846,25.432707859886698
920,-2727.52849683577,0,0,-2763,42.4489239109218,-179.094053502625,151.727650743032,20.3889820129002
921,-2808.37287056708,0,0,-2766,25.225281038108502,-206.8,123.88510806388399,15.3167403309326
922,-2850.8929323363695,0,0,-2769,-0.621955636374563,-179.094053502627,87.6000000000035,10.223076802623401
923,-2851.32576691161,0,0,-2772,-26.3859789905738,-103.400000000005,45.3450967019641,5.11511537700149
924,-2773.45992793507,0,0,-2775,1.54007206493148,-2.4307547766286696e-12,1.0296620813959e-12,-3.0172638092421504e-13
925,-2763.01409454176,0,0,-2778,-37.9538824628001,103.40000000000099,-45.3450967019621,-5.1151153770011195
926,-2619.67684026727,0,0,-2781,80.05218303272791,179.09405350261798,-87.59999999999741,-10.2230768026221
927,-2687.60296209901,0,0,-2784,28.798886295802603,206.8,-123.88510806387899,-15.3167403309322
928,-2772.98109645638,0,0,-2787,7.04148279693446,179.094053502622,-151.727650743034,-20.3889820129008
929,-2848.2526840611,0,0,-2790,33.010228564623105,103.400000000007,-169.230204765844,-25.432707859886303
930,-2999.13668164159,0,0,-2793,-0.49581787636974106,4.6601840387628705e-12,-175.2,-30.4408637652239
931,-3110.10970463323,0,0,-2796,-6.073054497359611,-103.39999999999901,-169.230204765845,-35.406445370025295
932,-3218.8920209125704,0,0,-2799,-48.747808807499105,-179.09405350262298,-151.727650743033,-40.3225078594117
933,-3206.8106764355102,0,0,-2802,-28.943392696160604,-206.8,-123.885108063885,-45.1821756754663
934,-3129.79114807861,0,0,-2805,-8.11844244265107,-179.094053502629,-87.6000000000051,-49.978652133322704
935,-3017.3697705027002,0,0,-2808,-5.91944487380365,-103.39999999999901,-45.3450967019611,-54.7052289269409
936,-2896.6714180246004,0,0,-2811,-26.316122513313104,-6.8896133008970706e-12,-2.9184242028944996e-12,-59.355295511281795
937,-2678.8577690688,0,0,-2814,50.3194825769948,103.39999999999701,45.345096701960294,-63.922348347754294
938,-2629.63577343963,0,0,-2817,-10.929826942241002,179.094053502616,87.5999999999958,-68.3999999999998
939,-2551.80987399494,0,0,-2820,10.2870060084777,206.8,123.88510806388399,-72.7819880672982
940,-2519.74185196859,0,0,-2823,49.4986277288534,179.094053502624,151.727650743033,-77.0621839431032
941,-2688.36110219523,0,0,-2826,-53.756705574633294,103.400000000011,169.23020476584298,-81.2346013864543
942,-2734.6780933471,0,0,-2829,4.41531154718011,-2.63617645738383e-12,175.2,-85.29340489427521
943,-2855.47681406023,0,0,-2832,-0.0741009632355471,-103.399999999995,169.230204765845,-89.232917862847
944,-3565.52738859697,1,0,-2835,-20.569591314866898,-179.094053502621,151.727650743034,-93.0476305270614
945,-2971.6682642273104,0,0,-2838,45.97883537511989,-206.8,123.885108063886,-96.7322076663197
946,-3047.27825455599,0,0,-2841,-14.502704987053098,-179.094053502619,87.59999999999809,-100.281496066321
947,-2995.93668349857,0,0,-2844,9.80875152576343,-103.40000000000299,45.3450967019629,-103.690531726298
948,-2928.83970905713,0,0,-2847,25.1148377445049,-1.13484718251655e-11,4.8071863243931105e-12,-106.954546801626
949,-2937.56817189018,0,0,-2850,-35.5540989161389,103.399999999993,-45.3450967019584,-110.06897627208001
950,-2848.24586793882,0,0,-2853,26.2895428849898,179.09405350262,-87.5999999999984,-113.029464326428
951,-2851.92919673307,0,0,-2856,36.987781785243705,206.8,-123.885108063883,-115.831870454429
952,-2959.66388713154,0,0,-2859,-9.558014653420551,179.094053502626,-151.727650743032,-118.47227523771099
953,-3038.84962491183,0,0,-2862,9.927565685447169,103.399999999994,-169.230204765845,-120.94698583143101
954,-3171.8067880343797,0,0,-2865,-8.354246905330651,1.82268206688456e-12,-175.2,-123.252541129051
955,-3258.97869967425,0,0,-2868,7.03722169460278,-103.399999999991,-169.230204765846,-125.385716603013
956,-3352.93386537954,0,0,-2871,-23.7686323193574,-179.094053502619,-151.72765074303499,-127.34352881452699
957,-3332.9063855944605,0,0,-2874,0.90196205560589,-206.8,-123.88510806388399,-129.123239586185
958,-3243.39258179357,0,0,-2877,31.0238315405915,-179.094053502622,-87.5999999999998,-130.722359831544
959,-3124.3003689878196,0,0,-2880,36.5833807504941,-103.400000000007,-45.3450967019647,-132.13865303634398
960,-3044.33070651162,0,0,-2883,-27.960568125127697,-1.5807330349433898e-11,-6.69594844589171e-12,-133.370138386473
961,-2865.18381730931,0,0,-2886,6.4861795270399805,103.4,45.3450967019614,-134.415093538314
962,-2794.82979953556,0,0,-2889,-37.2517960105764,179.09405350261798,87.5999999999968,-135.272057027598
963,-2670.3375448884303,0,0,-2892,26.9171773610865,206.8,123.885108063882,-135.939830313396
964,-2681.7287785059398,0,0,-2895,18.866996702794,179.09405350262298,151.727650743033,-136.417479454385
965,-2756.36782911751,0,0,-2898,5.706302531700651,103.399999999998,169.230204765845,-136.704336415053
966,-2853.0541853644704,0,0,-2901,9.54581463552265,6.28154059115296e-12,175.2,-136.8
967,-2942.78909647915,0,0,-2904,32.0850351700468,-103.39999999998699,169.230204765846,-136.704336415053
968,-3098.8294847077195,0,0,-2907,-28.0456024937496,-179.094053502622,151.727650743034,-136.417479454385
969,-3158.1510880685496,0,0,-2910,-29.2963658190384,-206.8,123.885108063885,-135.939830313396
970,-3158.8534980936797,0,0,-2913,-19.0873875634606,-179.094053502624,87.60000000000142,-135.272057027598
971,-3141.21641469826,0,0,-2916,-32.746417861908995,-103.4,45.34509670196179,-134.415093538314
972,-2988.75981244661,0,0,-2919,63.6103259398638,3.24424916712794e-12,-1.37425641702325e-12,-133.370138386473
973,-3012.12700458289,0,0,-2922,-16.0432548445848,103.399999999996,-45.3450967019596,-132.138653036345
974,-2940.94919218175,0,0,-2925,23.2791141471771,179.09405350261503,-87.59999999999522,-130.722359831544
975,-2953.16386580486,0,0,-2928,21.0444818452096,206.8,-123.88510806388399,-129.123239586185
976,-3001.94954656073,0,0,-2931,29.027579494205398,179.094053502625,-151.727650743032,-127.34352881452699
977,-3126.38376696175,0,0,-2934,-1.16784559289423,103.40000000000201,-169.230204765844,-125.385716603013
978,-3247.0935215453496,0,0,-2937,-11.640980416311901,1.07403991154214e-11,-175.2,-123.252541129051
979,-3355.43058863376,0,0,-2940,-21.853398036494603,-103.399999999994,-169.230204765846,-120.94698583143
980,-3373.5590257720896,0,0,-2943,18.7349537112738,-179.09405350262,-151.727650743034,-118.47227523771099
981,-3447.5007502066496,0,0,-2946,-54.9837716883393,-206.8,-123.885108063883,-115.83187045443
982,-3340.07066894737,0,0,-2949,-11.347151118318902,-179.09405350262,-87.5999999999987,-113.029464326428
983,-3203.41096629401,0,0,-2952,7.40310668002149,-103.399999999994,-45.3450967019588,-110.06897627208001
984,-3085.1653482491497,0,0,-2955,-23.210801447502497,-1.29698283775556e-11,-5.493989196682139e-12,-106.954546801627
985,-2951.04629276401,0,0,-2958,-38.1008577396565,103.399999999992,45.3450967019578,-103.690531726298
986,-2762.3626652491303,0,0,-2961,32.2247773145715,179.094053502619,87.5999999999979,-100.28149606632
987,-2716.9273565044,0,0,-2964,13.119743098038,206.8,123.885108063882,-96.7322076663196
988,-2725.03628533302,0,0,-2967,4.18964094838845,179.094053502621,151.727650743034,-93.0476305270621
989,-2754.1867188802003,0,0,-2970,32.4159942167887,103.40000000001601,169.23020476584298,-89.23291786284771
990,-2869.21683643604,0,0,-2973,13.876568458243199,-8.31118040114044e-12,175.2,-85.2934048942751
991,-2993.4949790241803,0,0,-2976,-2.09058240358466,-103.39999999999,169.230204765846,-81.234601386455
992,-3069.4104479801695,0,0,-2979,14.018138722513198,-179.09405350261798,151.72765074303499,-77.0621839431039
993,-3164.9846177453996,0,0,-2982,-27.287737741988202,-206.8,123.885108063885,-72.7819880672981
994,-3151.6811016953498,0,0,-2985,-6.787048192730349,-179.094053502622,87.6000000000004,-68.39999999999971
995,-3117.7818653785803,0,0,-2988,-7.804613732783119,-103.399999999998,45.3450967019606,-63.922348347755005
996,-3066.6825912717304,0,0,-2991,-16.3272957604411,-1.7428686901823997e-11,7.38275131818075e-12,-59.355295511282606
997,-3029.0193373483803,0,0,-2994,-38.36901171948,103.40000000000799,-45.3450967019656,-54.70522892694079
998,-3002.3488840132104,0,0,-2997,-46.8642853825093,179.094053502617,-87.5999999999962,-49.978652133322605
999,-2938.6693486025397,0,0,-3000,23.5979351368114,206.8,-123.88510806388099,-45.18217567546721
1000,-3043.3196565476396,0,0,-3003,-27.363551447814697,179.094053502624,-151.727650743033,-40.3225078594125
1001,-3091.2169425312895,0,0,-3006,16.0197076045786,103.4,-169.230204765845,-35.4064453700252
1002,-3234.23201218843,0,0,-3009,-19.591148423199698,-3.8523218768720504e-12,-175.2,-30.4408637652238
1003,-3361.3251328809497,0,0,-3012,-51.26222025523,-103.399999999986,-169.230204765847,-25.4327078598872
1004,-3360.4447988812103,0,0,-3015,5.76588737734599,-179.094053502627,-151.727650743031,-20.388982012900698
1005,-3373.63505793654,0,0,-3018,-9.633209541720971,-206.8,-123.885108063886,-15.3167403309321
1006,-3298.5958988912703,0,0,-3021,-0.678768586016086,-179.094053502625,-87.600000000002,-10.223076802623
1007,-3210.21682951044,0,0,-3024,-32.3566174314715,-103.40000000000201,-45.3450967019624,-5.11511537700199
1008,-3067.37052164375,0,0,-3027,-40.3705216437564,1.6228926147378502e-12,6.874535447342141e-13,-2.0103801854803e-13
1009,-2888.94590152436,0,0,-3030,-12.806113603333099,103.400000000004,45.3450967019638,5.11511537700159
1010,-2772.13531426151,0,0,-3033,-16.0524445667426,179.09405350261503,87.59999999999461,10.2230768026226
1011,-2743.0733645554396,0,0,-3036,-53.0752129502549,206.8,123.88510806388001,15.3167403309317
1012,-2708.3110598592802,0,0,-3039,-20.521746117834898,179.094053502626,151.727650743032,20.3889820129003
1013,-2745.4217402499,0,0,-3042,-1.48465287563401,103.400000000004,169.230204765844,25.4327078598868
1014,-2808.34166099111,0,0,-3045,31.017475243668297,6.0653664739635e-13,175.2,30.440863765223398
1015,-2949.08269057157,0,0,-3048,-2.3193407074335397,-103.40000000000299,169.230204765844,35.4064453700248
1016,-3018.7725766164504,0,0,-3051,19.2713182837346,-179.094053502625,151.727650743032,40.3225078594112
1017,-3120.2150274910805,0,0,-3054,-28.4823112304382,-206.8,123.885108063887,45.182175675466794
1018,-3094.4445236037,0,0,-3057,4.07087776559802,-179.094053502627,87.6000000000037,49.9786521333223
1019,-3058.3168509887105,0,0,-3060,5.032823382394481,-103.400000000006,45.345096701964295,54.7052289269404
1020,-3006.00134639714,0,0,-3063,-2.35664190841836,-2.8359659095305498e-12,1.2013085767643898e-12,59.35529551128221
1021,-2932.43291674399,0,0,-3066,11.5898316102212,103.40000000000099,-45.3450967019619,63.922348347754706
1022,-2856.06237862818,0,0,-3069,53.04356786920339,179.094053502612,-87.5999999999929,68.3999999999994
1023,-2921.8653161899897,0,0,-3072,-5.562196193404519,206.8,-123.885108063885,72.78198806729779
1024,-2981.6328478633,0,0,-3075,-11.061434565997,179.094053502628,-151.727650743031,77.06218394310359
1025,-3066.35921182532,0,0,-3078,-3.76360844593458,103.400000000007,-169.230204765844,81.23460138645471
1026,-3144.79772993214,0,0,-3081,26.1088651735814,5.06539517166475e-12,-175.2,85.2934048942748
1027,-3273.18006127353,0,0,-3084,-5.78277437052919,-103.39999999999901,-169.230204765845,89.23291786284659
1028,-3294.33068169133,0,0,-3087,30.4433920272688,-179.09405350262298,-151.727650743033,93.04763052706181
1029,-3305.11856560672,0,0,-3090,18.8343347908505,-206.8,-123.885108063889,96.7322076663193
1030,-3258.8232422023902,0,0,-3093,0.589315233904235,-179.094053502617,-87.5999999999967,100.28149606632
1031,-3097.37399552914,0,0,-3096,43.68056944654221,-103.400000000009,-45.345096701966106,103.690531726298
1032,-3034.77367491222,0,0,-3099,-42.72822171383471,-7.29482443379895e-12,-3.090070698263e-12,106.954546801626
1033,-2771.9832640514396,0,0,-3102,71.20266297451859,103.39999999999701,45.34509670196011,110.06897627208001
1034,-2707.85257961204,0,0,-3105,17.4239025589152,179.094053502622,87.59999999999991,113.029464326428
1035,-2654.8506428673104,0,0,-3108,6.632378614374661,206.8,123.88510806388399,115.831870454429
1036,-2631.16552820933,0,0,-3111,30.5404923072964,179.09405350263,151.72765074303,118.47227523771099
1037,-2690.1844155835897,0,0,-3114,30.2383938191441,103.399999999991,169.230204765846,120.94698583143101
1038,-2867.4818581881104,0,0,-3117,-48.9343993171749,9.52425369593314e-12,175.2,123.252541129051
1039,-2875.7768585061303,0,0,-3120,53.007220125005595,-103.399999999995,169.230204765845,125.385716603013
1040,-3027.69331628493,0,0,-3123,-4.6704423398752,-179.094053502621,151.727650743034,127.34352881452699
1041,-3000.03723218266,0,0,-3126,79.7544201672704,-206.8,123.885108063883,129.123239586185
1042,-3118.03471388657,0,0,-3129,-28.2630202154967,-179.09405350262,87.5999999999983,130.722359831544
1043,-3042.4193748541497,0,0,-3132,15.4968754075541,-103.40000000001301,45.3450967019679,132.138653036345
1044,-3011.07103814615,0,0,-3135,-9.44117653261605,-1.17536829580673e-11,4.9788328197616e-12,133.370138386473
1045,-2984.95597825436,0,0,-3138,-39.4259750907054,103.399999999993,-45.34509670195829,134.415093538314
1046,-2914.87315755507,0,0,-3141,-0.6392680852841639,179.09405350262,-87.5999999999983,135.272057027598
1047,-2908.2252108324396,0,0,-3144,16.9200669180519,206.8,-123.885108063883,135.939830313396
1048,-3011.51271372198,0,0,-3147,-28.2965959359472,179.094053502621,-151.727650743034,136.417479454385
1049,-3107.09489543341,0,0,-3150,-27.969027082614303,103.399999999995,-169.230204765845,136.704336415053
1050,-3230.69001393248,0,0,-3153,-39.2900139324909,1.3983112220201498e-11,-175.2,136.8
1051,-3277.9887084733,0,0,-3156,13.937159877479699,-103.399999999991,-169.230204765846,136.704336415053
1052,-3350.79852611765,0,0,-3159,2.60569867361349,-179.09405350261798,-151.72765074303499,136.417479454385
1053,-3333.07396004601,0,0,-3162,23.6713177044829,-206.8,-123.88510806388399,135.939830313396
1054,-3310.7408519496003,0,0,-3165,-14.318855474579198,-179.094053502622,-87.59999999999991,135.272057027598
1055,-3161.91801231586,0,0,-3168,20.4119908478125,-103.40000000001699,-45.3450967019697,134.415093538314
1056,-3047.0412614692,0,0,-3171,-9.41139985568886,7.29789655849446e-12,3.0913720431533598e-12,133.370138386474
1057,-2841.24310277674,0,0,-3174,51.873147484970396,103.39999999998899,45.3450967019565,132.13865303634398
1058,-2758.2248203002,0,0,-3177,21.3587663656421,179.094053502617,87.5999999999967,130.722359831544
1059,-2719.94458667254,0,0,-3180,0.247065677397235,206.8,123.88510806388099,129.123239586185
1060,-2740.3977522698397,0,0,-3183,-15.562985330023999,179.09405350262298,151.727650743033,127.34352881452699
1061,-2780.66285328402,0,0,-3186,7.321225347124809,103.39999999999901,169.230204765845,125.385716603013
1062,-2913.58642950037,0,0,-3189,-23.0389706294384,1.84419707444699e-11,175.2,123.252541129051
1063,-2991.2913852502,0,0,-3192,13.9314241525332,-103.400000000007,169.230204765844,120.94698583143101
1064,-3106.6207753537606,0,0,-3195,-2.7266478318913,-179.094053502616,151.727650743036,118.47227523771099
1065,-3113.89219998703,0,0,-3198,51.1908214946595,-206.8,123.885108063885,115.831870454429
1066,-3191.94144093604,0,0,-3201,-12.476851759842999,-179.094053502624,87.6000000000016,113.029464326428
1067,-3184.25376064705,0,0,-3204,-32.2678336210935,-103.40000000000099,45.3450967019619,110.06897627208001
1068,-3113.5256584149897,0,0,-3207,-13.480205216614198,2.83903803422606e-12,-1.20260992165475e-12,106.954546801627
1069,-3073.52922579979,0,0,-3210,-25.2746608241216,103.39999999998501,-45.3450967019546,103.690531726298
1070,-3016.63716707508,0,0,-3213,4.58728335597467,179.094053502627,-87.6000000000037,100.28149606632
1071,-3013.7783571286104,0,0,-3216,22.5745432689469,206.8,-123.88510806388001,96.73220766631991
1072,-3096.7934196522497,0,0,-3219,1.7925470610998502,179.094053502625,-151.727650743032,93.04763052706171
1073,-3233.70527572312,0,0,-3222,-35.1079888201212,103.40000000000299,-169.230204765844,89.23291786284729
1074,-3263.6244192592103,0,0,-3225,51.2821758465201,-6.09608772091865e-13,-175.2,85.2934048942747
1075,-3452.99974758403,0,0,-3228,-33.6041442046392,-103.400000000004,-169.230204765844,81.2346013864554
1076,-3504.8243536909304,0,0,-3231,-20.0648333883843,-179.09405350261397,-151.727650743037,77.0621839431035
1077,-3454.13203682894,0,0,-3234,37.771083167644896,-206.8,-123.885108063887,72.7819880672985
1078,-3440.5094815308503,0,0,-3237,-5.21542802822279,-179.094053502626,-87.6000000000032,68.4000000000001
1079,-3316.22301099052,0,0,-3240,8.599737363690501,-103.400000000004,-45.3450967019638,63.9223483477555
1080,-3131.76163692424,0,0,-3243,51.883067564479504,-1.61982049004233e-12,-6.86152199843851e-13,59.35529551128221
1081,-3019.3439826509,0,0,-3246,23.2056917201915,103.40000000000201,45.3450967019624,54.7052289269404
1082,-2967.5557959836306,0,0,-3249,-35.228501619583,179.094053502625,87.600000000002,49.978652133323095
1083,-2884.06200566,0,0,-3252,-7.9292893993476605,206.8,123.88510806387899,45.1821756754667
1084,-2894.76064536875,0,0,-3255,-10.904857473822,179.094053502627,151.727650743031,40.322507859412106
1085,-2947.29289200532,0,0,-3258,2.67045785880945,103.400000000006,169.230204765844,35.4064453700248
1086,-3003.09992634547,0,0,-3261,52.259209889302795,3.849249752176529e-12,175.2,30.4408637652243
1087,-3130.3249238785997,0,0,-3264,42.4121634956733,-103.4,169.230204765845,25.432707859886698
1088,-3332.21413676408,0,0,-3267,-58.2367160173912,-179.094053502624,151.727650743033,20.3889820129002
1089,-3318.72399861648,0,0,-3270,18.874152988703603,-206.8,123.88510806388099,15.3167403309326
1090,-3425.35172364674,0,0,-3273,-71.08074694673579,-179.094053502628,87.60000000000478,10.223076802623499
1091,-3308.28856276875,0,0,-3276,20.651225152296398,-103.40000000000799,45.3450967019656,5.11511537700152
1092,-3266.27300448352,0,0,-3279,12.7269955164796,-6.07867901431073e-12,2.57491432134246e-12,-2.6822004449954303e-13
1093,-3272.5301577765003,0,0,-3282,-43.4699456975344,103.399999999998,-45.3450967019606,-5.11511537700109
1094,-3177.37688631203,0,0,-3285,26.352136987972198,179.094053502622,-87.6000000000004,-10.2230768026221
1095,-3202.19488521612,0,0,-3288,18.206963178687197,206.8,-123.88510806387698,-15.3167403309322
1096,-3277.96596457041,0,0,-3291,6.056614682908549,179.09405350261798,-151.72765074303499,-20.3889820129008
1097,-3362.33624992862,0,0,-3294,22.926662697103897,103.40000000001,-169.23020476584298,-25.432707859886303
1098,-3510.02514197341,0,0,-3297,-7.38427820819374,8.30810827644493e-12,-175.2,-30.4408637652238
1099,-3627.28638301878,0,0,-3300,-19.249732882911,-103.399999999996,-169.230204765845,-35.406445370025295
1100,-3653.81114905025,0,0,-3303,20.3330630548196,-179.094053502621,-151.727650743034,-40.3225078594116
1101,-3680.22539665986,0,0,-3306,1.64188707948711,-206.8,-123.885108063882,-45.1821756754663
1102,-3638.79759062322,0,0,-3309,-13.124884987262002,-179.094053502631,-87.6000000000065,-49.978652133322704
1103,-3496.08055925967,0,0,-3312,19.369766369224397,-103.399999999992,-45.3450967019578,-54.70522892694079
1104,-3425.1475309633197,0,0,-3315,-50.7922354520206,-1.05375375385791e-11,-4.46367644284106e-12,-59.355295511281795
1105,-3185.44334197813,0,0,-3318,47.7339096676752,103.399999999994,45.3450967019588,-63.9223483477542
1106,-3154.03423491072,0,0,-3321,-31.3282884133425,179.09405350262,87.5999999999988,-68.39999999999971
1107,-3052.3081539736304,0,0,-3324,13.788726029789,206.8,123.885108063883,-72.7819880672982
1108,-3107.66788162411,0,0,-3327,-34.4274019266637,179.09405350262,151.727650743034,-77.0621839431032
1109,-3144.4213405487103,0,0,-3330,-5.81694392811324,103.400000000014,169.23020476584298,-81.2346013864551
1110,-3259.02930141652,0,0,-3333,-15.9358965222331,-1.07434712401169e-11,175.2,-85.29340489427521
1111,-3429.7718710516497,0,0,-3336,-70.3691579546597,-103.399999999992,169.230204765846,-89.232917862847
1112,-3455.21318370667,0,0,-3339,4.20084957997323,-179.094053502619,151.72765074303499,-93.0476305270614
1113,-3554.47908994039,0,0,-3342,-32.8319903379558,-206.8,123.88510806388399,-96.7322076663196
1114,-3531.18026599378,0,0,-3345,5.59528357516338,-179.094053502621,87.59999999999951,-100.28149606632
1115,-3478.3857124085903,0,0,-3348,31.3597226157403,-103.399999999996,45.3450967019596,-103.690531726298
1116,-3479.5306868954603,0,0,-3351,-21.5761400938303,-1.49963960628475e-11,6.35243856433967e-12,-106.954546801626
1117,-3365.12949057607,0,0,-3354,40.8845823979766,103.39999999999,-45.345096701957,-110.06897627208001
1118,-3377.66026867823,0,0,-3357,0.875142145580018,179.09405350261798,-87.5999999999971,-113.029464326428
1119,-3398.55751221082,0,0,-3360,-5.640533692505809,206.8,-123.885108063882,-115.831870454429
1120,-3392.88382979497,0,0,-3363,61.2220426831555,179.094053502622,-151.727650743034,-118.47227523771099
1121,-3570.76124466812,0,0,-3366,-17.9840540708442,103.399999999998,-169.230204765845,-120.94698583143101
1122,-3719.15135313428,0,0,-3369,-51.69881200522511,-6.284612715848481e-12,-175.2,-123.252541129051
1123,-3776.59240436413,0,0,-3372,-6.5764829952854695,-103.399999999988,-169.230204765846,-125.385716603013
1124,-3829.8811749967,0,0,-3375,3.28405806347604,-179.094053502617,-151.727650743036,-127.34352881452699
1125,-3861.0451757492797,0,0,-3378,-23.2368280992063,-206.8,-123.885108063885,-129.123239586185
1126,-3742.3794937317207,0,0,-3381,36.0369196024439,-179.09405350262298,-87.60000000000109,-130.722359831544
1127,-3702.0382793772296,0,0,-3384,-37.1545296389235,-103.4,-45.3450967019614,-132.13865303634398
1128,-3544.5754429448903,0,0,-3387,-24.2053045583845,-1.9455254587115897e-11,-8.24120068583827e-12,-133.370138386473
1129,-3418.2778909584804,0,0,-3390,-42.607894122135704,103.400000000007,45.3450967019648,-134.415093538314
1130,-3270.0811292719395,0,0,-3393,-8.5031257469529,179.094053502616,87.5999999999955,-135.272057027598
1131,-3205.4622841842497,0,0,-3396,-4.2075619347352005,206.8,123.88510806388001,-135.939830313396
1132,-3163.11068011232,0,0,-3399,41.4850950964079,179.094053502625,151.727650743033,-136.417479454386
1133,-3302.3985091718605,0,0,-3402,-36.32437752265079,103.40000000000099,169.230204765845,-136.704336415053
1134,-3332.8409104467896,0,0,-3405,33.7590895532136,-1.82575419158008e-12,175.2,-136.8
1135,-3538.36598952461,0,0,-3408,-59.4918578754186,-103.399999999984,169.230204765847,-136.704336415053
1136,-3627.85209694579,0,0,-3411,-53.0682147318077,-179.094053502626,151.727650743032,-136.417479454385
1137,-3645.9658417236205,0,0,-3414,-13.1111194741107,-206.8,123.885108063886,-135.939830313396
1138,-3643.5098949806,0,0,-3417,0.25621554962493803,-179.094053502626,87.60000000000281,-135.272057027598
1139,-3591.20386693776,0,0,-3420,21.2661298985896,-103.40000000000299,45.3450967019633,-134.415093538314
1140,-3515.49995350347,0,0,-3423,40.8701848829995,-4.0367507055411897e-13,1.70995822923311e-13,-133.370138386473
1141,-3477.22853224237,0,0,-3426,22.855217495935197,103.40000000000299,-45.3450967019629,-132.138653036345
1142,-3481.40552043324,0,0,-3429,-13.1772141043139,179.09405350261397,-87.5999999999938,-130.722359831544
1143,-3459.3208290519897,0,0,-3432,18.887518598086,206.8,-123.885108063886,-129.123239586185
1144,-3558.79453335014,0,0,-3435,-23.817407295212302,179.094053502627,-151.727650743032,-127.34352881452699
1145,-3596.8982856432503,0,0,-3438,32.3176357256036,103.400000000005,-169.230204765844,-125.385716603013
1146,-3712.1136561244502,0,0,-3441,27.3388850045967,2.6331043326883197e-12,-175.2,-123.252541129051
1147,-3845.11235467901,0,0,-3444,-7.53516408173233,-103.40000000000099,-169.230204765845,-120.94698583143
1148,-3904.8073102739204,0,0,-3447,-8.51333079055239,-179.094053502624,-151.727650743033,-118.47227523771099
1149,-3888.5633970289296,0,0,-3450,7.95358148938789,-206.8,-123.885108063888,-115.83187045443
1150,-3783.74716449316,0,0,-3453,48.9763533359034,-179.094053502628,-87.6000000000044,-113.029464326428
1151,-3686.86509323868,0,0,-3456,27.9489797353695,-103.400000000007,-45.345096701965105,-110.06897627208001
1152,-3531.7521501268498,0,0,-3459,34.2023966747809,-4.86253359482251e-12,-2.0597579444219198e-12,-106.954546801627
1153,-3402.1162504375,0,0,-3462,14.829184586837199,103.39999999999901,45.3450967019611,-103.690531726298
1154,-3315.74378378435,0,0,-3465,-17.1563412206518,179.09405350262298,87.6000000000008,-100.28149606632
1155,-3290.2565755604305,0,0,-3468,-56.209475957997896,206.8,123.885108063885,-96.7322076663196
1156,-3257.22134569795,0,0,-3471,-23.995419416543303,179.094053502629,151.727650743031,-93.0476305270621
1157,-3320.9347476850203,0,0,-3474,-30.3320345880231,103.400000000009,169.230204765844,-89.23291786284771
1158,-3426.38769156037,0,0,-3477,-39.2942866660996,7.09196285695671e-12,175.2,-85.2934048942744
1159,-3552.18064220034,0,0,-3480,-56.7762455797311,-103.39999999999701,169.230204765845,-81.234601386455
1160,-3573.31834562856,0,0,-3483,14.110241074134901,-179.094053502622,151.727650743034,-77.0621839431039
1161,-3636.06330252469,0,0,-3486,5.633577478723179,-206.8,123.885108063889,-72.7819880672981
1162,-3641.6308619298998,0,0,-3489,7.2631915727227305,-179.09405350261798,87.59999999999741,-68.39999999999971
1163,-3639.8772797395795,0,0,-3492,-25.900028093785,-103.400000000011,45.345096701966895,-63.9223483477551
1164,-3603.53502620252,0,0,-3495,-49.1797306912328,-9.321392119090909e-12,3.94852006592052e-12,-59.355295511282606
1165,-3522.18008158721,0,0,-3498,-27.5297559583082,103.399999999995,-45.34509670195929,-54.70522892694079
1166,-3406.08119830463,0,0,-3501,53.403400326074895,179.094053502621,-87.5999999999992,-49.978652133322704
1167,-3456.7794783324603,0,0,-3504,9.48780540689197,206.8,-123.88510806388399,-45.18217567546721
1168,-3559.93216098835,0,0,-3507,-39.976055888534,179.094053502631,-151.72765074303,-40.3225078594125
1169,-3614.3101939763396,0,0,-3510,-3.07354384045667,103.399999999993,-169.230204765846,-35.406445370025295
1170,-3679.3595279634296,0,0,-3513,39.281335801784,1.15508213812251e-11,-175.2,-30.4408637652238
1171,-3825.09845490998,0,0,-3516,-11.0355422842496,-103.399999999993,-169.230204765846,-25.4327078598872
1172,-3881.46035023714,0,0,-3519,-11.2496639785838,-179.09405350262,-151.72765074303499,-20.3889820129017
1173,-3859.3778467138795,0,0,-3522,8.62400168093117,-206.8,-123.885108063883,-15.3167403309321
1174,-3807.01542918396,0,0,-3525,-5.09829887871634,-179.094053502621,-87.59999999999901,-10.223076802623
1175,-3645.7223748768897,0,0,-3528,36.137837202094104,-103.400000000015,-45.3450967019687,-5.115115377002019
1176,-3523.5078167192296,0,0,-3531,7.49218328075487,9.730187397470892e-12,4.12168479699444e-12,-2.3454435497270103e-13
1177,-3344.24238921513,0,0,-3534,35.897398705924296,103.399999999991,45.3450967019575,5.11511537700156
1178,-3235.93589198971,0,0,-3537,24.1469777050537,179.094053502619,87.59999999999759,10.223076802622499
1179,-3205.42024150325,0,0,-3540,-11.4220898980636,206.8,123.885108063882,15.3167403309317
1180,-2560.50265964154,1,0,-3543,41.74289010445221,179.094053502622,151.727650743034,20.3889820129003
1181,-3253.6700207842,0,0,-3546,-5.73293340992579,103.39999999999701,169.230204765845,25.4327078598868
1182,-3364.7147273909804,0,0,-3549,-21.3555911562153,1.6009679905493498e-11,175.2,30.440863765223302
1183,-3478.4604808152303,0,0,-3552,-27.697130951113,-103.39999999998899,169.230204765846,35.406445370023896
1184,-3545.48270787279,0,0,-3555,-3.43881297261894,-179.094053502617,151.727650743036,40.322507859412106
1185,-3585.87558999301,0,0,-3558,9.857126267636,-206.8,123.885108063885,45.182175675466794
1186,-3628.3371788134496,0,0,-3561,-25.8217774441486,-179.09405350262298,87.6000000000007,49.9786521333222
1187,-3573.94333657584,0,0,-3564,-6.593662204738471,-103.399999999998,45.3450967019609,54.7052289269404
1188,-3498.29531026062,0,0,-3567,9.349394228097221,5.27132887320249e-12,-2.2329226754958302e-12,59.35529551128221
1189,-3405.77729439269,0,0,-3570,42.2454539615247,103.39999999998699,-45.345096701955605,63.9223483477546
1190,-3413.2095165824103,0,0,-3573,-0.10357008502913,179.094053502616,-87.5999999999959,68.3999999999993
1191,-3428.2146228432102,0,0,-3576,-7.91150284662588,206.8,-123.88510806388099,72.7819880672977
1192,-3495.7584425581394,0,0,-3579,-21.1870292608387,179.094053502624,-151.727650743033,77.06218394310359
1193,-3571.4641925916203,0,0,-3582,-4.8685892122308605,103.4,-169.230204765845,81.23460138645471
1194,-3687.1171503252795,0,0,-3585,-12.2105552195771,2.0468538429761898e-11,-175.2,85.29340489427399
1195,-3796.93802000747,0,0,-3588,-25.5407331044694,-103.400000000006,-169.230204765844,89.23291786284659
1196,-3806.8287953406502,0,0,-3591,21.9452783779388,-179.09405350261503,-151.727650743036,93.04763052706171
1197,-3851.70225901459,0,0,-3594,-23.749358617023695,-206.8,-123.885108063886,96.7322076663193
1198,-3757.4593896247998,0,0,-3597,5.95316781150465,-179.094053502625,-87.60000000000228,100.28149606632
1199,-3576.63804874626,0,0,-3600,68.41651622941029,-103.40000000000201,-45.345096701962795,103.690531726298
1200,-3544.6267622581395,0,0,-3603,-48.581309059769794,8.124703489340959e-13,3.4416055399722806e-13,106.954546801626
1201,-3355.9308779601897,0,0,-3606,-8.74495093420987,103.39999999998301,45.34509670195379,110.06897627208001
1202,-3231.11032240097,0,0,-3609,-1.83384023002517,179.094053502626,87.6000000000029,113.029464326428
1203,-3160.2082090143895,0,0,-3612,5.27481246730489,206.8,123.88510806388001,115.831870454429
1204,-3176.0693250153804,0,0,-3615,-10.3633044987538,179.094053502626,151.727650743032,118.47227523771099
1205,-3246.53424266421,0,0,-3618,-22.111433261493396,103.400000000004,169.230204765844,120.94698583143
1206,-3260.46436834369,0,0,-3621,62.083090527255706,1.4169589132001002e-12,175.2,123.252541129051
1207,-3415.1788730345397,0,0,-3624,17.605205596607803,-103.40000000000201,169.230204765845,125.385716603013
1208,-3541.8018840264203,0,0,-3627,-14.7790100813731,-179.09405350261298,151.727650743037,127.34352881452699
1209,-3600.6843341391796,0,0,-3630,-16.8926817892482,-206.8,123.88510806388001,129.123239586185
1210,-3567.00152095877,0,0,-3633,26.770172712306,-179.094053502627,87.60000000000392,130.722359831544
1211,-3623.2571827691204,0,0,-3636,-61.34093250742129,-103.400000000006,45.3450967019646,132.13865303634398
1212,-3540.59390591211,0,0,-3639,-34.964044298585804,-3.6463881753343e-12,1.54460156750138e-12,133.370138386473
1213,-3453.32468885932,0,0,-3642,-3.79468569566712,103.4,-45.3450967019616,134.415093538314
1214,-3392.2203282354303,0,0,-3645,26.0135612343504,179.094053502624,-87.6000000000013,135.272057027598
1215,-3393.02764624713,0,0,-3648,36.1176315033517,206.8,-123.88510806387801,135.939830313396
1216,-3456.05456457587,0,0,-3651,31.161553210144,179.094053502628,-151.727650743031,136.417479454385
1217,-3545.2230647010706,0,0,-3654,37.902803649716894,103.40000000000799,-169.230204765844,136.704336415053
1218,-3730.7452253554998,0,0,-3657,-35.3452253555044,5.8758174374685e-12,-175.2,136.8
1219,-3816.91431623823,0,0,-3660,-20.988447887436898,-103.399999999998,-169.230204765845,136.704336415053
1220,-3848.8158235135706,0,0,-3663,8.58840127769536,-179.09405350262298,-151.727650743033,136.417479454385
1221,-3833.7861143518703,0,0,-3666,26.9591633986165,-206.8,-123.885108063882,135.939830313396
1222,-3807.9300366058706,0,0,-3669,-7.5080401308289195,-179.09405350263,-87.6000000000056,135.272057027598
1223,-3632.41922047799,0,0,-3672,53.9107826856717,-103.40000000001,-45.3450967019664,134.415093538314
1224,-4133.645629206861,1,0,-3675,-2.47200359787168,-8.105246699602699e-12,-3.4333636889999797e-12,133.370138386474
1225,-4004.05897865834,1,0,-3678,-17.3989644011938,103.399999999996,45.345096701959804,132.13865303634398
1226,-3287.6936648716996,0,0,-3681,-4.11007820586187,179.094053502621,87.5999999999996,130.722359831544
1227,-3219.4329654142603,0,0,-3684,4.75868693567225,206.8,123.88510806388399,129.123239586185
1228,-3230.1444738893297,0,0,-3687,-1.30970694951048,179.094053502619,151.72765074303499,127.34352881452699
1229,-3255.5616610187103,0,0,-3690,36.4224176124222,103.400000000012,169.23020476584298,125.385716603013
1230,-3444.9578479148104,0,0,-3693,-50.41038904387629,1.03346759617369e-11,175.2,123.252541129051
1231,-3486.3585674755896,0,0,-3696,22.8642419271272,-103.399999999994,169.230204765846,120.94698583143101
1232,-3614.5613349823298,0,0,-3699,-6.6672074604514595,-179.09405350262,151.727650743034,118.472275237712
1233,-4279.50657150266,1,0,-3702,-20.8797860255259,-206.8,123.885108063883,115.831870454429
1234,-3726.1994784272997,0,0,-3705,-42.7348892511044,-179.094053502632,87.60000000000721,113.029464326428
1235,-3636.58613076325,0,0,-3708,19.399796262708602,-103.399999999994,45.345096701958596,110.06897627208001
1236,-3606.90096389975,0,0,-3711,-2.8555107013643997,-1.2564105223871099e-11,5.32212581049859e-12,106.954546801626
1237,-3544.7050610330202,0,0,-3714,7.54950394264712,103.399999999992,-45.3450967019579,103.690531726298
1238,-3533.76417071375,0,0,-3717,-8.53972028269258,179.094053502619,-87.59999999999799,100.28149606632
1239,-3522.9656793042604,0,0,-3720,17.3872210932993,206.8,-123.885108063883,96.73220766632
1240,-3589.4201107960903,0,0,-3723,13.165855917261,179.094053502621,-151.727650743034,93.04763052706171
1241,-3741.18822002989,0,0,-3726,-38.590933126907395,103.40000000001601,-169.23020476584298,89.23291786284729
1242,-3819.2412048057104,0,0,-3729,-0.33460969998063395,-8.71690355482491e-12,-175.2,85.2934048942748
1243,-3873.4723723607503,0,0,-3732,49.9232310186314,-103.39999999999,-169.230204765846,81.2346013864555
1244,-3987.9073694312606,0,0,-3735,0.8521508712896558,-179.09405350261798,-151.72765074303499,77.06218394310359
1245,-3975.2518740868604,0,0,-3738,20.651245909725198,-206.8,-123.88510806388399,72.7819880672986
1246,-3951.5919962738794,0,0,-3741,-12.2979427712571,-179.094053502622,-87.60000000000021,68.4000000000002
1247,-3833.35127018921,0,0,-3744,-4.52852183500557,-103.39999999999701,-45.3450967019604,63.9223483477555
1248,-3656.0331360587898,0,0,-3747,31.6115684299544,-1.7022963748139503e-11,-7.210887931997191e-12,59.35529551128221
1249,-3518.34926589894,0,0,-3750,28.200408472148197,103.400000000009,45.3450967019658,54.7052289269404
1250,-3431.22320567538,0,0,-3753,5.1040886886823,179.094053502617,87.59999999999641,49.9786521333232
1251,-3380.06170637336,0,0,-3756,0.0710098872957927,206.8,123.88510806388099,45.182175675466794
1252,-3369.08802546886,0,0,-3759,18.7677624260737,179.09405350262298,151.727650743033,40.322507859412106
1253,-3422.0623002036104,0,0,-3762,31.9010496605241,103.39999999999901,169.230204765845,35.4064453700248
1254,-3580.77163966216,0,0,-3765,-21.4125034273819,-4.25804503055651e-12,175.2,30.4408637652243
1255,-3695.03642145604,0,0,-3768,-18.299334081784302,-103.399999999986,169.230204765847,25.4327078598868
1256,-3794.1647445888398,0,0,-3771,-16.1873238421649,-179.094053502616,151.727650743036,20.3889820129012
1257,-3859.6056363091902,0,0,-3774,-18.0074847040128,-206.8,123.885108063886,15.3167403309326
1258,-3792.8449831339294,0,0,-3777,65.4259935660706,-179.094053502624,87.60000000000191,10.223076802623499
1259,-3818.3453687572796,0,0,-3780,14.5944191637558,-103.40000000000099,45.3450967019623,5.11511537700156
1260,-3781.2957394196796,0,0,-3783,1.70426058031957,2.02861576842231e-12,-8.59316930917768e-13,-2.3471370807487194e-13
1261,-3788.7428704157105,0,0,-3786,-55.682658336750094,103.400000000005,-45.345096701963904,-5.115115377001049
1262,-3710.50510424197,0,0,-3789,-2.77608094196599,179.09405350261503,-87.5999999999947,-10.223076802623
1263,-3702.8460392041707,0,0,-3792,21.5558091906373,206.8,-123.88510806388001,-15.3167403309321
1264,-3729.8344477473997,0,0,-3795,58.1881315059109,179.094053502626,-151.727650743032,-20.388982012900698
1265,-3888.90458370984,0,0,-3798,0.358328915886753,103.40000000000299,-169.230204765844,-25.432707859886303
1266,-4024.3292210061204,0,0,-3801,-17.6883572408926,2.00813493711887e-13,-175.2,-30.4408637652238
1267,-4106.92405859635,0,0,-3804,5.11259153950294,-103.39999999998301,-169.230204765847,-35.406445370024294
1268,-4171.55697208007,0,0,-3807,6.587240025000451,-179.094053502625,-151.727650743032,-40.3225078594116
1269,-4228.380388291379,0,0,-3810,-42.5131045520226,-206.8,-123.885108063887,-45.1821756754663
1270,-4127.34882046985,0,0,-3813,2.32388516610584,-179.094053502627,-87.6000000000035,-49.978652133322704
1271,-4024.28094437974,0,0,-3816,-4.830618750829401,-103.400000000005,-45.3450967019641,-54.70522892694079
1272,-3864.2537004622204,0,0,-3819,14.1015950490639,-2.43024275584609e-12,-1.02944519058084e-12,-59.3552955112817
1273,-3743.41135275419,0,0,-3822,-6.2341011084032,103.40000000000099,45.3450967019621,-63.9223483477542
1274,-3642.85826363535,0,0,-3825,-16.152317137954398,179.094053502612,87.5999999999931,-68.39999999999971
1275,-3597.3247169086403,0,0,-3828,-27.2278369052277,206.8,123.885108063886,-72.7819880672981
1276,-3575.4823540012703,0,0,-3831,1.7581256961738998,179.094053502628,151.727650743031,-77.0621839431032
1277,-3638.81338535734,0,0,-3834,3.79101126326011,103.400000000007,169.230204765844,-81.234601386455
1278,-3724.36426551034,0,0,-3837,22.7291393839305,4.65967201798028e-12,175.2,-85.2934048942744
1279,-3837.7902864138,0,0,-3840,25.612426683204003,-103.39999999999901,169.230204765845,-89.2329178628469
1280,-3948.24717724617,0,0,-3843,15.166856040480098,-179.09405350262298,151.727650743033,-93.04763052706129
1281,-4002.0015190890003,0,0,-3846,23.6455805134279,-206.8,123.885108063888,-96.7322076663196
1282,-4053.17277667669,0,0,-3849,-12.397227107753197,-179.094053502617,87.59999999999648,-100.28149606632
1283,-4055.1836624871703,0,0,-3852,-41.4382274628288,-103.400000000009,45.34509670196589,-103.690531726298
1284,-3986.9331842232,0,0,-3855,-24.978637421568,-6.889101280114481e-12,2.91820731207944e-12,-106.954546801626
1285,-3944.94571790802,0,0,-3858,-34.931644933973,103.39999999999701,-45.345096701960294,-110.06897627208001
1286,-3894.8014780236404,0,0,-3861,-12.266067199834302,179.094053502622,-87.6000000000001,-113.029464326428
1287,-3872.00056204702,0,0,-3864,24.9164164712912,206.8,-123.88510806388399,-115.831870454429
1288,-3949.5638146755,0,0,-3867,8.54205780260774,179.09405350263,-151.72765074303,-118.47227523771099
1289,-4051.68638015687,0,0,-3870,5.09081044039028,103.400000000011,-169.23020476584298,-120.94698583143
1290,-4197.9962576333,0,0,-3873,-26.543716504260804,9.11853054224868e-12,-175.2,-123.252541129051
1291,-4295.68338088742,0,0,-3876,-21.6674595185629,-103.399999999995,-169.230204765845,-125.385716603013
1292,-4318.69716120418,0,0,-3879,18.4680718560012,-179.094053502621,-151.727650743034,-127.34352881452699
1293,-4396.51891435979,0,0,-3882,-54.7105667097215,-206.8,-123.885108063883,-129.123239586185
1294,-4265.78838788962,0,0,-3885,16.628025444543198,-179.094053502619,-87.59999999999809,-130.722359831544
1295,-4170.932761334029,0,0,-3888,-2.04901159570307,-103.40000000001301,-45.345096701967705,-132.13865303634398
1296,-3993.1576544855297,0,0,-3891,31.2124839009587,-1.13479598043829e-11,-4.80696943357805e-12,-133.370138386473
1297,-3872.8322776300606,0,0,-3894,6.83771920630373,103.399999999993,45.3450967019584,-134.415093538314
1298,-3777.1589867199104,0,0,-3897,-11.5809831949266,179.09405350262,87.5999999999984,-135.272057027598
1299,-3697.8729796033795,0,0,-3900,7.38174264612805,206.8,123.885108063883,-135.939830313396
1300,-3704.05698043582,0,0,-3903,4.53879477290681,179.094053502632,151.72765074302902,-136.417479454385
1301,-3775.20464038068,0,0,-3906,-5.13050873147007,103.399999999994,169.230204765845,-136.704336415053
1302,-3872.7655857243,0,0,-3909,-2.16558572431152,1.35773890665171e-11,175.2,-136.8
1303,-3966.2503554942796,0,0,-3912,16.6237761549222,-103.399999999991,169.230204765846,-136.704336415053
1304,-4085.8785957140294,0,0,-3915,-7.0947135000624595,-179.094053502619,151.72765074303499,-136.417479454386
1305,-4146.10717071296,0,0,-3918,-9.25244846344693,-206.8,123.88510806388399,-135.939830313396
1306,-4131.94713986148,0,0,-3921,15.8189706687423,-179.094053502622,87.5999999999998,-135.272057027598
1307,-4109.93031717365,0,0,-3924,6.53967966270644,-103.40000000001699,45.3450967019696,-134.415093538314
1308,-4057.07848138081,0,0,-3927,3.29165700565881,7.70361971217892e-12,-3.2632354293369103e-12,-133.370138386473
1309,-4029.39894594099,0,0,-3930,-25.315196202673203,103.39999999998899,-45.34509670195661,-132.138653036345
1310,-3947.0505458268394,0,0,-3933,25.1777605020828,179.09405350261798,-87.5999999999968,-130.722359831544
1311,-3968.8697861276,0,0,-3936,13.3385615224627,206.8,-123.885108063882,-129.123239586184
1312,-4034.30853799613,0,0,-3939,4.66858805879328,179.094053502634,-151.727650743028,-127.34352881452699
1313,-4089.70426578471,0,0,-3942,43.5116555841446,103.399999999998,-169.230204765845,-125.385716603013
1314,-4235.78270423315,0,0,-3945,7.6698368959091905,-5.47419045004472e-12,-175.2,-123.252541129051
1315,-4305.82627043924,0,0,-3948,35.750920158028,-103.39999999998699,-169.230204765846,-120.94698583143101
1316,-4435.62634543604,0,0,-3951,-35.3323659526804,-179.094053502616,-151.727650743036,-118.47227523771099
1317,-4394.99410227919,0,0,-3954,5.52287623911298,-206.8,-123.88510806387801,-115.831870454429
1318,-4312.5441569305,0,0,-3957,24.1793608985508,-179.094053502624,-87.60000000000142,-113.029464326428
1319,-4262.963103085221,0,0,-3960,-44.1490301111798,-103.4,-45.34509670196179,-110.06897627208001
1320,-4094.84619262339,0,0,-3963,-24.8916458217378,-2.02656768529197e-11,-8.58449367657526e-12,-106.954546801627
1321,-3968.8341351578206,0,0,-3966,-47.888700133457405,103.399999999986,45.345096701954795,-103.690531726298
1322,-3782.9864284778205,0,0,-3969,19.6010140858728,179.094053502627,87.60000000000379,-100.28149606632
1323,-3778.1350149963,0,0,-3972,-40.0879153938596,206.8,123.88510806388001,-96.7322076663203
1324,-3752.23553348802,0,0,-3975,-15.0096072066201,179.094053502625,151.727650743032,-93.0476305270621
1325,-3795.61951932916,0,0,-3978,-1.01680623216062,103.40000000000201,169.230204765844,-89.232917862847
1326,-3889.24388771789,0,0,-3981,1.8495171763660703,2.24951061150539e-11,175.2,-85.29340489427521
1327,-4049.3681750493897,0,0,-3984,-49.9637784287725,-103.400000000004,169.230204765844,-81.2346013864551
1328,-4102.56973446104,0,0,-3987,-11.1411477583446,-179.094053502626,151.727650743032,-77.0621839431032
1329,-4125.61076402524,0,0,-3990,20.0861159781678,-206.8,123.885108063887,-72.7819880672982
1330,-4146.94671985986,0,0,-3993,5.94733364276417,-179.094053502626,87.60000000000299,-68.39999999999971
1331,-4137.04342137395,0,0,-3996,-19.066169728141602,-103.400000000025,45.3450967019732,-63.9223483477559
1332,-4048.5194903460797,0,0,-3999,9.83580516520357,-1.21409733635787e-12,5.142888136602971e-13,-59.355295511282606
1333,-3940.36389409844,0,0,-4002,58.286431530465705,103.40000000000201,-45.3450967019626,-54.70522892694079
1334,-3969.438697056379,0,0,-4005,-5.95409842567198,179.09405350261298,-87.59999999999359,-49.9786521333236
1335,-4025.2800558503495,0,0,-4008,-55.012772111005404,206.8,-123.88510806387899,-45.18217567546721
1336,-3985.8305355358098,0,0,-4011,38.12556956402079,179.09405350261503,-151.727650743036,-40.3225078594116
1337,-4104.05682730409,0,0,-4014,11.179822831777198,103.400000000006,-169.230204765844,-35.406445370025295
1338,-4223.97905611748,0,0,-4017,-1.3381923522633001,3.4435265984920696e-12,-175.2,-30.4408637652238
1339,-4363.728015034179,0,0,-4020,-45.6651024084447,-103.4,-169.230204765845,-25.432707859886303
1340,-4337.43576463423,0,0,-4023,36.77492162431761,-179.094053502612,-151.727650743038,-20.3889820129008
1341,-4388.12826332706,0,0,-4026,-16.1264149322493,-206.8,-123.88510806388099,-15.3167403309322
1342,-4307.23693916313,0,0,-4029,-1.31980885787577,-179.094053502628,-87.60000000000471,-10.223076802624
1343,-4189.01219289955,0,0,-4032,-3.15198082057054,-103.40000000000799,-45.345096701965396,-5.11511537700206
1344,-4026.1806463637604,0,0,-4035,8.819353636245001,-5.67295586062627e-12,-2.4030509351589e-12,-2.6805069139737303e-13
1345,-3901.63679871629,0,0,-4038,-17.4970107952225,103.39999999997801,45.3450967019512,5.11511537700055
1346,-3741.7423084715,0,0,-4041,22.3405612232525,179.09405350262298,87.60000000000049,10.223076802622499
1347,-3690.2596070117997,0,0,-4044,7.73854459338339,206.8,123.885108063885,15.3167403309326
1348,-3728.5112043149898,0,0,-4047,-32.721890573551605,179.094053502629,151.72765074303,20.3889820129002
1349,-3743.78914888101,0,0,-4050,8.14793849325279,103.40000000001,169.230204765844,25.432707859886698
1350,-3849.6738950602503,0,0,-4053,-2.31475882546328,-1.5608052918069698e-11,175.2,30.4408637652243
1351,-3952.1046045153703,0,0,-4056,2.65874534875771,-103.399999999996,169.230204765845,35.406445370023796
1352,-4067.26558370863,0,0,-4059,-21.221688808454303,-179.094053502622,151.727650743034,40.322507859412106
1353,-4134.67223511065,0,0,-4062,-34.93951885,-206.8,123.885108063889,45.18217567546579
1354,-4134.54644899719,0,0,-4065,-28.031047627883897,-179.094053502631,87.60000000000629,49.9786521333222
1355,-4016.46636014301,0,0,-4068,54.8833142280863,-103.399999999991,45.3450967019576,54.7052289269404
1356,-4040.8014943771796,0,0,-4071,-29.156789888458,-1.0131814384894698e-11,4.29181305665751e-12,59.3552955112813
1357,-3908.9008769477796,0,0,-4074,43.121871406429996,103.399999999994,-45.345096701959,63.9223483477546
1358,-3902.7863161754603,0,0,-4077,14.319630321919401,179.09405350262,-87.59999999999891,68.4000000000001
1359,-3887.7670653034397,0,0,-4080,36.536054693141296,206.8,-123.885108063876,72.7819880672977
1360,-3993.07162532034,0,0,-4083,-14.5002120230337,179.09405350262,-151.72765074303499,77.0621839431035
1361,-4075.38294783391,0,0,-4086,-4.787344454513089,103.399999999993,-169.230204765846,81.2346013864554
1362,-4185.20225783725,0,0,-4089,-6.295662731536809,1.23612436470289e-11,-175.2,85.29340489427399
1363,-4252.75709564289,0,0,-4092,22.6401912600979,-103.399999999992,-169.230204765846,89.23291786284729
1364,-4288.328364088629,0,0,-4095,44.4457096299548,-179.094053502608,-151.72765074304,93.047630527061
1365,-4361.65504009889,0,0,-4098,-29.702139701325496,-206.8,-123.88510806388399,96.7322076663193
1366,-4290.49607530224,0,0,-4101,-23.083517865942003,-179.094053502621,-87.5999999999993,100.28149606632
1367,-4130.05548012839,0,0,-4104,18.9990848472933,-103.40000000001601,-45.3450967019691,103.690531726298
1368,-4017.5399890875105,0,0,-4107,-17.4945358891136,-1.45906729091631e-11,-6.180575178156111e-12,106.954546801626
1369,-3873.59027235365,0,0,-4110,-22.404345327711702,103.400000000011,45.3450967019667,110.06897627208001
1370,-3711.2664144404707,0,0,-4113,22.010067730491,179.09405350261798,87.5999999999973,113.029464326428
1371,-3630.90494201826,0,0,-4116,38.5780794634305,206.8,123.885108063882,115.831870454429
1372,-3639.24544468789,0,0,-4119,30.46057582874,179.094053502622,151.727650743034,118.47227523771099
1373,-3766.37405290495,0,0,-4122,-37.951243502242605,103.40000000001801,169.23020476584298,120.94698583143
1374,-3864.9699821258796,0,0,-4125,-38.42252325492571,-6.69033586953294e-12,175.2,123.252541129051
1375,-3943.19478643327,0,0,-4128,-6.4107078021380595,-103.39999999998899,169.230204765846,125.38571660301201
1376,-4020.38780626276,0,0,-4131,10.6350676822974,-179.094053502617,151.727650743036,127.34352881452699
1377,-4120.26313885104,0,0,-4134,-32.4714865011067,-206.8,123.885108063885,129.123239586185
1378,-4100.95174552789,0,0,-4137,-3.18005185680413,-179.094053502635,87.6000000000096,130.722359831544
1379,-4057.11235370243,0,0,-4140,8.803896559264011,-103.39999999999901,45.345096701961296,132.13865303634398
1380,-4042.28559577041,0,0,-4143,-32.655734156887895,4.46090660739874e-12,-1.8896296847588504e-12,133.370138386474
1381,-3968.8700951977503,0,0,-4146,-15.3400920340923,103.39999999998699,-45.3450967019553,134.415093538314
1382,-3934.6602578186,0,0,-4149,-12.4263683488148,179.094053502616,-87.59999999999559,135.272057027598
1383,-3931.8564356373604,0,0,-4152,1.2888421131269,206.8,-123.885108063888,135.939830313396
1384,-3938.66336790322,0,0,-4155,52.552749882801706,179.094053502624,-151.727650743033,136.417479454385
1385,-4112.533676885089,0,0,-4158,-25.4078085343047,103.40000000000099,-169.230204765845,136.704336415053
1386,-4239.63067972261,0,0,-4161,-40.230679722632104,2.12789606955657e-11,-175.2,136.8
1387,-4345.08081829966,0,0,-4164,-45.1549499488827,-103.39999999998501,-169.230204765847,136.704336415053
1388,-4334.84257380015,0,0,-4167,26.5616509911218,-179.094053502627,-151.727650743032,136.417479454385
1389,-4400.33975519839,0,0,-4170,-35.5944774479036,-206.8,-123.885108063886,135.939830313396
1390,-4312.27475520856,0,0,-4173,-7.85275873353485,-179.094053502625,-87.6000000000026,135.272057027598
1391,-4214.11747974574,0,0,-4176,-23.787476582091497,-103.40000000000299,-45.3450967019631,134.415093538314
1392,-4035.69358333793,0,0,-4179,9.93627827562818,-2.35083899576999e-11,-9.95809942115332e-12,133.370138386474
1393,-3969.4680155931605,0,0,-4182,-68.3517653314707,103.40000000000299,45.3450967019631,132.138653036345
1394,-3737.8318441059996,0,0,-4185,49.7517425598269,179.094053502625,87.6000000000026,130.722359831544
1395,-3738.5384337777296,0,0,-4188,-10.346781427797302,206.8,123.88510806387899,129.123239586185
1396,-3698.4871222080797,0,0,-4191,34.3476447317323,179.094053502627,151.727650743032,127.34352881452699
1397,-3819.3127715521296,0,0,-4194,-23.328692921009697,103.400000000025,169.230204765842,125.385716603013
1398,-3895.34627562726,0,0,-4197,3.20118324368743,2.2273811790038502e-12,175.2,123.252541129051
1399,-4015.7822632024604,0,0,-4200,-2.55945379973137,-103.40000000000099,169.230204765845,120.94698583143101
1400,-4157.54269866198,0,0,-4203,-45.648571140119294,-179.09405350261298,151.727650743038,118.472275237712
1401,-4159.83155625283,0,0,-4206,13.251465228852501,-206.8,123.885108063888,115.831870454429
1402,-4214.56478232334,0,0,-4209,-27.100193147147497,-179.094053502616,87.59999999999559,113.029464326428
1403,-4117.47320710276,0,0,-4212,42.512719923198,-103.400000000007,45.345096701964906,110.06897627208099
1404,-4116.422802624021,0,0,-4215,-8.377349425645441,-4.4568104411380495e-12,1.88789455823836e-12,106.954546801626
1405,-4060.29495869798,0,0,-4218,-4.04039372231368,103.39999999999901,-45.345096701961296,103.690531726298
1406,-4055.3597637065295,0,0,-4221,-26.135313275466398,179.094053502612,-87.59999999999229,100.281496066321
1407,-4049.8368062403497,0,0,-4224,-5.48390584278341,206.8,-123.885108063885,96.73220766632
1408,-4161.864012332299,0,0,-4227,-55.2780456189602,179.094053502629,-151.727650743031,93.0476305270625
1409,-4169.07332922363,0,0,-4230,37.5239576793575,103.400000000009,-169.230204765844,89.23291786284729
1410,-4364.02585605284,0,0,-4233,-41.1192609471213,6.6862397032722496e-12,-175.2,85.2934048942748
1411,-4432.261464429871,0,0,-4236,-4.86586105049752,-103.399999999977,-169.23020476584801,81.2346013864555
1412,-4528.77390958803,0,0,-4239,-36.0143892854736,-179.094053502622,-151.727650743034,77.06218394310359
1413,-4443.940216453901,0,0,-4242,55.962903542679605,-206.8,-123.885108063882,72.78198806729779
1414,-4406.43709438317,0,0,-4245,36.8569591194691,-179.09405350263,-87.6000000000059,68.400000000001
1415,-4342.289485835579,0,0,-4248,-9.46673748135677,-103.400000000011,-45.3450967019667,63.922348347754706
1416,-4202.72682651039,0,0,-4251,-11.0821220216965,1.45947690754237e-11,6.1823103046765996e-12,59.3552955112813
1417,-4055.5833129089797,0,0,-4254,-5.033638537880081,103.399999999995,45.3450967019594,54.7052289269413
1418,-3960.8120175983795,0,0,-4257,-20.4847232343286,179.094053502621,87.5999999999993,49.9786521333232
1419,-3885.5663141107398,0,0,-4260,-1.43359785008899,206.8,123.88510806388399,45.182175675466794
1420,-3890.3556701510706,0,0,-4263,1.50011774385739,179.094053502631,151.72765074303,40.322507859412106
1421,-3976.79887825212,0,0,-4266,-18.835528387985498,103.399999999992,169.230204765846,35.4064453700248
1422,-4080.59642175326,0,0,-4269,-17.237285518496698,1.11450982275406e-11,175.2,30.4408637652243
1423,-4174.21346108378,0,0,-4272,6.52362629048422,-103.399999999993,169.230204765846,25.4327078598868
1424,-4283.0527108062,0,0,-4275,-1.07529005951702,-179.09405350262,151.72765074303499,20.3889820129003
1425,-4327.742487298329,0,0,-4278,17.855664306850603,-206.8,123.88510806389,15.3167403309336
1426,-4392.60102686606,0,0,-4281,-30.3300501660599,-179.09405350262,87.59999999999891,10.223076802623499
1427,-4355.75497313716,0,0,-4284,-18.815185216126803,-103.399999999994,45.345096701959,5.11511537700062
1428,-4323.48344095338,0,0,-4287,-36.4834409533705,-1.3374527489674801e-11,5.66541880123557e-12,7.708150908696171e-13
1429,-4256.76142478443,0,0,-4290,-19.7012127054604,103.399999999991,-45.3450967019576,-5.11511537700102
1430,-4183.22289380886,0,0,-4293,28.506129491139603,179.094053502631,-87.60000000000629,-10.223076802623
1431,-4219.090814889601,0,0,-4296,9.311033505219461,206.8,-123.885108063882,-15.3167403309321
1432,-4289.01692885002,0,0,-4299,3.00565040328786,179.094053502622,-151.727650743034,-20.388982012900698
1433,-4362.62436307025,0,0,-4302,30.638549555465698,103.40000000001699,-169.23020476584298,-25.432707859886197
1434,-4554.33234522678,0,0,-4305,-43.691481461566106,1.5603956751809003e-11,-175.2,-30.4408637652238
1435,-4608.46163411066,0,0,-4308,7.5750160252139995,-103.40000000001,-169.230204765844,-35.4064453700252
1436,-4720.800499843929,0,0,-4311,-38.6562877388699,-179.09405350261798,-151.72765074303499,-40.3225078594106
1437,-4690.44593692521,0,0,-4314,-0.578653185854972,-206.8,-123.885108063885,-45.182175675466205
1438,-4653.9643062895,0,0,-4317,-20.2916006535559,-179.09405350262298,-87.60000000000049,-49.9786521333235
1439,-4519.33521561852,0,0,-4320,4.1151100104118505,-103.40000000001899,-45.3450967019704,-54.705228926939895
1440,-4384.61295149386,0,0,-4323,-2.25765598258567,5.6770520268869495e-12,2.40478606167939e-12,-59.3552955112817
1441,-4212.1484162938,0,0,-4326,29.0288353519778,103.40000000000799,45.345096701965396,-63.922348347755005
1442,-4100.32797318604,0,0,-4329,30.377973311350697,179.094053502617,87.59999999999609,-68.39999999999971
1443,-4086.0022240505,0,0,-4332,-11.9053440470863,206.8,123.88510806388099,-72.7819880672981
1444,-4082.54847562366,0,0,-4335,-1.3079959262174499,179.094053502635,151.727650743028,-77.0621839431031
1445,-4117.10991193605,0,0,-4338,29.4944846845562,103.4,169.230204765845,-81.234601386455
1446,-4251.5451852253,0,0,-4341,-0.45178033102018794,-3.44762276475276e-12,175.2,-85.2934048942751
1447,-4393.79710105743,0,0,-4344,-26.3943879604418,-103.399999999986,169.230204765847,-89.23291786284621
1448,-4465.63854101217,0,0,-4347,1.7754922744727901,-179.09405350261503,151.727650743036,-93.04763052706129
1449,-4555.080177623679,0,0,-4350,-25.433078021237197,-206.8,123.88510806387899,-96.7322076663196
1450,-4520.50111413832,0,0,-4353,24.2744354306239,-179.094053502625,87.60000000000221,-100.28149606632
1451,-4493.21944714218,0,0,-4356,24.5259878821562,-103.40000000000201,45.3450967019626,-103.690531726298
1452,-4442.39731303355,0,0,-4359,23.5572337680718,1.21819350261856e-12,-5.16023940180782e-13,-106.954546801627
1453,-4408.92255935557,0,0,-4362,5.09151361847609,103.399999999984,-45.345096701954006,-110.06897627208001
1454,-4401.59383617606,0,0,-4365,-15.0584253522551,179.094053502626,-87.60000000000309,-113.029464326428
1455,-4442.1721110485905,0,0,-4368,-41.2551325302848,206.8,-123.88510806388001,-115.831870454429
1456,-4449.72742710589,0,0,-4371,12.378445372223,179.094053502626,-151.727650743032,-118.47227523771099
1457,-4584.15925722079,0,0,-4374,-23.382066623515602,103.400000000004,-169.230204765844,-120.94698583143101
1458,-4710.02522446739,0,0,-4377,-34.5726833383634,2.45216738003458e-11,-175.2,-123.252541129051
1459,-4792.0606756485295,0,0,-4380,-14.044754279674999,-103.40000000000201,-169.230204765844,-125.385716603013
1460,-4859.00994864392,0,0,-4383,-17.844715583734104,-179.094053502625,-151.727650743032,-127.34352881452699
1461,-4797.92769945474,0,0,-4386,47.88064819532829,-206.8,-123.885108063887,-129.123239586184
1462,-4755.0325426748495,0,0,-4389,31.3838706593212,-179.094053502627,-87.60000000000379,-130.722359831544
1463,-4645.38254489519,0,0,-4392,27.501204843097803,-103.399999999986,-45.345096701954795,-132.138653036345
1464,-4524.64784363915,0,0,-4395,3.7222947473332297,-3.24066502164984e-12,-1.3727381813178202e-12,-133.370138386473
1465,-4410.34795145474,0,0,-4398,-26.6779546183927,103.4,45.34509670196179,-134.415093538314
1466,-4306.43237596949,0,0,-4401,-36.8543724444922,179.094053502612,87.59999999999279,-135.27205702759701
1467,-4238.04889705057,0,0,-4404,-28.7941748010566,206.8,123.88510806387801,-135.939830313396
1468,-4222.12319753467,0,0,-4407,-9.52742232593845,179.094053502616,151.727650743036,-136.417479454386
1469,-4302.30298191237,0,0,-4410,-28.228850263168102,103.40000000000799,169.230204765844,-136.704336415053
1470,-4350.89540854426,0,0,-4413,23.7045914557313,5.4700942837840396e-12,175.2,-136.8
1471,-4487.58265897945,0,0,-4416,-0.7085273302460631,-103.399999999998,169.230204765845,-136.704336415053
1472,-4563.51623100453,0,0,-4419,19.267651209425303,-179.09405350261102,151.727650743038,-136.417479454386
1473,-4604.116498634849,0,0,-4422,36.738223614664996,-206.8,123.885108063882,-135.939830313396
1474,-4604.72991762708,0,0,-4425,47.03619290313971,-179.09405350261798,87.5999999999968,-135.272057027598
1475,-4634.44830047199,0,0,-4428,-13.978303635631699,-103.40000000001,45.3450967019662,-134.415093538314
1476,-4543.01977669175,0,0,-4431,21.350361694727603,-7.699523545918232e-12,3.26150030281643e-12,-133.370138386473
1477,-4459.46063874425,0,0,-4434,48.6231109940703,103.399999999976,-45.34509670195029,-132.138653036345
1478,-4455.79601510498,0,0,-4437,20.4322912239377,179.094053502622,-87.5999999999998,-130.722359831544
1479,-4488.09196751532,0,0,-4440,-1.88361986525469,206.8,-123.88510806388399,-129.123239586185
1480,-4534.845023891649,0,0,-4443,8.13210216327229,179.09405350263,-151.72765074303,-127.34352881452801
1481,-4668.44715827884,0,0,-4446,-31.231236909994603,103.400000000012,-169.23020476584298,-125.385716603013
1482,-4744.19746235757,0,0,-4449,3.2550787714898997,-1.35814852327778e-11,-175.2,-123.252541129051
1483,-4832.63680737063,0,0,-4452,12.9403832266368,-103.399999999994,-169.230204765845,-120.94698583143101
1484,-4909.89359903167,0,0,-4455,-5.599619548307491,-179.094053502621,-151.727650743034,-118.47227523771099
1485,-4910.96201039064,0,0,-4458,-6.44503187232993,-206.8,-123.885108063883,-115.831870454429
1486,-4857.23095337563,0,0,-4461,-16.5074355465639,-179.094053502632,-87.6000000000071,-113.029464326428
1487,-4678.412167632609,0,0,-4464,44.4019053414204,-103.399999999993,-45.3450967019584,-110.06897627208001
1488,-4593.9199641932,0,0,-4467,-19.9654173915579,-1.2158382070186601e-11,-5.150262424315031e-12,-106.954546801627
1489,-4426.758458174129,0,0,-4470,-1.8130231497865803,103.399999999993,45.345096701958106,-103.690531726299
1490,-4295.22068394121,0,0,-4473,11.366758622491,179.094053502619,87.59999999999809,-100.28149606632
1491,-4239.4474859762,0,0,-4476,2.59961362624576,206.8,123.885108063876,-96.7322076663203
1492,-4333.049042079279,0,0,-4479,-91.8231157978774,179.094053502621,151.727650743034,-93.0476305270621
1493,-4310.12892158466,0,0,-4482,-11.526208487653598,103.399999999995,169.230204765845,-89.232917862847
1494,-4358.346130974171,0,0,-4485,36.747273920091295,1.4387811332320801e-11,175.2,-85.29340489427521
1495,-4504.07440446371,0,0,-4488,-0.670007843113573,-103.399999999991,169.230204765846,-81.2346013864551
1496,-4583.56689600679,0,0,-4491,11.8616906959086,-179.09405350263,151.72765074303,-77.0621839431032
1497,-4668.22331790986,0,0,-4494,-18.526437906446198,-206.8,123.88510806388399,-72.7819880672982
1498,-4580.008309941551,0,0,-4497,76.88574356107449,-179.094053502622,87.6000000000001,-68.3999999999998
1499,-4628.39548941643,0,0,-4500,-6.418237770630831,-103.40000000001699,45.3450967019699,-63.92234834775601
1500,-4558.15898873255,0,0,-4503,4.19630677873852,-1.6617240594455e-11,7.03902454581364e-12,-59.355295511282705
1501,-4457.4145558544105,0,0,-4506,45.23576977449229,103.400000000009,-45.34509670196589,-54.7052289269409
1502,-4495.67362021386,0,0,-4509,-28.189021583162,179.094053502617,-87.59999999999648,-49.9786521333236
1503,-4506.481376264821,0,0,-4512,-32.2140925254729,206.8,-123.88510806388099,-45.1821756754673
1504,-4505.30884539897,0,0,-4515,22.6472597008545,179.09405350262298,-151.727650743033,-40.3225078594117
1505,-4579.97003865084,0,0,-4518,39.2666114850106,103.40000000001899,-169.230204765842,-35.406445370025295
1506,-4685.401031052321,0,0,-4521,41.239832712908104,-4.66376818424097e-12,-175.2,-30.4408637652239
1507,-4820.44097471073,0,0,-4524,1.6219379150058502,-103.400000000007,-169.230204765844,-25.432707859886303
1508,-4925.65224458864,0,0,-4527,-47.44155833008929,-179.094053502616,-151.727650743036,-20.3889820129008
1509,-4901.31759034546,0,0,-4530,-25.3157419506442,-206.8,-123.885108063886,-15.3167403309322
1510,-4814.659811321971,0,0,-4533,-4.742681016703981,-179.094053502636,-87.6000000000103,-10.223076802624
1511,-4732.28610171243,0,0,-4536,-42.4258896334648,-103.40000000000099,-45.3450967019621,-5.115115377002089
1512,-4493.95565104601,0,0,-4539,45.04434895398911,2.43433892210677e-12,1.03118031710132e-12,-3.01557027822044e-13
1513,-4407.325208000851,0,0,-4542,-19.1854200797936,103.39999999998501,45.345096701954496,5.11511537700052
1514,-4266.23704576562,0,0,-4545,1.84582392914873,179.09405350261503,87.5999999999949,10.223076802622499
1515,-4173.45377709805,0,0,-4548,28.5443745071288,206.8,123.885108063887,15.3167403309326
1516,-4151.66292670092,0,0,-4551,48.1263870405203,179.094053502625,151.727650743032,20.3889820129002
1517,-4279.67112746592,0,0,-4554,-23.734040091658503,103.40000000000299,169.230204765844,25.432707859886698
1518,-4336.61082636805,0,0,-4557,14.7483098667222,-2.04909659972575e-13,175.2,30.4408637652242
1519,-4474.3567638923905,0,0,-4560,-15.593414028280499,-103.39999999998301,169.230204765847,35.406445370024706
1520,-4552.566455047609,0,0,-4563,-2.52256014742868,-179.094053502626,151.727650743032,40.322507859412
1521,-4567.9008211624,0,0,-4566,35.8318950982454,-206.8,123.885108063887,45.18217567546579
1522,-4596.79428040026,0,0,-4569,13.721120969039099,-179.094053502626,87.6000000000033,49.9786521333222
1523,-4591.334124898521,0,0,-4572,-15.9844505274173,-103.400000000005,45.345096701963904,54.7052289269403
1524,-4522.560453453089,0,0,-4575,-6.91574896435619,-2.55349576429918e-11,1.0816548788810801e-11,59.355295511281206
1525,-4444.787082024221,0,0,-4578,11.235666329989199,103.40000000000099,-45.3450967019623,63.9223483477546
1526,-4394.03011050651,0,0,-4581,27.0758359908664,179.094053502624,-87.60000000000191,68.4000000000001
1527,-4389.709082290539,0,0,-4584,38.594037706044,206.8,-123.88510806387899,72.7819880672977
1528,-4475.0275219123705,0,0,-4587,7.543891384934231,179.094053502628,-151.727650743031,77.0621839431035
1529,-4517.632303060321,0,0,-4590,56.9633003190886,103.399999999986,-169.230204765847,81.2346013864554
1530,-4702.2087536682,0,0,-4593,-19.302158562475604,4.25394886429582e-12,-175.2,85.2934048942739
1531,-4759.0196112965,0,0,-4596,20.3776756064925,-103.39999999999901,-169.230204765845,89.23291786284729
1532,-4838.50753660365,0,0,-4599,-1.7334628850565001,-179.094053502612,-151.727650743038,93.047630527061
1533,-4800.50574645311,0,0,-4602,35.4471539444631,-206.8,-123.885108063888,96.7322076663192
1534,-4770.1113046701,0,0,-4605,1.30125276619171,-179.094053502617,-87.59999999999641,100.28149606632
1535,-4658.010020082829,0,0,-4608,-4.95545510715346,-103.400000000009,-45.3450967019657,103.690531726297
1536,-4481.12395463508,0,0,-4611,22.9214985633042,-6.48337812643002e-12,-2.74634392589589e-12,106.954546801626
1537,-4348.274883385379,0,0,-4614,6.911043640577541,103.39999999999701,45.3450967019604,110.06897627208001
1538,-4258.45411550593,0,0,-4617,-21.177633334954898,179.09405350261002,87.59999999999158,113.029464326428
1539,-4212.001516148271,0,0,-4620,-38.5184946665872,206.8,123.88510806388399,115.831870454429
1540,-4167.186508259179,0,0,-4623,6.51951225745844,179.09405350261798,151.72765074303499,118.47227523771099
1541,-4211.216243267821,0,0,-4626,21.2065661349008,103.400000000011,169.23020476584298,120.94698583143
1542,-4299.059066602171,0,0,-4629,31.488392268766603,8.71280738856422e-12,175.2,123.252541129051
1543,-4445.59522428327,0,0,-4632,-4.81114565215811,-103.399999999975,169.23020476584801,125.38571660301201
1544,-4536.31032461885,0,0,-4635,-1.2874506737920302,-179.094053502621,151.727650743034,127.34352881452699
1545,-4601.94625226252,0,0,-4638,-10.1545999125894,-206.8,123.885108063883,129.123239586185
1546,-4544.87422451425,0,0,-4641,56.8974691568272,-179.094053502631,87.6000000000066,130.722359831544
1547,-4591.5231968169,0,0,-4644,-21.6069465552022,-103.40000000001301,45.3450967019676,132.13865303634398
1548,-4506.330698110511,0,0,-4647,7.29916350300833,1.25682013901318e-11,-5.32386093701907e-12,133.370138386474
1549,-4457.16434036163,0,0,-4650,0.36566280202558293,103.399999999994,-45.345096701958596,134.415093538314
1550,-4426.27002587287,0,0,-4653,-0.0361364030923583,179.09405350262,-87.59999999999859,135.272057027598
1551,-4480.079344046961,0,0,-4656,-42.9340662964685,206.8,-123.885108063883,135.939830313396
1552,-4476.84136609555,0,0,-4659,18.3747516904624,179.094053502632,-151.72765074302902,136.417479454385
1553,-4616.99800886357,0,0,-4662,-25.872140512775502,103.399999999994,-169.230204765846,136.704336415053
1554,-4729.24803439935,0,0,-4665,-25.848034399363698,1.3171665912832599e-11,-175.2,136.8
1555,-4764.230183596889,0,0,-4668,39.6956847538897,-103.399999999992,-169.230204765846,136.704336415053
1556,-4875.631784627461,0,0,-4671,-10.2275598361869,-179.094053502619,-151.72765074303499,136.417479454385
1557,-4861.17941617106,0,0,-4674,7.565861579436589,-206.8,-123.885108063891,135.939830313396
1558,-4791.08680034555,0,0,-4677,17.3351961294765,-179.094053502621,-87.5999999999996,135.272057027598
1559,-4745.30137838699,0,0,-4680,-50.971375223344495,-103.399999999996,-45.345096701959804,134.415093538314
1560,-4575.11991418604,0,0,-4683,-25.4900525724933,-1.5401095174966802e-11,-6.5238681688931e-12,133.370138386474
1561,-4408.25958660046,0,0,-4686,-3.14333633875543,103.39999999999,45.3450967019568,132.138653036345
1562,-4293.30683727809,0,0,-4689,-1.72325061226441,179.09405350263,87.6000000000056,130.722359831544
1563,-4269.94395466228,0,0,-4692,-37.7523023123418,206.8,123.885108063882,129.123239586185
1564,-4804.726652916379,1,0,-4695,21.6518780188901,179.09405350262298,151.727650743033,127.34352881452699
1565,-4296.288095628,0,0,-4698,3.69598300312308,103.40000000001801,169.230204765842,125.385716603013
1566,-4386.85662354573,0,0,-4701,15.6908353252043,1.7630524437101e-11,175.2,123.252541129051
1567,-4473.962838080301,0,0,-4704,43.259971322429706,-103.40000000000799,169.230204765844,120.94698583143101
1568,-4611.27478329576,0,0,-4707,4.61934422610771,-179.094053502617,151.727650743036,118.472275237712
1569,-4707.3985197232705,0,0,-4710,-30.315498241589196,-206.8,123.885108063885,115.831870454429
1570,-4665.14513412444,0,0,-4713,26.3194550517525,-179.094053502624,87.6000000000013,113.029464326428
1571,-4683.610411384439,0,0,-4716,-19.6244843584739,-103.40000000001999,45.34509670197121,110.06897627208001
1572,-4628.27573534367,0,0,-4719,-16.2302821452982,3.6504843415949904e-12,-1.54633669402186e-12,106.954546801626
1573,-4559.91044336408,0,0,-4722,0.34412161157760607,103.400000000006,-45.3450967019646,103.690531726298
1574,-4504.105308049529,0,0,-4725,29.119142381525503,179.094053502616,-87.59999999999529,100.281496066321
1575,-4561.43807631121,0,0,-4728,-13.085175913652598,206.8,-123.88510806388001,96.73220766632
1576,-4609.387449240229,0,0,-4731,1.19851747309677,179.094053502637,-151.727650743027,93.0476305270625
1577,-4712.83572299173,0,0,-4734,-2.23843608873415,103.40000000000201,-169.230204765845,89.2329178628474
1578,-4823.38017210813,0,0,-4737,3.52642299759717,-1.42105507946079e-12,-175.2,85.2934048942748
1579,-4931.58555777247,0,0,-4740,-0.189954393094832,-103.399999999984,-169.230204765847,81.2346013864555
1580,-4967.846353033679,0,0,-4743,28.9131672688697,-179.09405350261397,-151.727650743037,77.06218394310359
1581,-5041.23093175237,0,0,-4746,-37.3278117557875,-206.8,-123.88510806388001,72.78198806729779
1582,-4982.337759048471,0,0,-4749,-35.0437055458448,-179.094053502626,-87.6000000000029,68.4000000000011
1583,-4828.84562626604,0,0,-4752,7.977122088170179,-103.400000000004,-45.3450967019634,63.922348347754706
1584,-4700.789341134,0,0,-4755,-5.144636645278281,-8.083741826734091e-13,-3.4242542747674397e-13,59.3552955112814
1585,-4550.9467850489,0,0,-4758,3.60288932222508,103.399999999982,45.3450967019531,54.7052289269413
1586,-4429.9530981394,0,0,-4761,14.374196224646802,179.094053502625,87.60000000000228,49.9786521333232
1587,-4387.505989082129,0,0,-4764,0.626727178525871,206.8,123.88510806387899,45.182175675467704
1588,-4356.84697502815,0,0,-4767,39.0088128667781,179.094053502627,151.727650743032,40.322507859412205
1589,-4486.20950687623,0,0,-4770,-24.246157012104,103.400000000006,169.230204765844,35.4064453700249
1590,-4558.737218718211,0,0,-4773,8.62191751653893,2.65482414856378e-11,175.2,30.4408637652244
1591,-4692.55611518447,0,0,-4776,-7.81902781019727,-103.4,169.230204765845,25.4327078598868
1592,-4778.52163343553,0,0,-4779,7.455787311159249,-179.094053502624,151.727650743033,20.3889820129003
1593,-4835.08939095562,0,0,-4782,14.5087606495584,-206.8,123.885108063888,15.3167403309337
1594,-4941.26475140811,0,0,-4785,-74.9937747081052,-179.094053502628,87.6000000000045,10.2230768026226
1595,-4848.03260838697,0,0,-4788,-7.0928204659370495,-103.39999999998699,45.345096701955605,5.1151153770006506
1596,-4798.10729480426,0,0,-4791,-7.107294804256281,-5.26723270694181e-12,2.23118754897535e-12,8.043214272942891e-13
1597,-4758.86387346084,0,0,-4794,-17.8036613818728,103.39999999999901,-45.3450967019609,-5.115115377000991
1598,-4704.35639264158,0,0,-4797,11.3726306584183,179.09405350261102,-87.59999999999208,-10.223076802622
1599,-4719.79396089429,0,0,-4800,12.6078875005192,206.8,-123.88510806387801,-15.3167403309321
1600,-4822.07888622128,0,0,-4803,-26.056306967965103,179.094053502617,-151.727650743036,-20.388982012900698
1601,-4939.349706511421,0,0,-4806,-42.0867938856991,103.40000000001,-169.230204765844,-25.432707859886197
1602,-5006.919107075971,0,0,-4809,7.72175668924704,7.496661969076e-12,-175.2,-30.4408637652237
1603,-5122.1120092173405,0,0,-4812,-2.07535908147101,-103.39999999999701,-169.230204765845,-35.4064453700252
1604,-5178.41564903985,0,0,-4815,7.72856306521062,-179.09405350261002,-151.727650743039,-40.3225078594106
1605,-5214.631477051629,0,0,-4818,-20.7641933122779,-206.8,-123.885108063882,-45.182175675466205
1606,-5109.52981277699,0,0,-4821,28.1428928589537,-179.094053502619,-87.59999999999759,-49.9786521333235
1607,-5037.44832047611,0,0,-4824,-9.99799484718765,-103.400000000012,-45.34509670196711,-54.705228926939895
1608,-4849.1530145575,0,0,-4827,37.202280953796,-9.726091231210199e-12,-4.119949670473951e-12,-59.3552955112817
1609,-4755.97499856443,0,0,-4830,-10.797746918601598,103.399999999974,45.3450967019495,-63.922348347754095
1610,-4668.662871050061,0,0,-4833,-33.9569245526753,179.094053502621,87.59999999999901,-68.39999999999971
1611,-4590.27406372719,0,0,-4836,-12.1771837237713,206.8,123.885108063883,-72.7819880672981
1612,-4584.16587402876,0,0,-4839,1.07460566868685,179.094053502631,151.72765074303,-77.0621839431031
1613,-4655.79293660135,0,0,-4842,-5.18853998074806,103.40000000001301,169.23020476584298,-81.234601386455
1614,-4764.66954594142,0,0,-4845,-9.57614104713639,-1.15549175474858e-11,175.2,-85.2934048942751
1615,-4912.709426186359,0,0,-4848,-41.3067130893629,-103.399999999993,169.230204765846,-89.23291786284621
1616,-4976.96894217132,0,0,-4851,-5.554908884673161,-179.094053502619,151.72765074303499,-93.04763052706129
1617,-4975.36263209835,0,0,-4854,58.2844675040895,-206.8,123.88510806388399,-96.7322076663202
1618,-5103.06387599325,0,0,-4857,-54.288326424303705,-179.09405350263302,87.6000000000078,-100.28149606632
1619,-5024.653546422021,0,0,-4860,-2.90811139768221,-103.399999999995,45.34509670195929,-103.690531726298
1620,-4984.362985957429,0,0,-4863,-14.408439155799401,-1.41849497554786e-11,6.0087117919725595e-12,-106.954546801626
1621,-4962.89643155031,0,0,-4866,-44.882358576262895,103.399999999991,-45.345096701957296,-110.06897627208001
1622,-4882.265667506021,0,0,-4869,8.269743317791361,179.09405350261798,-87.59999999999741,-113.029464326428
1623,-4975.597448024389,0,0,-4872,-70.6804695060872,206.8,-123.88510806387501,-115.831870454429
1624,-4979.42514076415,0,0,-4875,-13.3192682860282,179.094053502622,-151.727650743034,-118.47227523771099
1625,-5122.46792783502,0,0,-4878,-57.690737237744294,103.39999999999701,-169.230204765845,-120.94698583143101
1626,-5175.51883177086,0,0,-4881,3.9337093581732403,1.64143790176128e-11,-175.2,-123.25254112905
1627,-5321.899369832679,0,0,-4884,-39.8834484638305,-103.39999999998899,-169.230204765846,-125.385716603013
1628,-5324.4828671224395,0,0,-4887,20.6823659377503,-179.094053502629,-151.727650743031,-127.34352881452699
1629,-5399.20450570385,0,0,-4890,-49.396158053777505,-206.8,-123.885108063885,-129.123239586184
1630,-5255.753720629989,0,0,-4893,34.662692704179605,-179.09405350262298,-87.6000000000008,-130.722359831544
1631,-5227.79522653123,0,0,-4896,-50.9114767928999,-103.40000000001899,-45.345096701970704,-132.13865303634398
1632,-5022.13465439894,0,0,-4899,10.2354839875601,-1.8643808279747e-11,-7.89747391347117e-12,-133.370138386473
1633,-4922.195813170971,0,0,-4902,-34.5258163346277,103.400000000007,45.345096701965105,-134.415093538314
1634,-4796.674472997411,0,0,-4905,-23.0964694724273,179.094053502616,87.5999999999958,-135.27205702759701
1635,-4682.009219854171,0,0,-4908,31.245502395341102,206.8,123.88510806388099,-135.939830313396
1636,-4732.57260721049,0,0,-4911,-15.9768320017601,179.094053502624,151.727650743033,-136.417479454386
1637,-4781.1272702851,0,0,-4914,-3.05313863590844,103.400000000021,169.230204765842,-136.704336415053
1638,-4866.90463408224,0,0,-4917,11.6953659177645,-2.637200498949e-12,175.2,-136.8
1639,-4977.3954122634395,0,0,-4920,13.4787193857768,-103.400000000005,169.230204765844,-136.704336415053
1640,-5061.1014178409105,0,0,-4923,25.682464373054,-179.09405350261503,151.727650743037,-136.417479454386
1641,-5174.810411807921,0,0,-4926,-29.9556895584135,-206.8,123.885108063886,-135.939830313396
1642,-5111.11966285837,0,0,-4929,44.64644767185471,-179.094053502637,87.60000000001111,-135.272057027598
1643,-5099.85331477198,0,0,-4932,24.6166820643746,-103.40000000000299,45.3450967019629,-134.415093538314
1644,-5093.3433643707,0,0,-4935,-24.9732259842236,4.07771236814806e-13,-1.72730949443796e-13,-133.370138386473
1645,-5031.45943662802,0,0,-4938,-19.3756868896999,103.39999999998301,-45.3450967019536,-132.138653036345
1646,-4977.7764559857105,0,0,-4941,2.45185034321423,179.09405350261397,-87.59999999999408,-130.722359831544
1647,-4964.96248114042,0,0,-4944,25.245866509646103,206.8,-123.885108063886,-129.123239586185
1648,-5036.06690422459,0,0,-4947,10.910221830341001,179.094053502626,-151.727650743032,-127.34352881452801
1649,-5126.663456204289,0,0,-4950,14.552465164565001,103.400000000005,-169.230204765844,-125.385716603013
1650,-5223.27044193724,0,0,-4953,28.1820991918086,1.82165802531939e-12,-175.2,-123.252541129051
1651,-5360.40480219696,0,0,-4956,-10.8276115996979,-103.399999999981,-169.230204765847,-120.94698583143101
1652,-5425.403452099021,0,0,-4959,-17.1094726156559,-179.094053502625,-151.727650743033,-118.47227523771099
1653,-5467.05666548977,0,0,-4962,-58.5396869714577,-206.8,-123.885108063888,-115.83187045443
1654,-5327.613993556911,0,0,-4965,17.109524272153898,-179.094053502628,-87.6000000000041,-113.029464326428
1655,-5250.46910642261,0,0,-4968,-23.6550334485545,-103.400000000007,-45.3450967019647,-110.06897627208001
1656,-5039.3706408627,0,0,-4971,38.583905938962204,-2.7561525328283804e-11,-1.16749981564684e-11,-106.954546801627
1657,-4929.40973070234,0,0,-4974,-0.46429567800404203,103.4,45.3450967019614,-103.690531726299
1658,-4812.625725038371,0,0,-4977,-2.03828247467559,179.09405350262298,87.60000000000109,-100.28149606632
1659,-4741.61897817587,0,0,-4980,4.428121426569209,206.8,123.88510806387801,-96.7322076663204
1660,-4754.823706882029,0,0,-4983,-9.59778060062408,179.094053502629,151.727650743031,-93.0476305270621
1661,-4818.03501385992,0,0,-4986,-15.4323007629121,103.399999999988,169.230204765846,-89.232917862847
1662,-4907.44487673877,0,0,-4989,-8.35147184450578,6.28051654958779e-12,175.2,-85.29340489427521
1663,-5001.68723909256,0,0,-4992,5.71715752804736,-103.399999999998,169.230204765845,-81.2346013864551
1664,-5111.73406006765,0,0,-4995,-12.3054733649592,-179.094053502622,151.727650743034,-77.0621839431032
1665,-5120.78227995385,0,0,-4998,32.9146000495616,-206.8,123.885108063889,-72.7819880672982
1666,-5110.91234972716,0,0,-5001,49.98170377546471,-179.09405350261798,87.5999999999971,-68.3999999999998
1667,-5105.45906221337,0,0,-5004,20.5181894324285,-103.40000000001,45.345096701966604,-63.92234834775601
1668,-5077.29085457765,0,0,-5007,-10.935559066357902,-8.50994581172199e-12,3.6047932935534102e-12,-59.355295511282705
1669,-4967.82840523575,0,0,-5010,38.8219203931505,103.399999999996,-45.3450967019596,-54.70522892694
1670,-4974.73002427192,0,0,-5013,-3.24542564121765,179.09405350260897,-87.5999999999909,-49.978652133323706
1671,-5024.28668507201,0,0,-5016,-46.0194013326598,206.8,-123.88510806388399,-45.1821756754673
1672,-5001.8098319692,0,0,-5019,30.146273130622696,179.094053502619,-151.72765074303499,-40.3225078594117
1673,-5095.15715301991,0,0,-5022,28.0794971159482,103.400000000012,-169.23020476584298,-35.406445370025395
1674,-5243.58913370021,0,0,-5025,-12.948269934993698,1.07393750738562e-11,-175.2,-30.4408637652239
1675,-5387.67889794902,0,0,-5028,-61.6159853232771,-103.400000000014,-169.23020476584298,-25.4327078598864
1676,-5948.06825270048,1,0,-5031,23.686197553526203,-179.09405350262,-151.727650743034,-20.3889820129008
1677,-5388.26177871798,0,0,-5034,-8.25993032316315,-206.8,-123.885108063883,-15.3167403309322
1678,-5312.0595907106,0,0,-5037,1.85753959466212,-179.094053502632,-87.6000000000074,-10.2230768026241
1679,-5200.13531318413,0,0,-5040,-6.275101105147691,-103.400000000014,-45.3450967019684,-5.11511537700212
1680,25.619803702993302,0,0,2,23.619803702993302,0.0,0.0,0.0
1681,445.148983407053,0,0,4,77.7129134940092,289.8,66.4906126868376,7.1454572262058305
1682,625.216587930115,0,0,6,-25.4626569877109,501.948324033461,128.45,14.280920884365699
1683,783.662588563616,0,0,8,-6.98955490655016,579.6,181.655732086824,21.3964113833421
1684,676.004482317593,0,0,10,-86.9077450143567,501.948324033461,222.48192623222198,28.4819770662669
1685,807.4594556980321,0,0,12,221.985402795538,289.8,248.146344773662,35.527708128833
1686,364.041410685105,0,0,14,50.617660206053294,7.098052847858059e-14,256.9,42.52375047905171
1687,-82.55102599807529,0,0,16,-106.35769029082898,-289.8,248.146344773662,49.460319519091705
1688,-85.0793960993351,0,0,18,120.05928787197901,-501.9483240334599,222.48192623222198,56.3277138299238
1689,-486.524492566511,0,0,20,-171.696553392967,-579.6,181.655732086824,63.116328739632394
1690,-178.363049274719,0,0,22,103.318605002323,-501.948324033461,128.45,69.81666975641811
1691,-128.452761188483,0,0,24,-5.56273972282333,-289.8,66.49061268683771,76.4193658475025
1692,-53.8559523300896,0,0,26,-162.771134875455,-1.41961056957161e-13,3.14611762700955e-14,82.91518254536541
1693,292.995815651054,0,0,28,-47.60860652509089,289.8,-66.4906126868376,89.29503486298219
1694,426.685373719744,0,0,30,-72.3629503137166,501.9483240334599,-128.45,95.55
1695,603.433755500679,0,0,32,71.8181577654225,579.6,-181.655732086824,101.67132982208099
1696,394.56154826207097,0,0,34,-26.555312635125798,501.948324033461,-222.48192623222198,107.650463095958
1697,304.422495033143,0,0,36,113.289802343709,289.8,-248.146344773662,113.479037463096
1698,-118.39111265360201,0,0,38,-18.6400137888057,2.1294158543574199e-13,-256.9,119.14890113520399
1699,-244.53173652566502,0,0,40,128.762483952747,-289.8,-248.146344773662,124.65212429524901
1700,-523.325775632106,0,0,42,29.123464445554298,-501.948324033461,-222.48192623222198,129.981010188023
1701,-569.46900450631,0,0,44,12.658621695764598,-579.6,-181.655732086824,135.128105884749
1702,-408.302135127912,0,0,46,36.009976198869,-501.948324033461,-128.45,140.08621270668002
1703,-198.58552980142602,0,0,48,-35.143313407683,-289.800000000001,-66.49061268683779,144.84839629309602
1704,135.88431374073602,0,0,50,-63.5236825589043,-2.83922113914322e-13,-6.292235254019099e-14,149.40799629964098
1705,580.0325666680191,0,0,52,17.983318267770898,289.8,66.49061268683771,153.75863571341
1706,893.268675360023,0,0,54,50.9761215547756,501.948324033461,128.45,157.894229771787
1707,1109.42082135612,0,0,56,130.356094796766,579.6,181.655732086824,161.808994472525
1708,887.576907632649,0,0,58,-60.3507972962408,501.948324033461,222.48192623222198,165.497454663206
1709,767.591841267435,0,0,60,0.691044795042149,289.8,248.146344773662,168.954451698731
1710,461.58551122425695,0,0,62,-29.489639431896897,1.38447906650929e-12,256.9,172.175150656152
1711,149.351188299468,0,0,64,-48.150203570947106,-289.799999999999,248.146344773662,175.155047096752
1712,-125.32169278280199,0,0,66,-89.745268347472,-501.9483240334599,222.48192623222198,177.889973365907
1713,-162.830055277199,0,0,68,-13.2618917859516,-579.6,181.655732086824,180.37610442192903
1714,-282.350098992805,0,0,70,-161.461738145076,-501.9483240334599,128.45,182.609963185732
1715,-98.34043474949101,0,0,72,-131.61947284016898,-289.8,66.4906126868376,184.58842540384103
1716,159.705358018007,0,0,74,-100.603365999939,-4.2588317087148397e-13,9.43835288102865e-14,186.30872401794701
1717,495.184762966868,0,0,76,8.10692261882461,289.799999999999,-66.4906126868374,187.768453034881
1718,495.99974447534004,0,0,78,-144.46415044974302,501.9483240334599,-128.45,188.965570891622
1719,708.687816852791,0,0,80,40.845145629015704,579.6,-181.655732086824,189.89840331059898
1720,575.395198572603,0,0,82,23.3631551300415,501.948324033461,-222.48192623222198,190.565645641324
1721,412.72497487058405,0,0,84,96.1049549591811,289.800000000002,-248.146344773662,190.966364685063
1722,100.047781210074,0,0,86,79.84778121007359,4.968636993500639e-13,-256.9,191.1
1723,-296.79817513935103,0,0,88,-37.818195050753204,-289.799999999999,-248.146344773662,190.966364685063
1724,-358.631628980547,0,0,90,85.2329756438118,-501.9483240334599,-222.48192623222198,190.565645641324
1725,-601.573685296019,0,0,92,-122.216356519794,-579.6,-181.655732086824,189.89840331059898
1726,-335.9358949676,0,0,94,11.49685817424,-501.948324033462,-128.45,188.965570891622
1727,-203.54904513732498,0,0,96,-131.026885485369,-289.8,-66.49061268683771,187.768453034881
1728,282.097170016995,0,0,98,-2.21155400095062,-5.67844227828645e-13,-1.2584470508038197e-13,186.30872401794701
1729,731.815846768905,0,0,100,90.9368086782279,289.799999999999,66.4906126868374,184.58842540384103
1730,1061.71565784815,0,0,102,146.707370628958,501.948324033461,128.45,182.609963185732
1731,804.523896600508,0,0,104,-241.10793990824502,579.6,181.655732086824,180.37610442192903
1732,957.9919678812939,0,0,106,-50.3282557502963,501.948324033461,222.48192623222198,177.889973365907
1733,1023.4589020709801,0,0,108,202.35751020056802,289.8,248.146344773662,175.155047096752
1734,336.888913126964,0,0,110,-202.186237529189,6.38824756307225e-13,256.9,172.175150656152
1735,267.109204032168,0,0,112,27.808407559776303,-289.800000000001,248.146344773662,168.954451698731
1736,-126.58859097890699,0,0,114,-126.61964784087499,-501.9483240334599,222.48192623222198,165.497454663206
1737,-46.9138075025323,0,0,116,73.2214659381183,-579.6,181.655732086824,161.808994472525
1738,-34.0647040652425,0,0,118,63.5393901964314,-501.948324033461,128.45,157.894229771787
1739,-46.016170176958596,0,0,120,-96.4654185772063,-289.8,66.49061268683771,153.75863571341
1740,379.749019099747,0,0,122,108.341022800108,-2.76895813301858e-12,6.13651953392402e-13,149.40799629964098
1741,513.564014803873,0,0,124,21.4062311976148,289.799999999999,-66.4906126868374,144.84839629309602
1742,613.652116353103,0,0,126,-25.9324203870372,501.9483240334599,-128.45,140.08621270668002
1743,654.7987625705471,0,0,128,-6.2736112273781,579.6,-181.655732086824,135.128105884749
1744,588.348315236672,0,0,130,48.90090724740929,501.948324033462,-222.48192623222198,129.981010188023
1745,325.06205624489496,0,0,132,26.756276723307,289.8,-248.146344773662,124.65212429524901
1746,-170.075404432565,0,0,134,-166.324305567767,-1.2783670349683798e-12,-256.9,119.14890113520399
1747,-356.637266662895,0,0,136,-68.1699593523304,-289.799999999999,-248.146344773662,113.479037463096
1748,-492.73126789282895,0,0,138,-13.9514807231042,-501.948324033461,-222.48192623222198,107.650463095958
1749,-623.999678540784,0,0,140,-104.41527627604,-579.6,-181.655732086824,101.67132982208099
1750,-257.938094770877,0,0,142,134.910229262584,-501.948324033461,-128.45,95.5500000000001
1751,0.29844854448637603,0,0,144,123.29402636834,-289.799999999999,-66.4906126868373,89.2950348629821
1752,299.030511186747,0,0,146,70.11532864138229,-8.51766341742967e-13,-1.88767057620573e-13,82.91518254536541
1753,679.390216158713,0,0,148,98.6802376243766,289.799999999997,66.4906126868369,76.41936584750259
1754,783.5250905454599,0,0,150,-66.6899032444181,501.9483240334599,128.45,69.81666975641811
1755,2306.31245190539,1,0,152,46.9890726198182,579.6,181.655732086824,63.1163287396325
1756,899.371460075389,0,0,154,-35.386504020218204,501.948324033462,222.48192623222198,56.327713829923894
1757,822.8575742019749,0,0,156,79.4509099092216,289.8,248.146344773662,49.4603195190918
1758,510.258975168859,0,0,158,52.83522468980411,2.9818997184543198e-12,256.9,42.52375047905171
1759,210.95668611567402,0,0,160,57.0826332131781,-289.799999999999,248.146344773662,35.527708128833
1760,-184.124888236703,0,0,162,-95.1404675017313,-501.948324033461,222.48192623222198,28.481977066267
1761,-417.42270199024904,0,0,164,-204.874845460416,-579.6,181.655732086824,21.396411383342198
1762,-405.00509632722196,0,0,166,-211.787693178126,-501.948324033463,128.45000000000098,14.280920884365802
1763,5.9998267351858905,0,0,168,54.1637568221416,-289.799999999999,66.4906126868373,7.14545722620579
1764,143.305468317803,0,0,170,-26.694531682196104,-9.937273987001278e-13,2.20228233890669e-13,2.3403000331705897e-14
1765,422.942495319124,0,0,172,34.7785652321666,289.800000000001,-66.49061268683779,-7.1454572262058305
1766,518.995882222757,0,0,174,-14.2215209263371,501.9483240334599,-128.45,-14.2809208843656
1767,665.715298487676,0,0,176,113.16744195784099,579.6,-181.655732086823,-21.3964113833421
1768,451.24434119305494,0,0,178,22.259920458081798,501.948324033462,-222.48192623222198,-28.4819770662669
1769,73.05192286447009,0,0,180,-113.074024233036,289.800000000001,-248.146344773662,-35.527708128833
1770,-113.83133389159201,0,0,182,3.5924165874605,-9.94444921054061e-13,-256.9,-42.52375047905171
1771,-356.760619600828,0,0,184,46.6460446919239,-289.799999999999,-248.146344773662,-49.460319519091705
1772,-584.3116417123,0,0,186,10.4463223833051,-501.948324033459,-222.481926232223,-56.32771382992371
1773,-693.754935483698,0,0,188,-57.382874657241494,-579.6,-181.655732086824,-63.1163287396323
1774,-495.172179448218,0,0,190,15.042814341661,-501.948324033461,-128.45,-69.81666975641811
1775,-384.88586726513097,0,0,192,-144.175888730792,-289.799999999999,-66.4906126868373,-76.4193658475025
1776,336.120821336093,0,0,194,225.03600388146,-1.13568845565729e-12,-2.5168941016076395e-13,-82.9151825453653
1777,278.957285647468,0,0,196,-184.038292176384,289.799999999997,66.4906126868368,-89.2950348629821
1778,591.792283499645,0,0,198,-141.05604053381398,501.9483240334599,128.45,-95.55
1779,750.0961539224099,0,0,200,-109.488248342333,579.6,181.655732086824,-101.67132982208099
1780,790.026177581459,0,0,202,-28.7536095882656,501.9483240334599,222.48192623222198,-107.650463095958
1781,712.9781381181231,0,0,204,84.5108308075567,289.800000000001,248.146344773662,-113.479037463096
1782,425.388020266312,0,0,206,81.63692140151241,3.26582183236864e-12,256.9,-119.14890113520399
1783,-61.08220992259729,0,0,208,-102.77643040101201,-289.799999999999,248.146344773662,-124.65212429524901
1784,-243.680719164647,0,0,210,-44.23331117538589,-501.948324033461,222.48192623222198,-129.981010188023
1785,-250.952642082461,0,0,212,70.1197317154646,-579.6,181.655732086824,-135.128105884749
1786,-449.676301454717,0,0,214,-150.091764714576,-501.948324033461,128.45,-140.08621270668002
1787,-186.955359383082,0,0,216,-34.7975757768213,-289.800000000003,66.4906126868382,-144.84839629309602
1788,163.606358931856,0,0,218,95.0143552314975,-1.27764951261445e-12,2.8315058643086e-13,-149.40799629964098
1789,228.842719602395,0,0,220,-60.708031997354794,289.799999999997,-66.4906126868368,-153.75863571341
1790,452.140070532247,0,0,222,14.5359762705723,501.948324033462,-128.45,-157.894229771787
1791,458.671759013348,0,0,224,-1.4635144273032799,579.6,-181.655732086824,-161.808994472525
1792,392.80151371922204,0,0,226,52.8325705811884,501.948324033462,-222.48192623222198,-165.497454663206
1793,241.636250621603,0,0,228,140.937047093995,289.800000000001,-248.146344773662,-168.954451698731
1794,-128.758105044773,0,0,230,70.3170456113758,3.4077828893257996e-12,-256.9,-172.175150656152
1795,-332.588343237576,0,0,232,148.513048632841,-289.800000000002,-248.146344773662,-175.155047096753
1796,-1914.09662273904,1,0,234,37.17491935166821,-501.948324033461,-222.48192623222198,-177.889973365907
1797,-655.7094729750199,0,0,236,49.922363533733794,-579.6,-181.655732086824,-180.37610442192903
1798,-673.033572775476,0,0,238,-98.02528555628349,-501.948324033461,-128.45,-182.609963185731
1799,-373.801935561495,0,0,240,-72.9228974708133,-289.800000000003,-66.49061268683829,-184.58842540384103
1800,23.9434416272739,0,0,242,-31.747834354772802,-5.537916266037151e-12,-1.2273039067848e-12,-186.30872401794701
1801,325.603085346679,0,0,244,-86.91907430527729,289.8,66.49061268683771,-187.768453034881
1802,626.551177433971,0,0,246,-60.8815757078666,501.9483240334599,128.45,-188.965570891622
1803,905.9873278725639,0,0,248,86.62999909633899,579.6,181.655732086823,-189.89840331059898
1804,787.423749384874,0,0,250,3.55914476051345,501.948324033462,222.48192623222198,-190.565645641324
1805,675.6094662165441,0,0,252,76.62948612794409,289.800000000001,248.146344773662,-190.966364685063
1806,428.4473978989,0,0,254,108.647397898901,-5.68561750182578e-13,256.9,-191.1
1807,-89.4933181283325,0,0,256,-112.873298216929,-289.800000000002,248.146344773662,-190.966364685063
1808,-255.648512306889,0,0,258,-43.616468864329605,-501.948324033459,222.481926232223,-190.565645641324
1809,-306.283797546712,0,0,260,21.558873677062103,-579.6,181.655732086824,-189.89840331059898
1810,-250.258048894494,0,0,262,50.2058460305894,-501.948324033461,128.45,-188.965570891622
1811,-70.4252354274048,0,0,264,76.65260492063851,-289.799999999999,66.4906126868374,-187.768453034881
1812,-52.505245216065,0,0,266,-132.19652119812,2.55673406993677e-12,-5.666192051127979e-13,-186.30872401794701
1813,260.36193059415797,0,0,268,-46.35903131516089,289.799999999997,-66.4906126868367,-184.58842540384103
1814,316.50244761583804,0,0,270,-144.385913231891,501.9483240334599,-128.45,-182.609963185732
1815,571.8091081658271,0,0,272,82.2409446745796,579.6,-181.655732086824,-180.37610442192903
1816,497.716760372595,0,0,274,122.140335937265,501.9483240334599,-222.48192623222198,-177.889973365907
1817,256.509077714468,0,0,276,114.010469584885,289.799999999998,-248.146344773662,-175.155047096752
1818,-105.788825443968,0,0,278,45.286325212181,3.69170500324012e-12,-256.9,-172.175150656152
1819,-569.221189652042,0,0,280,-142.320393179651,-289.799999999998,-248.146344773662,-168.954451698731
1820,-447.684876594556,0,0,282,160.24282833433398,-501.9483240334599,-222.48192623222198,-165.497454663206
1821,-631.232807610025,0,0,284,7.83191894932562,-579.6,-181.655732086825,-161.808994472525
1822,-592.697895390303,0,0,286,-90.4053415850578,-501.948324033459,-128.44999999999902,-157.894229771787
1823,-93.4657842417004,0,0,288,128.583464158551,-289.800000000003,-66.49061268683829,-153.75863571341
1824,200.18609921996102,0,0,290,59.5940955196031,-1.70353268348593e-12,-3.77534115241146e-13,-149.40799629964098
1825,404.203386589942,0,0,292,-99.238829803799,289.8,66.4906126868376,-144.84839629309602
1826,704.128902888979,0,0,294,-80.1832084377969,501.948324033457,128.44999999999902,-140.08621270668002
1827,850.3421765413741,0,0,296,-71.7854496607012,579.6,181.655732086825,-135.128105884749
1828,803.7226772902201,0,0,298,-88.7265627874411,501.948324033462,222.48192623222198,-129.981010188023
1829,665.310406780017,0,0,300,-47.983813698397,289.800000000001,248.146344773662,-124.65212429524901
1830,482.315690717988,0,0,302,42.5645918531926,-2.84639636268256e-13,256.9,-119.14890113520399
1831,-1078.13246813157,1,0,304,55.9515430169781,-289.799999999995,248.146344773662,-113.479037463096
1832,-48.257649334748294,0,0,306,32.8592115624456,-501.94832403345805,222.481926232223,-107.650463095958
1833,-221.64266956930302,0,0,308,-30.027071834046303,-579.6,181.655732086825,-101.67132982208099
1834,-242.011327532718,0,0,310,-82.9630034992571,-501.948324033461,128.45,-95.5500000000001
1835,6.02076786444413,0,0,312,6.62519004058836,-289.8,66.49061268683751,-89.2950348629821
1836,-20.3079396802455,0,0,314,-251.39275713487498,-5.9637994369086395e-12,1.32168743559509e-12,-82.91518254536541
1837,378.957554924878,0,0,316,-83.9324665407793,289.799999999996,-66.4906126868367,-76.41936584750259
1838,640.910568642107,0,0,318,19.2289143650649,501.948324033459,-128.45,-69.81666975641811
1839,698.505151853455,0,0,320,43.6772126799111,579.6,-181.655732086824,-63.1163287396325
1840,482.899138062622,0,0,322,-62.23954590869229,501.9483240334599,-222.48192623222198,-56.327713829923894
1841,407.03561282358396,0,0,324,90.84227711633172,289.800000000005,-248.146344773661,-49.460319519091705
1842,-56.7400865708193,0,0,326,-83.31633609177159,3.97562711715445e-12,-256.9,-42.52375047905171
1843,-352.294234786085,0,0,328,-106.820181883592,-289.799999999998,-248.146344773662,-35.527708128833105
1844,-345.442617017484,0,0,330,77.4696103144622,-501.94832403345595,-222.481926232223,-28.4819770662671
1845,-416.599885105194,0,0,332,34.052258364973504,-579.6,-181.655732086825,-21.3964113833423
1846,-262.78116547317103,0,0,334,47.8980794446529,-501.948324033459,-128.44999999999902,-14.2809208843656
1847,-85.97750988647199,0,0,336,-58.541439973433505,-289.799999999996,-66.4906126868366,-7.14545722620582
1848,298.401225237373,0,0,338,-39.5987747626249,-1.9874547974002597e-12,-4.404564677813371e-13,-4.6806000663411794e-14
1849,763.254031429626,0,0,340,59.8179615165832,289.8,66.49061268683751,7.14545722620589
1850,1069.31664161179,0,0,342,82.63739669396159,501.948324033461,128.45,14.280920884365699
1851,1140.49652308247,0,0,344,13.844379612306302,579.6,181.655732086823,21.3964113833421
1852,889.700127460346,0,0,346,-209.212099871605,501.948324033462,222.48192623222198,28.4819770662668
1853,823.609868142215,0,0,348,-97.86418476028092,289.800000000001,248.146344773662,35.5277081288328
1854,737.190849759195,0,0,350,87.76709928013479,8.23589387057715e-12,256.9,42.5237504790516
1855,577.404336055631,0,0,352,217.59767176287102,-289.799999999994,248.146344773662,49.460319519091605
1856,235.336289458347,0,0,354,104.474973429659,-501.94832403345805,222.481926232223,56.32771382992371
1857,80.2203394511013,0,0,356,59.0482786246455,-579.6,181.655732086823,63.1163287396326
1858,64.8801558832042,0,0,358,10.5618101602472,-501.948324033461,128.45,69.8166697564182
1859,203.832095934651,0,0,360,-9.277882599689779,-289.8,66.49061268683751,76.4193658475025
1860,583.118024506668,0,0,362,138.202841961301,1.98888984210812e-12,-4.40774500032416e-13,82.9151825453653
1861,718.59014099787,0,0,364,41.985718821728504,289.799999999996,-66.4906126868366,89.2950348629821
1862,887.305059087332,0,0,366,52.2567350538727,501.948324033459,-128.44999999999902,95.55
1863,872.265257441602,0,0,368,4.649659706344821,579.6,-181.655732086824,101.67132982208099
1864,877.1590144294439,0,0,370,120.042153532243,501.94832403346396,-222.48192623222099,107.650463095958
1865,364.878850319002,0,0,372,-162.253842370438,289.800000000005,-248.146344773661,113.479037463096
1866,102.527242394226,0,0,374,-133.721658740982,4.2595492310687704e-12,-256.9,119.14890113520399
1867,-109.608845966721,0,0,376,-72.31462548830379,-289.800000000005,-248.146344773661,124.65212429524901
1868,-348.275085584326,0,0,378,-131.82584550666598,-501.9483240334599,-222.48192623222198,129.981010188023
1869,-244.508940396399,0,0,380,1.61868580567556,-579.6,-181.655732086824,135.128105884749
1870,-162.77649856706898,0,0,382,-54.464387240289895,-501.948324033459,-128.45,140.08621270668002
1871,272.242994691964,0,0,384,99.6852110857093,-289.800000000003,-66.4906126868384,144.84839629309602
1872,502.001032516556,0,0,386,-33.4069637830817,-2.27137691131458e-12,-5.033788203215279e-13,149.40799629964
1873,824.7974580189799,0,0,388,-73.2517903812676,289.8,66.49061268683751,153.75863571341
1874,1240.89698376315,0,0,390,62.6044299579045,501.948324033457,128.44999999999902,157.894229771787
1875,1315.7101294451,0,0,392,0.6454028857504929,579.6,181.655732086823,161.808994472525
1876,1189.2119970916901,0,0,394,-94.71570783720101,501.948324033462,222.48192623222198,165.497454663206
1877,1157.74003758987,0,0,396,54.8392411174646,289.800000000009,248.146344773661,168.954451698731
1878,870.1615731394279,0,0,398,43.0864224832758,2.8320459156038897e-13,256.9,172.175150656152
1879,562.8407228217479,0,0,400,29.339330951335697,-289.800000000001,248.146344773662,175.155047096752
1880,241.31595198275002,0,0,402,-59.1076235819176,-501.948324033462,222.48192623222198,177.889973365907
1881,242.95275094903,0,0,404,56.520914440275895,-579.6,181.655732086825,180.37610442192903
1882,242.363066281874,0,0,406,27.251427129604,-501.948324033462,128.45,182.609963185731
1883,322.520424270599,0,0,408,-46.758613820079994,-289.8,66.4906126868376,184.58842540384103
1884,624.734622011993,0,0,410,28.425897994051198,-6.53164366473728e-12,1.44753214067547e-12,186.30872401794701
1885,849.082291439254,0,0,412,26.004451091212896,289.799999999996,-66.4906126868365,187.768453034881
1886,908.2812984861481,0,0,414,-68.182596438934,501.948324033459,-128.44999999999902,188.965570891622
1887,955.912294618475,0,0,416,-47.9303766053013,579.6,-181.655732086823,189.89840331059898
1888,744.5808091285561,0,0,418,-143.451234314006,501.9483240334599,-222.48192623222198,190.565645641324
1889,673.2348953592331,0,0,420,20.6148754478335,289.799999999998,-248.146344773662,190.966364685063
1890,422.321877295654,0,0,422,66.1218772956573,-3.69314004794799e-12,-256.9,191.1
1891,330.185257779075,0,0,424,253.165237867672,-289.799999999998,-248.146344773662,190.966364685063
1892,-42.075610548540205,0,0,426,65.7889940758187,-501.9483240334599,-222.48192623222198,190.565645641324
1893,-37.6290683438963,0,0,428,105.72826043232901,-579.6,-181.655732086824,189.89840331059898
1894,-90.9137981023414,0,0,430,-79.4810449604986,-501.94832403346396,-128.45000000000098,188.965570891622
1895,440.684884308649,0,0,432,177.20704396061,-289.800000000004,-66.4906126868385,187.768453034881
1896,671.666435604301,0,0,434,51.357711586357496,-2.5552990252289e-12,-5.66301172861719e-13,186.30872401794701
1897,948.563236131619,0,0,436,-28.315801959050198,289.799999999992,66.4906126868356,184.58842540384103
1898,1276.92188793387,0,0,438,25.913600714679898,501.948324033457,128.44999999999902,182.609963185732
1899,1386.95451699202,0,0,440,5.322680483267191,579.6,181.655732086824,180.37610442192903
1900,1375.08892156672,0,0,442,30.7686979351349,501.948324033459,222.481926232223,177.889973365907
1901,1393.99473012305,0,0,444,236.893338252634,289.800000000002,248.146344773662,175.155047096752
1902,890.562611083302,0,0,446,15.487460427149198,5.671267054747121e-13,256.9,172.175150656152
1903,532.401544304695,0,0,448,-42.8992521676966,-289.800000000001,248.146344773662,168.954451698731
1904,251.546250494137,0,0,450,-84.4848063678343,-501.94832403345805,222.481926232223,165.497454663206
1905,223.56814561975102,0,0,452,7.70341906040139,-579.6,181.655732086825,161.808994472525
1906,124.408983855779,0,0,454,-113.986921882546,-501.948324033462,128.45,157.894229771787
1907,293.13829473891,0,0,456,-93.31095366133209,-289.800000000007,66.4906126868394,153.75863571341
1908,671.791722725516,0,0,458,64.3837264258803,-6.815565778651599e-12,1.51045449321566e-12,149.40799629964098
1909,854.0595260274961,0,0,460,25.901742421240503,289.799999999996,-66.4906126868365,144.84839629309602
1910,967.6830398277909,0,0,462,-7.901496912350829,501.948324033463,-128.45000000000098,140.08621270668002
1911,1003.2926619419901,0,0,464,6.22028814406339,579.6,-181.655732086824,135.128105884749
1912,940.653561276325,0,0,466,65.2061532870636,501.948324033461,-222.48192623222198,129.981010188023
1913,599.914800134092,0,0,468,-34.3909793874935,289.799999999999,-248.146344773662,124.65212429524901
1914,373.908999220175,0,0,470,41.660098084966606,4.82739345889741e-12,-256.9,119.14890113520399
1915,42.1363883152295,0,0,472,-5.3963043742077,-289.799999999997,-248.146344773662,113.479037463096
1916,-296.85192119980303,0,0,474,-154.072134030079,-501.9483240334599,-222.48192623222198,107.650463095958
1917,-169.924407356324,0,0,476,13.659994908420598,-579.6,-181.655732086825,101.67132982208099
1918,-51.4130994495794,0,0,478,5.43522458388526,-501.94832403346396,-128.45000000000098,95.55000000000031
1919,117.838864068696,0,0,480,-95.1655581074436,-289.800000000004,-66.4906126868386,89.29503486298219
1920,399.16163620808,0,0,482,-165.75354633727198,-1.1075832532074302e-11,-2.4546078135696097e-12,82.91518254536541
1921,1049.01422804739,0,0,484,132.304249513047,289.799999999999,66.4906126868373,76.41936584750259
1922,1331.9101563380198,0,0,486,145.69516254814,501.948324033461,128.45,69.816669756418
1923,1448.2731511611903,0,0,488,135.901090334731,579.6,181.655732086824,63.1163287396323
1924,1403.2537871801999,0,0,490,132.495823084592,501.948324033463,222.48192623222198,56.3277138299238
1925,1223.33097696419,0,0,492,143.924312671434,289.800000000002,248.146344773662,49.460319519091705
1926,737.159383580553,0,0,494,-56.2643668985083,9.08766021232011e-12,256.9,42.52375047905179
1927,669.954121153306,0,0,496,180.08006825081299,-289.800000000001,248.146344773662,35.527708128833105
1928,111.25548542586701,0,0,498,-135.760093839166,-501.94832403345805,222.481926232223,28.4819770662671
1929,175.97138064621998,0,0,500,52.5192371760519,-579.6,181.655732086826,21.3964113833424
1930,141.801320905457,0,0,502,-0.9812759454477992,-501.948324033462,128.45,14.280920884366
1931,400.65023513965895,0,0,504,112.81416522661101,-289.79999999999296,66.4906126868359,7.14545722620584
1932,416.744535117162,0,0,506,-89.2554648828386,1.13712350036516e-12,-2.5200744241184305e-13,7.02090009951178e-14
1933,659.535458321148,0,0,508,-64.62847176580529,289.799999999995,-66.4906126868364,-7.145457226205701
1934,720.6393668875571,0,0,510,-148.578036261539,501.948324033463,-128.45000000000098,-14.280920884365498
1935,811.251297707188,0,0,512,-77.29655882264629,579.6,-181.655732086824,-21.396411383342198
1936,890.075274824944,0,0,514,125.090854089967,501.948324033465,-222.48192623222099,-28.481977066267
1937,509.509425931678,0,0,516,-12.616521165826398,289.799999999999,-248.146344773662,-35.527708128833
1938,352.636379093967,0,0,518,134.060129573013,5.1113155728117405e-12,-256.9,-42.5237504790516
1939,-137.770180358874,0,0,520,-70.36351606613,-289.79999999999,-248.146344773662,-49.460319519091605
1940,-185.024240567095,0,0,522,73.73372352851109,-501.9483240334599,-222.48192623222198,-56.3277138299236
1941,-200.705104495665,0,0,524,99.6669563307925,-579.6,-181.655732086825,-63.11632873963221
1942,-236.172893603293,0,0,526,-61.9578998134149,-501.9483240334599,-128.45,-69.81666975641811
1943,221.496340181515,0,0,528,126.206318715861,-289.800000000004,-66.4906126868386,-76.4193658475025
1944,425.41744840045305,0,0,530,-21.667369054188498,5.11346813987354e-12,1.1332384102256e-12,-82.9151825453653
1945,731.587460785986,0,0,532,-67.4081170378676,289.799999999999,66.4906126868373,-89.295034862982
1946,1320.40627170077,0,0,534,251.55794766731097,501.948324033457,128.44999999999902,-95.5499999999999
1947,1268.52197763955,0,0,536,72.9375753748027,579.6,181.655732086824,-101.67132982208099
1948,1110.3594346377902,0,0,538,-44.420352531939294,501.948324033463,222.48192623222198,-107.650463095958
1949,967.209628666668,0,0,540,2.74232135609408,289.80000000001,248.146344773661,-113.479037463096
1950,718.171798120354,0,0,542,38.4206992555563,1.13497093330336e-12,256.9,-119.14890113520399
1951,371.368987311708,0,0,544,-6.32523316671182,-289.79999999999296,248.146344773662,-124.65212429524901
1952,111.26833394235399,0,0,546,-25.284258068383004,-501.948324033462,222.48192623222198,-129.981010188023
1953,86.6922473518922,0,0,548,71.7646211498168,-579.6,181.655732086825,-135.128105884749
1954,5.53777500068724,0,0,550,-30.877688259174,-501.94832403345805,128.44999999999902,-140.08621270668002
1955,25.386459260773,0,0,552,-158.45575713296802,-289.800000000001,66.49061268683779,-144.84839629309602
1956,381.06499644720395,0,0,554,-23.5270072531496,-7.38341000648025e-12,1.63629919829605e-12,-149.40799629964
1957,687.485350791277,0,0,556,61.9345991915232,289.800000000002,-66.4906126868381,-153.75863571341
1958,764.080344215614,0,0,558,-9.52375004605941,501.948324033459,-128.44999999999902,-157.894229771787
1959,689.451022197118,0,0,560,-106.684251243535,579.6,-181.655732086822,-161.808994472525
1960,680.849598207904,0,0,562,4.88065506987117,501.948324033461,-222.48192623222198,-165.497454663206
1961,451.26857017560303,0,0,564,14.569366647989499,289.800000000006,-248.146344773661,-168.954451698731
1962,202.872651833871,0,0,566,65.9478024900101,1.3631849079657099e-11,-256.9,-172.175150656152
1963,-196.863987023697,0,0,568,-51.7625951532862,-289.799999999997,-248.146344773662,-175.155047096753
1964,-269.686520645374,0,0,570,62.6337029862187,-501.94832403346396,-222.48192623222198,-177.88997336590802
1965,-483.878590555831,0,0,572,-114.246754047078,-579.6,-181.655732086824,-180.37610442192903
1966,-280.429683467083,0,0,574,-41.4213962478859,-501.94832403346396,-128.45000000000098,-182.609963185732
1967,84.99198134269551,0,0,576,49.871019433370705,-289.799999999997,-66.4906126868369,-184.58842540384103
1968,430.71234658885595,0,0,578,39.021070606806504,-3.4070653669718706e-12,-7.55068230482292e-13,-186.30872401794701
1969,752.595485033933,0,0,580,4.07332538198714,289.799999999991,66.4906126868355,-187.768453034881
1970,1044.1303093566698,0,0,582,20.697556214831298,501.948324033461,128.45,-188.965570891622
1971,1233.95061109938,0,0,584,78.5932823231521,579.6,181.655732086823,-189.89840331059898
1972,1129.17924566241,0,0,586,9.31464103804174,501.94832403346703,222.48192623222099,-190.565645641324
1973,742.134666022649,0,0,588,-192.84531406595198,289.800000000003,248.146344773661,-190.966364685063
1974,672.69468181305,0,0,590,16.8946818130567,-6.8177183457134e-12,256.9,-191.1
1975,271.208906132631,0,0,592,-88.171073955967,-289.8,248.146344773662,-190.966364685063
1976,193.740755452617,0,0,594,69.7727988951754,-501.94832403345805,222.481926232223,-190.565645641324
1977,12.8788173928408,0,0,596,4.7214886166159005,-579.6,181.655732086824,-189.89840331059898
1978,-28.2658434774742,0,0,598,-63.801948552390606,-501.948324033462,128.45000000000098,-188.965570891622
1979,223.16163638860002,0,0,600,34.2394767366498,-289.800000000008,66.4906126868396,-187.768453034881
1980,438.82916861497597,0,0,602,23.1378926329226,5.69279272536511e-13,-1.26162737331461e-13,-186.30872401794701
1981,443.027143591766,0,0,604,-199.693818317552,289.799999999995,-66.4906126868363,-184.58842540384103
1982,825.782897963167,0,0,606,28.8945371154414,501.94832403345396,-128.449999999998,-182.609963185732
1983,636.3691347354061,0,0,608,-189.19902875584202,579.6,-181.655732086824,-180.37610442192903
1984,755.138740881306,0,0,610,43.56231644596971,501.948324033465,-222.48192623222099,-177.88997336590802
1985,435.74010170157095,0,0,612,-42.7585064280144,289.799999999999,-248.146344773662,-175.155047096752
1986,194.530402198969,0,0,614,9.60555285511605,5.6791598006403805e-12,-256.9,-172.175150656152
1987,12.905999811655901,0,0,616,103.80679628405198,-289.800000000004,-248.146344773661,-168.954451698731
1988,-328.387867778497,0,0,618,-56.460162849608295,-501.9483240334599,-222.481926232223,-165.497454663206
1989,-286.83704727556704,0,0,620,16.2276792837833,-579.6,-181.655732086825,-161.808994472525
1990,-136.974758981422,0,0,622,29.317794823824897,-501.9483240334599,-128.45,-157.894229771787
1991,86.68267409697799,0,0,624,-27.268077502768197,-289.800000000005,-66.4906126868387,-153.75863571341
1992,571.239017512062,0,0,626,94.64701381171709,-1.19275988738173e-11,-2.64337487119018e-12,-149.40799629964098
1993,891.494716209451,0,0,628,52.0524998157114,289.799999999998,66.49061268683721,-144.84839629309602
1994,1211.5215951830698,0,0,630,91.20948385629231,501.94832403345595,128.449999999998,-140.08621270668002
1995,1430.99786171026,0,0,632,172.87023550818,579.6,181.655732086824,-135.128105884749
1996,1262.70490288624,0,0,634,34.255662808575394,501.948324033463,222.48192623222198,-129.981010188023
1997,1134.79530807774,0,0,636,85.50108759933471,289.799999999996,248.146344773662,-124.65212429524901
1998,817.5874783381099,0,0,638,41.836379473312505,1.7028151611320002e-12,256.9,-119.14890113520399
1999,504.305239090818,0,0,640,19.4379317802455,-289.79999999999296,248.146344773662,-113.479037463096
2000,160.342463983233,0,0,642,-94.5406751195697,-501.948324033462,222.48192623222198,-107.650463095958
2001,152.622903974199,0,0,644,8.238501709455019,-579.6,181.655732086825,-101.67132982208099
2002,1.4052674479940501,0,0,646,-175.546408518542,-501.948324033466,128.450000000002,-95.55
2003,471.785987393049,0,0,648,136.39040956919501,-289.800000000001,66.4906126868379,-89.29503486298219
2004,546.900514761527,0,0,650,-20.184302693101802,-7.951254234308889e-12,1.7621439033764297e-12,-82.9151825453655
2005,880.9275894152071,0,0,652,82.037567949557,289.799999999987,-66.4906126868345,-76.41936584750259
2006,944.186099696928,0,0,654,-13.495554580113001,501.94832403345805,-128.44999999999902,-69.81666975641829
2007,765.519444560157,0,0,656,-225.30849461338502,579.6,-181.655732086825,-63.116328739632394
2008,926.6246988075129,0,0,658,45.486014836188296,501.948324033469,-222.48192623222,-56.3277138299241
2009,576.868647703344,0,0,660,-75.3246880039099,289.800000000007,-248.146344773661,-49.4603195190918
2010,311.512427403546,0,0,662,-51.063822117415896,1.4199693307485801e-11,-256.9,-42.5237504790521
2011,90.29193046241541,0,0,664,-0.23401663509324902,-289.799999999996,-248.146344773662,-35.527708128833105
2012,-46.462330966168004,0,0,666,40.449896365784,-501.948324033463,-222.48192623222198,-28.4819770662668
2013,-59.830458658064394,0,0,668,54.821684812102205,-579.6,-181.655732086824,-21.3964113833424
2014,154.090527153288,0,0,670,128.769772071108,-501.94832403345595,-128.449999999998,-14.280920884365699
2015,313.348719752967,0,0,672,4.78478966602534,-289.800000000012,-66.4906126868406,-7.1454572262058695
2016,636.589413522702,0,0,674,-37.41058647729321,-3.97490959480051e-12,-8.809129355626742e-13,-9.36120013268237e-14
2017,778.334492244406,0,0,676,-261.10157766862596,289.799999999991,66.4906126868353,7.1454572262056795
2018,1380.11986563594,0,0,678,57.4406207181166,501.9483240334599,128.45,14.280920884365802
2019,1444.7352371759698,0,0,680,-17.9169062941927,579.6,181.655732086823,21.3964113833419
2020,1597.14515706013,0,0,682,162.232929728184,501.948324033459,222.481926232223,28.481977066267
2021,1236.13517725312,0,0,684,-21.3388756493888,289.800000000017,248.146344773661,35.5277081288326
2022,1109.68261835028,0,0,686,124.258867871218,1.0223348667977401e-11,256.9,42.5237504790516
2023,834.609464653902,0,0,688,138.802800361148,-289.8,248.146344773662,49.460319519091904
2024,338.184489767738,0,0,690,-128.676826260951,-501.948324033457,222.481926232223,56.3277138299236
2025,448.92625536138,0,0,692,91.754194534924,-579.6,181.655732086824,63.1163287396325
2026,487.949853176542,0,0,694,97.63150745358548,-501.948324033462,128.45000000000098,69.8166697564178
2027,432.835113293121,0,0,696,-116.274865241224,-289.799999999994,66.4906126868362,76.4193658475025
2028,766.026520026433,0,0,698,-14.888662518919,-1.64717877411543e-11,3.65045054408432e-12,82.9151825453653
2029,1092.2075849483801,0,0,700,79.6031627722433,289.799999999994,-66.4906126868362,89.295034862982
2030,1198.02992376459,0,0,702,26.981599731132604,501.94832403345396,-128.449999999998,95.54999999999978
2031,1409.48908584789,0,0,704,205.87348811263,579.6,-181.655732086824,101.67132982208099
2032,1080.44522256391,0,0,706,-12.671638333292,501.948324033465,-222.48192623222099,107.650463095958
2033,783.0271096087109,0,0,708,-80.1055830807231,289.8,-248.146344773662,113.479037463096
2034,553.203317962506,0,0,710,-19.0455831726883,-1.02262187573931e-11,-256.9,119.14890113520399
2035,539.965410887859,0,0,712,241.25963136626098,-289.79999999998904,-248.146344773662,124.65212429524901
2036,-19.5819834439476,0,0,714,-139.132743366289,-501.948324033459,-222.481926232223,129.981010188023
2037,197.075580763852,0,0,716,107.203206965929,-579.6,-181.655732086826,135.128105884749
2038,282.201069390145,0,0,718,54.5131807169253,-501.9483240334599,-128.45,140.08621270668002
2039,443.82388319973296,0,0,720,-64.733900406519,-289.800000000005,-66.4906126868389,144.84839629309602
2040,981.839459129911,0,0,722,110.431462830265,3.97777968421625e-12,8.81549000064832e-13,149.40799629964
2041,1281.52292961907,0,0,724,47.4736812188415,289.79999999998404,66.4906126868335,153.75863571341
2042,1475.4104269445002,0,0,726,-38.8821268607363,501.94832403345595,128.449999999998,157.894229771787
2043,1680.08349889935,0,0,728,29.0187723399958,579.6,181.655732086824,161.808994472525
2044,1748.27649171773,0,0,730,128.348786788843,501.948324033463,222.48192623222198,165.497454663206
2045,1288.9723088356698,0,0,732,-149.92848763671802,289.799999999996,248.146344773662,168.954451698731
2046,1150.03727227616,0,0,734,-13.0378783799907,2.27065938896065e-12,256.9,172.175150656152
2047,924.6797462642239,0,0,736,55.1783543938167,-289.800000000007,248.146344773661,175.155047096753
2048,568.204672214303,0,0,738,-68.2189033503753,-501.948324033453,222.481926232224,177.889973365907
2049,660.201362145787,0,0,740,137.769525637032,-579.6,181.655732086825,180.37610442192903
2050,680.562340104084,0,0,742,129.450700951817,-501.94832403346703,128.450000000002,182.609963185731
2051,794.5749164439909,0,0,744,89.29587835331341,-289.800000000002,66.49061268683799,184.58842540384103
2052,816.432613466255,0,0,746,-115.876110551685,-8.519098462137541e-12,1.88798860845681e-12,186.30872401794602
2053,1089.9330897621198,0,0,748,-69.1447505859244,289.800000000001,-66.4906126868379,187.768453034881
2054,1390.02275501876,0,0,750,77.55886009367829,501.948324033466,-128.450000000002,188.965570891622
2055,1265.12930098499,0,0,752,-74.7133702387858,579.6,-181.655732086822,189.89840331059898
2056,970.284878286368,0,0,754,-253.747165156195,501.948324033462,-222.48192623222198,190.565645641324
2057,975.886255647785,0,0,756,-12.733764263624,289.800000000007,-248.146344773661,190.966364685063
2058,746.072227485487,0,0,758,53.8722274854885,-1.7056852505477297e-12,-256.9,191.1
2059,266.801784765149,0,0,760,-146.218235146257,-289.799999999996,-248.146344773662,190.966364685063
2060,232.831950224325,0,0,762,4.6965548486863495,-501.948324033463,-222.48192623222198,190.565645641324
2061,152.14540455596799,0,0,764,-40.4972666678038,-579.6,-181.65573208682702,189.89840331059898
2062,290.616398620081,0,0,766,-33.950848238074606,-501.948324033465,-128.450000000002,188.965570891622
2063,707.485383464714,0,0,768,108.007543116686,-289.80000000001303,-66.4906126868407,187.768453034881
2064,1111.2976131310302,0,0,770,154.988889113085,-4.54275382262916e-12,-1.00675764064306e-12,186.30872401794701
2065,1242.6335926919198,0,0,772,-70.245445398765,289.800000000005,66.4906126868387,184.58842540384103
2066,1524.60044419315,0,0,774,-62.4078430260381,501.9483240334599,128.45,182.609963185732
2067,1709.7799548031,0,0,776,-7.85188170565317,579.6,181.655732086825,180.37610442192903
2068,1669.35062998868,0,0,778,-10.969593642918401,501.948324033468,222.48192623222099,177.88997336590802
2069,1504.44779445802,0,0,780,11.346402587599302,289.800000000004,248.146344773661,175.155047096752
2070,1102.06013218916,0,0,782,-109.015018467006,1.0791192895806e-11,256.9,172.175150656152
2071,1051.35506272646,0,0,784,140.054266254071,-289.799999999999,248.146344773662,168.954451698731
2072,733.977108783664,0,0,786,61.94605192169129,-501.948324033457,222.481926232223,165.497454663206
2073,536.958458190939,0,0,788,-14.906268368409199,-579.6,181.655732086824,161.808994472525
2074,667.907424710159,0,0,790,93.51151897183941,-501.948324033471,128.450000000004,157.894229771787
2075,734.5402445660001,0,0,792,12.0909961657587,-289.800000000009,66.4906126868398,153.75863571341
2076,992.163718557724,0,0,794,48.755722258084404,-5.664091831207779e-13,1.25526672829303e-13,149.40799629964
2077,1293.7630379454902,0,0,796,129.605254339237,289.799999999994,-66.4906126868361,144.84839629309602
2078,1427.61464987838,0,0,798,116.030113138241,501.948324033462,-128.45000000000098,140.08621270668002
2079,1412.5290377050198,0,0,800,79.4566639070897,579.6,-181.655732086824,135.128105884749
2080,1175.95243458358,0,0,802,-35.4949734056815,501.94832403345805,-222.481926232223,129.981010188023
2081,913.291034019113,0,0,804,-57.01474550249021,289.800000000015,-248.146344773661,124.65212429524901
2082,749.744028275477,0,0,806,81.49512714026599,6.81484825629767e-12,-256.9,119.14890113520399
2083,497.551674386553,0,0,808,114.018981697107,-289.79999999998796,-248.146344773662,113.479037463096
2084,195.584192579994,0,0,810,2.36397974971759,-501.948324033459,-222.481926232223,107.650463095958
2085,232.89012852255001,0,0,812,80.4745307872945,-579.6,-181.655732086826,101.67132982208099
2086,382.500048432175,0,0,814,103.348372465635,-501.948324033461,-128.45,95.55
2087,521.328613567261,0,0,816,-27.6758086088941,-289.799999999991,-66.4906126868355,89.29503486298219
2088,942.2081913468302,0,0,818,41.2930088014803,-1.30632873294746e-11,-2.89506428135094e-12,82.9151825453655
2089,1144.44514871997,0,0,820,-108.264829814365,289.799999999997,66.4906126868369,76.41936584750229
2090,1592.5849227825302,0,0,822,70.3699289926549,501.94832403345595,128.449999999998,69.81666975641829
2091,1568.67493584888,0,0,824,-79.6971249775778,579.6,181.655732086824,63.116328739632394
2092,1607.60495374412,0,0,826,0.846989648506248,501.94832403346396,222.48192623222198,56.3277138299241
2093,1477.33162202112,0,0,828,61.924957728365094,289.799999999997,248.146344773662,49.4603195190918
2094,-189.756464052497,1,0,830,-36.2288960724487,1.9311726402651502e-11,256.9,42.5237504790521
2095,999.381288788568,0,0,832,173.507235886065,-289.799999999992,248.146344773662,35.527708128833105
2096,639.003386297053,0,0,834,55.9878070320252,-501.948324033461,222.48192623222198,28.4819770662668
2097,416.972862117437,0,0,836,-42.4792813527303,-579.6,181.655732086825,21.3964113833424
2098,591.947565798899,0,0,838,113.16496894799299,-501.948324033459,128.44999999999902,14.280920884365699
2099,624.334657033176,0,0,840,0.49858712013357104,-289.800000000002,66.4906126868381,7.14545722620589
2100,942.3998090899,0,0,842,100.399809089894,7.38628009589598e-12,-1.6369352627982e-12,1.1701500165853e-13
2101,1041.7960103441699,0,0,844,-18.3679197427757,289.799999999986,-66.4906126868343,-7.14545722620565
2102,1134.66158046506,0,0,846,-70.5558226840331,501.94832403345805,-128.44999999999902,-14.280920884365802
2103,1223.15505683575,0,0,848,-1.3927996940867902,579.6,-181.655732086822,-21.3964113833418
2104,992.281434044299,0,0,850,-108.702986690674,501.948324033462,-222.48192623222198,-28.4819770662669
2105,866.0474843675299,0,0,852,7.92153727001608,289.800000000008,-248.146344773661,-35.5277081288326
2106,469.135017606838,0,0,854,-85.4412319141092,-1.1378410227190902e-12,-256.9,-42.5237504790516
2107,247.56348924469398,0,0,856,-21.0298464625435,-289.80000000001,-248.146344773661,-49.460319519091904
2108,6.660541619043911,0,0,858,-70.58149428535391,-501.948324033455,-222.481926232224,-56.327713829923894
2109,39.276182485661,0,0,860,3.6482433121178697,-579.6,-181.655732086824,-63.1163287396325
2110,201.89902949623797,0,0,862,40.1140232861227,-501.948324033465,-128.450000000002,-69.81666975641811
2111,500.772288010131,0,0,864,69.48226654446961,-289.799999999999,-66.4906126868373,-76.4193658475025
2112,657.028517160886,0,0,866,-126.05630029374201,-5.1105980504578e-12,-1.13260234572344e-12,-82.9151825453653
2113,1107.31367533975,0,0,868,-27.6819024841082,289.800000000004,66.4906126868386,-89.295034862982
2114,1577.79772702129,0,0,870,172.94940298784599,501.94832403345197,128.449999999997,-95.54999999999978
2115,1577.33381450366,0,0,872,45.74941223891379,579.6,181.655732086823,-101.67132982208099
2116,1475.3181104185,0,0,874,-15.4616767512276,501.948324033468,222.48192623222099,-107.650463095958
2117,1353.61622901331,0,0,876,53.1489217027406,289.800000000004,248.146344773661,-113.479037463096
2118,802.811928690381,0,0,878,-212.93917017440899,-5.114185662227469e-12,256.9,-119.14890113520399
2119,800.195661021332,0,0,880,86.50144054291799,-289.799999999999,248.146344773662,-124.65212429524901
2120,512.701579725568,0,0,882,40.148987714834206,-501.948324033465,222.48192623222099,-129.981010188023
2121,296.661241272114,0,0,884,-54.2663849299635,-579.6,181.655732086826,-135.128105884749
2122,442.600971656998,0,0,886,70.18550839714021,-501.948324033463,128.45000000000098,-140.08621270668002
2123,532.920481142996,0,0,888,13.078264749261502,-289.80000000001,66.49061268684,-144.84839629309602
2124,566.6508426278971,0,0,890,-173.941161072462,-1.13425341094942e-12,2.51371377909685e-13,-149.40799629964
2125,917.6736416569189,0,0,892,-43.877109942828504,289.79999999999296,-66.4906126868359,-153.75863571341
2126,1066.96312108859,0,0,894,-42.6409731730836,501.948324033462,-128.45,-157.894229771787
2127,1194.94906064557,0,0,896,62.8137872049179,579.6,-181.655732086821,-161.808994472525
2128,1058.05052608024,0,0,898,46.081582942199205,501.948324033466,-222.48192623222099,-165.497454663206
2129,736.999512808716,0,0,900,-35.6996907188921,289.800000000001,-248.146344773662,-168.954451698731
2130,462.76555762142505,0,0,902,-10.1592917224299,7.38269248412631e-12,-256.9,-172.175150656152
2131,175.961902064964,0,0,904,-14.9367060646194,-289.800000000002,-248.146344773662,-175.155047096753
2132,-32.321618876369904,0,0,906,-36.001395244780895,-501.948324033459,-222.481926232223,-177.88997336590802
2133,-142.36782775064302,0,0,908,-108.735991241891,-579.6,-181.655732086823,-180.37610442192903
2134,67.35269357271889,0,0,910,-29.639019208077002,-501.948324033469,-128.450000000003,-182.609963185732
2135,416.725128613897,0,0,912,45.604166704582795,-289.800000000006,-66.4906126868391,-184.58842540384103
2136,802.2845500677679,0,0,914,74.59327408573141,-1.3631131557303198e-11,-3.02090898643133e-12,-186.30872401794701
2137,1000.71145200877,0,0,916,-83.810707643185,289.799999999997,66.4906126868368,-187.768453034881
2138,1223.9731115376198,0,0,918,-135.459641604208,501.94832403345595,128.449999999998,-188.965570891622
2139,1351.68213722935,0,0,920,-139.67519154687201,579.6,181.655732086824,-189.89840331059898
2140,1744.9025893812197,0,0,922,289.037984756867,501.94832403345595,222.481926232223,-190.565645641324
2141,1215.52525235461,0,0,924,-55.454727734003896,289.800000000012,248.146344773661,-190.966364685063
2142,1058.83307294712,0,0,926,67.0330729471202,3.4063478446179395e-12,256.9,-191.1
2143,800.267663207583,0,0,928,104.88768311897499,-289.799999999991,248.146344773662,-190.966364685063
2144,393.426394950551,0,0,930,-66.54156160688721,-501.948324033461,222.48192623222198,-190.565645641324
2145,306.242779263294,0,0,932,-37.9145495129323,-579.6,181.655732086825,-189.89840331059898
2146,440.02969449478303,0,0,934,68.4935894198648,-501.948324033459,128.44999999999902,-188.965570891622
2147,362.513906786122,0,0,936,-162.408252865822,-289.800000000017,66.4906126868418,-187.768453034881
2148,830.281491301188,0,0,938,78.590215319142,-9.65478691779483e-12,2.13967801861757e-12,-186.30872401794701
2149,936.7596862256371,0,0,940,-41.96127568367329,289.799999999986,-66.4906126868341,-184.58842540384103
2150,1291.0780474884,0,0,942,158.189686640672,501.94832403345805,-128.44999999999902,-182.609963185732
2151,1148.6954051216,0,0,944,-12.872758369645698,579.6,-181.655732086825,-180.37610442192903
2152,1077.4456131658999,0,0,946,29.8691887305644,501.948324033462,-222.48192623222198,-177.88997336590802
2153,1054.41265014285,0,0,948,239.914042013274,289.799999999994,-248.146344773662,-175.155047096752
2154,555.067951376525,0,0,950,34.1431020326619,1.5903225990971698e-11,-256.9,-172.175150656153
2155,170.836076729568,0,0,952,-74.2631267980445,-289.799999999995,-248.146344773662,-168.954451698731
2156,110.569963766487,0,0,954,46.497668695371104,-501.94832403345396,-222.481926232224,-165.497454663207
2157,-11.863522949815199,0,0,956,-44.798796390465604,-579.6,-181.655732086824,-161.808994472525
2158,246.34232953364398,0,0,958,76.6348833388973,-501.948324033465,-128.450000000002,-157.894229771787
2159,447.12263674528504,0,0,960,-2.8281148544679504,-289.799999999999,-66.4906126868374,-153.75863571341
2160,704.189457578779,0,0,962,-108.402546121554,-2.2151665064148604e-11,-4.909215627139219e-12,-149.40799629964098
2161,1389.33798522375,0,0,964,213.895768830025,289.79999999998904,66.49061268683501,-144.84839629309602
2162,1397.14131765428,0,0,966,-59.1707936724994,501.9483240334599,128.45,-140.08621270668002
2163,1532.2696277677499,0,0,968,-61.8579984343193,579.6,181.655732086823,-135.128105884749
2164,1531.4808880787698,0,0,970,-32.9683519988853,501.9483240334599,222.48192623222198,-129.981010188022
2165,1359.76328666598,0,0,972,-25.5309338124394,289.800000000005,248.146344773661,-124.65212429524901
2166,1013.2704787438099,0,0,974,-98.4806201209808,-4.5463414343988205e-12,256.9,-119.14890113520399
2167,807.8882017102991,0,0,976,-12.9791056002831,-289.79999999998404,248.14634477366297,-113.479037463097
2168,623.509150738086,0,0,978,32.626011635277,-501.94832403345595,222.481926232223,-107.650463095958
2169,363.681162154438,0,0,980,-116.70324011030701,-579.6,181.655732086826,-101.67132982208099
2170,510.53677063109,0,0,982,-2.41490533544773,-501.948324033463,128.45000000000098,-95.55
2171,768.4102291571111,0,0,984,97.01465133325279,-289.799999999996,66.4906126868365,-89.29503486298219
2172,901.177850954809,0,0,986,-1.90696649981132,-1.81753204246402e-11,4.02798465932546e-12,-82.9151825453655
2173,984.465687276968,0,0,988,-150.424334188686,289.79999999999296,-66.49061268683579,-76.4193658475027
2174,1087.60878246843,0,0,990,-206.07287180861698,501.948324033462,-128.45,-69.81666975641829
2175,1468.03307505311,0,0,992,141.205135879574,579.6,-181.655732086826,-63.1163287396327
2176,1136.6036082280802,0,0,994,-80.535075743241,501.948324033466,-222.48192623222099,-56.3277138299241
2177,874.6080153282021,0,0,996,-113.585320379046,289.800000000001,-248.146344773662,-49.4603195190915
2178,619.562520264165,0,0,998,-79.01372925680779,2.4423759497817103e-11,-256.9,-42.523750479052204
2179,423.84111104920896,0,0,1000,-2.6848360483077096,-289.799999999987,-248.14634477366297,-35.5277081288328
2180,164.626604796706,0,0,1002,-84.4611678713451,-501.94832403345805,-222.481926232223,-28.4819770662675
2181,237.11786152087,0,0,1004,15.7700049910351,-579.6,-181.655732086823,-21.3964113833421
2182,401.55794384893096,0,0,1006,40.2371887667472,-501.948324033453,-128.449999999997,-14.280920884365699
2183,604.8592613856749,0,0,1008,-39.704668701273,-289.800000000007,-66.4906126868392,-7.14545722620591
2184,1092.8271278693599,0,0,1010,82.82712786935579,2.2742470007303102e-12,5.040148848236861e-13,-1.4041800199023599e-13
2185,1405.7689285027302,0,0,1012,30.3328585897142,289.799999999982,66.4906126868331,7.145457226205631
2186,1571.33683415838,0,0,1014,-87.3424107594438,501.948324033455,128.449999999998,14.2809208843654
2187,1695.5152351612398,0,0,1016,-103.136908308928,579.6,181.655732086824,21.3964113833418
2188,1835.3520312802398,0,0,1018,64.43980394829721,501.94832403345595,222.481926232223,28.481977066266605
2189,1667.91681869025,0,0,1020,74.4427657877404,289.800000000012,248.146344773661,35.5277081288326
2190,1315.7566757310801,0,0,1022,-5.66707474797837,3.97419207244658e-12,256.9,42.5237504790519
2191,1000.30045320643,0,0,1024,-31.5062110863502,-289.799999999977,248.14634477366297,49.46031951909121
2192,987.424595622908,0,0,1026,184.563279594212,-501.94832403345197,222.481926232224,56.327713829923894
2193,751.369521773618,0,0,1028,58.1974609471606,-579.6,181.655732086825,63.1163287396325
2194,713.4888876216479,0,0,1030,-12.8294581013098,-501.948324033459,128.44999999999902,69.81666975641811
2195,731.624880079081,0,0,1032,-153.485098455268,-289.79999999998904,66.4906126868349,76.4193658475024
2196,1196.56833427987,0,0,1034,79.6531517345104,-1.0222631145623499e-11,2.26552272369796e-12,82.9151825453652
2197,1290.67664413504,0,0,1036,-57.9277780410995,289.8,-66.49061268683751,89.295034862982
2198,1446.98713923521,0,0,1038,-60.0611847982399,501.948324033449,-128.44999999999598,95.54999999999978
2199,1331.5038701439998,0,0,1040,-208.111727591259,579.6,-181.655732086822,101.67132982208099
2200,1356.3778072072198,0,0,1042,-72.73905368998179,501.948324033462,-222.48192623222198,107.650463095958
2201,1221.40990098161,0,0,1044,22.277208292185602,289.799999999994,-248.146344773662,113.479037463096
2202,949.013559677887,0,0,1046,40.7646585426671,1.64710702188004e-11,-256.9,119.14890113520399
2203,700.046347536445,0,0,1048,65.3405680148524,-289.799999999994,-248.146344773662,124.65212429524901
2204,404.26367211479896,0,0,1050,-51.2870878075395,-501.948324033462,-222.48192623222198,129.981010188023
2205,315.240117931693,0,0,1052,-110.632255866229,-579.6,-181.65573208682702,135.128105884749
2206,367.441204300916,0,0,1054,-196.246684372296,-501.948324033465,-128.450000000002,140.08621270668002
2207,732.905762463598,0,0,1056,-111.65202114266,-289.8,-66.49061268683751,144.84839629309602
2208,1374.68036639354,0,0,1058,167.272370093888,1.02269362797471e-11,2.26647682045119e-12,149.40799629964
2209,1535.0700998832099,0,0,1060,-34.9791485170272,289.79999999998904,66.4906126868349,153.75863571341
2210,1753.16339267953,0,0,1062,-97.12916112571999,501.948324033459,128.44999999999902,157.894229771786
2211,1933.8097910738,0,0,1064,-53.2549354855471,579.6,181.65573208682,161.808994472525
2212,1847.46077350923,0,0,1066,-108.46693141966101,501.948324033469,222.48192623222099,165.497454663206
2213,1757.0790526614098,0,0,1068,-17.8217438109868,289.800000000005,248.146344773661,168.954451698731
2214,1446.0149210070801,0,0,1070,-53.060229649071104,-3.9784972065701806e-12,256.9,172.175150656152
2215,1224.61008719125,0,0,1072,19.108695320844102,-289.800000000012,248.146344773661,175.155047096753
2216,858.2709276766251,0,0,1074,-114.15264788805,-501.94832403345595,222.481926232223,177.88997336590802
2217,689.9101389391091,0,0,1076,-168.521697569644,-579.6,181.655732086824,180.37610442192903
2218,746.789333425815,0,0,1078,-140.32230572645,-501.948324033472,128.450000000004,182.609963185732
2219,1039.1817986433198,0,0,1080,-2.09723944734603,-289.800000000011,66.4906126868402,184.58842540384103
2220,1282.14412102216,0,0,1082,13.835397004210801,-2.26994186660671e-12,5.03060788070449e-13,186.30872401794602
2221,1531.6438065298098,0,0,1084,36.5659661817586,289.800000000007,-66.4906126868392,187.768453034881
2222,1708.74949521411,0,0,1086,60.285600289033205,501.948324033453,-128.449999999997,188.965570891622
2223,1520.7043878520599,0,0,1088,-155.138283371714,579.6,-181.655732086823,189.89840331059898
2224,1360.19228397551,0,0,1090,-199.83975946705002,501.94832403345805,-222.481926232223,190.565645641324
2225,1329.98958329904,0,0,1092,5.36956338762025,289.800000000016,-248.146344773661,190.966364685063
2226,912.167153018488,0,0,1094,-116.03284698152001,8.5183809397836e-12,-256.9,191.1
2227,655.714256596925,0,0,1096,-93.3057633144747,-289.800000000001,-248.146344773662,190.966364685063
2228,509.096488149797,0,0,1098,-55.0389072258395,-501.948324033466,-222.48192623222099,190.565645641324
2229,419.80167276789496,0,0,1100,-108.840998455878,-579.6,-181.655732086826,189.89840331059898
2230,673.096701491066,0,0,1102,12.5294546329054,-501.948324033462,-128.45,188.965570891622
2231,845.421203514951,0,0,1104,-90.05663683306659,-289.80000000002104,-66.4906126868429,187.768453034881
2232,1339.21882310015,0,0,1106,46.9100990822223,-1.47668200129605e-11,-3.27259839659209e-12,186.30872401794701
2233,1710.2136497122,0,0,1108,61.3346116215287,289.799999999996,66.4906126868366,184.58842540384103
2234,2003.73536152559,0,0,1110,80.7270743063967,501.948324033463,128.45000000000098,182.609963185732
2235,2083.25222119154,0,0,1112,29.6203846827838,579.6,181.655732086826,180.37610442192903
2236,1903.07123335996,0,0,1114,-113.248990271635,501.948324033465,222.48192623222099,177.88997336590802
2237,1789.4545067538897,0,0,1116,-39.646885116521,289.799999999998,248.146344773662,175.155047096752
2238,1662.00873598475,0,0,1118,114.933585328573,2.10152590861374e-11,256.9,172.175150656153
2239,1082.9121050359101,0,0,1120,-164.388691436493,-289.79999999999,248.146344773662,168.954451698731
2240,935.9332653654849,0,0,1122,-72.0977914964838,-501.9483240334599,222.48192623222198,165.497454663207
2241,1097.01623441939,0,0,1124,209.15150786003997,-579.6,181.655732086823,161.808994472525
2242,939.8886929618519,0,0,1126,29.4927872235301,-501.948324033468,128.450000000003,157.894229771787
2243,1143.95643098056,0,0,1128,85.5071825803136,-289.800000000004,66.4906126868385,153.75863571341
2244,1422.0085693732,0,0,1130,142.600573073576,-2.72636981593143e-11,6.042136005113731e-12,149.40799629964098
2245,1459.9880217989,0,0,1132,-40.169761807343505,289.799999999985,-66.4906126868339,144.84839629309602
2246,1578.40461873769,0,0,1134,-69.17991800244701,501.948324033457,-128.44999999999902,140.08621270668002
2247,1716.8376033564903,0,0,1136,47.7652295585623,579.6,-181.655732086824,135.128105884749
2248,1621.1705339686498,0,0,1138,73.72312597939259,501.94832403345396,-222.481926232224,129.981010188022
2249,1336.7683606108,0,0,1140,30.4625810892011,289.800000000009,-248.146344773661,124.65212429524901
2250,1047.01738783769,0,0,1142,42.768486702485205,5.65691660766845e-13,-256.9,119.14890113520399
2251,1029.54633950543,0,0,1144,310.013646815971,-289.79999999997995,-248.14634477366297,113.479037463097
2252,414.18720369736604,0,0,1146,-115.033009132914,-501.94832403345396,-222.481926232224,107.650463095958
2253,504.44007377496905,0,0,1148,16.0244760397121,-579.6,-181.655732086825,101.67132982208099
2254,631.3023112101561,0,0,1150,16.1506352436127,-501.94832403345805,-128.44999999999902,95.5500000000001
2255,916.20345884952,0,0,1152,31.1990366733933,-289.800000000015,-66.4906126868412,89.29503486298219
2256,1266.96118500343,0,0,1154,30.046002458077503,-6.814130733943741e-12,-1.5101364609645802e-12,82.9151825453655
2257,1541.61041057936,0,0,1156,-47.0995679549885,289.800000000003,66.49061268683829,76.4193658475027
2258,1846.4913574051102,0,0,1158,-11.7236363847584,501.948324033451,128.44999999999598,69.81666975641829
2259,2007.8967568972,0,0,1160,23.5246960707479,579.6,181.655732086823,63.1163287396321
2260,1921.9983519130801,0,0,1162,-20.7596121825222,501.948324033461,222.48192623222198,56.3277138299242
2261,1714.9043642238198,0,0,1164,-36.50230006892821,289.799999999991,248.146344773662,49.4603195190915
2262,1519.0986403919599,0,0,1166,53.674889912899104,1.30625698071206e-11,256.9,42.523750479052204
2263,1236.5339373911302,0,0,1168,74.65988448863641,-289.799999999997,248.146344773662,35.5277081288329
2264,998.384368517186,0,0,1170,79.3687892521411,-501.94832403344805,222.481926232225,28.4819770662676
2265,843.59711544598,0,0,1172,48.1449719758115,-579.6,181.65573208682702,21.3964113833421
2266,761.3469549693781,0,0,1174,-53.435641881525896,-501.94832403346396,128.45000000000098,14.2809208843664
2267,1017.97294837839,0,0,1176,58.13687846534471,-289.799999999997,66.4906126868368,7.145457226205941
2268,1071.75675391395,0,0,1178,-106.24324608606399,1.36354366914268e-11,-3.02186308318456e-12,1.63821002321941e-13
2269,1397.86033171435,0,0,1180,1.69640162739591,289.799999999992,-66.4906126868356,-7.14545722620561
2270,1492.3580135134198,0,0,1182,-48.859389635673,501.948324033461,-128.45,-14.2809208843654
2271,1630.58819516804,0,0,1184,70.0403386382061,579.6,-181.655732086821,-21.3964113833418
2272,1398.46901169317,0,0,1186,-38.515409041813506,501.94832403346703,-222.48192623222099,-28.4819770662672
2273,1391.4091691741198,0,0,1188,197.283222076615,289.800000000002,-248.146344773662,-35.5277081288325
2274,713.162874701837,0,0,1190,-177.413374819104,-7.38699761824991e-12,-256.9,-42.5237504790519
2275,692.80159360112,0,0,1192,88.20825789385981,-289.799999999986,-248.14634477366297,-49.46031951909121
2276,324.956664506807,0,0,1194,-88.2853713975888,-501.94832403345805,-222.481926232223,-56.327713829923894
2277,392.80610038735296,0,0,1196,21.1781612138132,-579.6,-181.655732086829,-63.1163287396318
2278,536.695307016262,0,0,1198,38.9103008061535,-501.94832403347,-128.450000000004,-69.81666975641811
2279,808.0305258071851,0,0,1200,40.740504341534205,-289.800000000008,-66.4906126868395,-76.4193658475024
2280,1087.54851738894,0,0,1202,-31.536300065697,1.1385585450730202e-12,2.52325474662922e-13,-82.9151825453652
2281,1550.02874990132,0,0,1204,79.0331720774556,289.80000000001,66.49061268684,-89.295034862982
2282,1968.40612407142,0,0,1206,227.55780003796502,501.948324033455,128.449999999998,-95.54999999999978
2283,1865.71109819865,0,0,1208,-1.8733040660903897,579.6,181.655732086824,-101.67132982208099
2284,1611.20495960695,0,0,1210,-215.574827562782,501.948324033473,222.48192623222,-107.650463095958
2285,1585.2800283143602,0,0,1212,-51.1872789962212,289.80000000001303,248.146344773661,-113.479037463096
2286,1291.0003549199198,0,0,1214,-60.7507439448858,5.10988052810387e-12,256.9,-119.14890113520399
2287,1093.56021925645,0,0,1216,43.865998778045594,-289.800000000004,248.146344773661,-124.65212429524901
2288,847.267054879553,0,0,1218,38.7144628688022,-501.94832403345197,222.481926232224,-129.981010188022
2289,631.647635722431,0,0,1220,-55.279990479645605,-579.6,181.655732086825,-135.128105884749
2290,674.291011926602,0,0,1222,-34.1244513332583,-501.9483240334599,128.45,-140.08621270668002
2291,880.8854076895731,0,0,1224,25.043191295845798,-289.80000000001803,66.4906126868422,-144.84839629309602
2292,1121.3152196399699,0,0,1226,44.7232159396206,-1.1358319601280801e-11,2.5172121338587202e-12,-149.40799629964
2293,1262.01008362416,0,0,1228,-35.5406679755872,289.799999999999,-66.4906126868373,-153.75863571341
2294,1424.06482540546,0,0,1230,-21.5392688562145,501.948324033465,-128.450000000002,-157.894229771786
2295,1403.9788326507999,0,0,1232,-64.1564407898511,579.6,-181.655732086822,-161.808994472525
2296,1540.6144372765,0,0,1234,192.64549413846802,501.948324033463,-222.48192623222198,-165.497454663206
2297,1115.46352900949,0,0,1236,6.76432548186133,289.800000000024,-248.14634477366002,-168.954451698731
2298,678.392779649364,0,0,1238,-130.532069694501,1.7606758674457698e-11,-256.9,-172.175150656152
2299,649.666402022444,0,0,1240,122.767793892852,-289.79999999999296,-248.146344773662,-175.155047096753
2300,427.326880298218,0,0,1242,87.6471039298092,-501.948324033462,-222.48192623222198,-177.889973365907
2301,301.508455838969,0,0,1244,-0.8597076522798599,-579.6,-181.655732086822,-180.37610442192903
2302,405.69142159013296,0,0,1246,-27.3002911906673,-501.948324033466,-128.450000000002,-182.609963185732
2303,630.287880231521,0,0,1248,-76.8330816777993,-289.800000000001,-66.49061268683779,-184.58842540384103
2304,1103.89912574511,0,0,1250,40.2078497630901,-2.38551977476345e-11,-5.28674974238036e-12,-186.30872401794602
2305,1229.2565394785302,0,0,1252,-191.265620173415,289.79999999998796,66.49061268683461,-187.768453034881
2306,1830.3946314503698,0,0,1254,134.96187830853,501.948324033459,128.44999999999902,-188.965570891622
2307,1768.4826479755102,0,0,1256,-58.874680800714394,579.6,181.655732086825,-189.89840331059898
2308,1655.75250882677,0,0,1258,-136.112095797595,501.948324033469,222.48192623222,-190.565645641324
2309,1590.03290859745,0,0,1260,-16.947071491150698,289.800000000006,248.146344773661,-190.966364685063
2310,1378.84865840487,0,0,1262,51.0486584048732,-2.84280875091289e-12,256.9,-191.1
2311,997.8800760650149,0,0,1264,-33.4999040236027,-289.79999999998296,248.14634477366297,-190.966364685063
2312,844.227821266374,0,0,1266,48.2598647089294,-501.94832403345595,222.481926232223,-190.565645641324
2313,620.1861131085241,0,0,1268,-59.971215667701394,-579.6,181.655732086824,-189.89840331059898
2314,737.99784809938,0,0,1270,30.461743024459402,-501.94832403345595,128.449999999998,-188.965570891622
2315,734.1887034642759,0,0,1272,-126.733456187672,-289.800000000012,66.49061268684041,-187.768453034881
2316,1146.61201971828,0,0,1274,58.9207437362254,-3.4056303222640004e-12,7.54750198231213e-13,-186.30872401794701
2317,1385.9413535661301,0,0,1276,71.2203916568268,289.799999999977,-66.4906126868319,-184.58842540384103
2318,1494.388155161,0,0,1278,25.499794313277697,501.94832403345197,-128.449999999997,-182.609963185732
2319,1612.40352869663,0,0,1280,114.835365205387,579.6,-181.655732086823,-180.37610442192903
2320,1260.78075299687,0,0,1282,-122.795671438459,501.948324033459,-222.481926232223,-177.88997336590802
2321,1183.61215002898,0,0,1284,33.1135418994022,289.79999999998796,-248.146344773662,-175.155047096752
2322,651.376433833127,0,0,1286,-205.54841551073002,9.654069395440891e-12,-256.9,-172.175150656153
2323,734.6361046822619,0,0,1288,153.536901154655,-289.8,-248.146344773662,-168.954451698731
2324,400.4062998481,0,0,1290,0.334004776980091,-501.948324033449,-222.481926232225,-165.497454663206
2325,494.386405123586,0,0,1292,125.45113168293699,-579.6,-181.655732086826,-161.808994472525
2326,554.413046044702,0,0,1294,48.7055998499512,-501.948324033462,-128.45000000000098,-157.894229771787
2327,789.806077088744,0,0,1296,3.8553254889845596,-289.799999999994,-66.4906126868361,-153.75863571341
2328,974.9794918033,0,0,1298,-173.61251189703998,-1.59025084686178e-11,-3.52428780675285e-12,-149.40799629964098
2329,1381.92313443167,0,0,1300,-129.519081962064,289.799999999995,66.4906126868363,-144.84839629309602
2330,1797.79777757888,0,0,1302,5.485666252115281,501.94832403344594,128.449999999994,-140.08621270668002
2331,1934.11022071273,0,0,1304,3.9825945106553196,579.6,181.655732086821,-135.128105884749
2332,1936.6378966131301,0,0,1306,36.1886565354622,501.948324033465,222.48192623222099,-129.981010188023
2333,1665.44303597455,0,0,1308,-55.851184503860296,289.799999999999,248.146344773662,-124.65212429524901
2334,1528.94051223499,0,0,1310,81.1894133702065,-1.07954980299296e-11,256.9,-119.14890113520399
2335,1145.73976807505,0,0,1312,-11.127539235526099,-289.79999999998904,248.146344773662,-113.479037463097
2336,896.455880538059,0,0,1314,-30.427258564765,-501.948324033443,222.481926232226,-107.650463095959
2337,549.078264563669,0,0,1316,-267.306137701073,-579.6,181.655732086823,-101.67132982208099
2338,1053.2701448916698,0,0,1318,204.318468925136,-501.948324033468,128.450000000003,-95.5500000000001
2339,1129.49468667037,0,0,1320,122.099108846513,-289.800000000005,66.4906126868387,-89.29503486298229
2340,1208.58462891634,0,0,1322,-30.500188538273502,-2.8399386614971602e-11,6.2938254152745005e-12,-82.9151825453662
2341,1541.86512381898,0,0,1324,70.975102353307,289.80000000001303,-66.4906126868407,-76.4193658475027
2342,1651.0890786623002,0,0,1326,21.407424385257602,501.94832403345595,-128.449999999998,-69.8166697564184
2343,1647.1571969751901,0,0,1328,-15.6707421983625,579.6,-181.655732086819,-63.1163287396328
2344,1771.5167539899899,0,0,1330,218.378070018686,501.948324033455,-222.481926232224,-56.327713829923496
2345,1388.18537917597,0,0,1332,63.99204346871739,289.80000000001,-248.146344773661,-49.4603195190915
2346,1059.48363965588,0,0,1334,24.9073901349273,1.7013801164241301e-12,-256.9,-42.523750479052204
2347,734.272490426667,0,0,1336,-28.2534566708573,-289.799999999979,-248.14634477366297,-35.5277081288336
2348,635.670639005345,0,0,1338,50.5828663373017,-501.94832403347,-222.48192623222,-28.4819770662669
2349,682.829858436221,0,0,1340,125.48200190638799,-579.6,-181.655732086825,-21.396411383342198
2350,665.656916976924,0,0,1342,-31.663838105230397,-501.94832403347505,-128.450000000005,-14.280920884365802
2351,925.746638569643,0,0,1344,-54.81729151729321,-289.800000000016,-66.4906126868414,-7.14545722620664
2352,1528.77087988099,0,0,1346,182.770879880998,-7.94981918960103e-12,-1.7618258711253501e-12,-1.87224002653647e-13
2353,1608.2881408019698,0,0,1348,-103.14792911108,289.800000000002,66.49061268683799,7.14545722620558
2354,2076.46228813795,0,0,1350,81.78304322013409,501.94832403345004,128.44999999999598,14.2809208843654
2355,2011.94919377488,0,0,1352,-122.70294969529199,579.6,181.655732086828,21.3964113833425
2356,2147.7400620917997,0,0,1354,40.8278347598496,501.948324033461,222.48192623222198,28.4819770662672
2357,1882.98345822096,0,0,1356,-46.4905946815569,289.80000000002104,248.14634477366002,35.5277081288325
2358,1523.31236333074,0,0,1358,-134.111387148328,1.4198258262777901e-11,256.9,42.5237504790512
2359,1216.25094091573,0,0,1360,-151.555723377026,-289.799999999996,248.146344773662,49.4603195190918
2360,1173.07179763569,0,0,1362,34.210481607012504,-501.948324033463,222.48192623222198,56.3277138299238
2361,921.2288471015061,0,0,1364,-107.943213724953,-579.6,181.65573208682702,63.1163287396318
2362,1103.32811626792,0,0,1366,41.009770544976604,-501.948324033481,128.450000000008,69.8166697564174
2363,1206.3680980104,0,0,1368,-14.7418805239462,-289.799999999998,66.490612686837,76.4193658475024
2364,1465.92383725115,0,0,1370,13.008654705804,-2.0446697335954802e-11,4.53136347964699e-12,82.9151825453652
2365,1589.7154191975599,0,0,1372,-94.88900297857691,289.799999999991,-66.4906126868353,89.29503486298191
2366,1737.44435832738,0,0,1374,-105.603965706078,501.9483240334599,-128.45,95.55000000000031
2367,1849.63217895749,0,0,1376,-25.9834187777606,579.6,-181.655732086826,101.67132982208099
2368,1836.7686396397198,0,0,1378,71.65177874251509,501.94832403346703,-222.48192623222099,107.650463095958
2369,1354.98034320358,0,0,1380,-180.152349485889,289.800000000032,-248.14634477366002,113.479037463096
2370,1518.1801319225501,0,0,1382,273.931230787348,-6.25130916259263e-12,-256.9,119.14890113520399
2371,1005.5218842611802,0,0,1384,34.8161047395831,-289.799999999986,-248.14634477366297,124.65212429524901
2372,782.0749400146781,0,0,1386,-9.47581990766429,-501.948324033457,-222.481926232223,129.981010188022
2373,913.7751776296449,0,0,1388,151.902803831725,-579.6,-181.655732086829,135.128105884749
2374,1018.15057244342,0,0,1390,118.462683770191,-501.94832403345396,-128.449999999998,140.08621270668002
2375,1140.7086562034199,0,0,1392,-39.8491274028314,-289.800000000009,-66.49061268683971,144.84839629309602
2376,1570.30599540801,0,0,1394,26.897999108412105,-3.29435754823086e-11,-7.300901088168629e-12,149.40799629964
2377,1841.75440621328,0,0,1396,-64.2948421869754,289.800000000009,66.49061268683971,153.758635713411
2378,2004.59960759888,0,0,1398,-181.69294620635898,501.94832403345396,128.449999999998,157.894229771786
2379,2245.07675876954,0,0,1400,-77.98796778981071,579.6,181.655732086824,161.808994472525
2380,2265.77399932667,0,0,1402,-26.153705602226,501.94832403347397,222.481926232219,165.497454663206
2381,2131.63376457864,0,0,1404,20.732968106263,289.799999999986,248.14634477366297,168.954451698731
2382,1606.5650379086098,0,0,1406,-228.510112747548,6.24556898376116e-12,256.9,172.175150656152
2383,1598.15216383681,0,0,1408,56.6507719663659,-289.799999999975,248.14634477366297,175.155047096752
2384,1280.9712163058,0,0,1410,-27.452359258884602,-501.948324033451,222.481926232224,177.889973365907
2385,1227.86157975164,0,0,1412,33.429743242884896,-579.6,181.655732086826,180.37610442192903
2386,1192.4018292574099,0,0,1414,-30.7098098948636,-501.9483240334599,128.45,182.609963185731
2387,1447.56357451374,0,0,1416,70.2845364230723,-289.800000000019,66.4906126868424,184.58842540384103
2388,1612.48807247531,0,0,1418,8.17934845734998,2.04524375147863e-11,-4.532635608651309e-12,186.30872401794701
2389,1873.95395578046,0,0,1420,42.8761154324147,289.799999999998,-66.490612686837,187.768453034881
2390,2016.8985241226399,0,0,1422,32.4346291975692,501.94832403344805,-128.44999999999501,188.965570891622
2391,1987.73147575179,0,0,1424,-24.1111954719897,579.6,-181.655732086822,189.89840331059898
2392,1902.79813082043,0,0,1426,6.766087377862849,501.948324033463,-222.48192623222198,190.565645641324
2393,1691.0092960849402,0,0,1428,30.389276173544197,289.799999999996,-248.146344773662,190.966364685063
2394,1365.87960928175,0,0,1430,1.67960928172723,1.8742447130114898e-11,-256.9,191.1
2395,1115.87383093693,0,0,1432,30.8538110255472,-289.80000000002104,-248.14634477366002,190.966364685063
2396,852.773830294817,0,0,1434,-47.36156508082371,-501.948324033461,-222.48192623222198,190.565645641324
2397,803.362329817271,0,0,1436,-61.2803414065007,-579.6,-181.655732086828,189.89840331059898
2398,1021.4427637522,0,0,1438,24.875516894046804,-501.94832403346703,-128.450000000002,188.965570891622
2399,1359.23577421611,0,0,1440,87.75793386806869,-289.800000000002,-66.49061268683799,187.768453034881
2400,1816.0282498207603,0,0,1442,187.719525802802,7.95555936843249e-12,1.76309800012966e-12,186.30872401794701
2401,1946.90209688302,0,0,1444,-37.9769412076415,289.799999999987,66.4906126868344,184.58842540384103
2402,2108.5713718266397,0,0,1446,-150.436915392527,501.948324033442,128.449999999993,182.609963185732
2403,2428.58770223713,0,0,1448,38.9558657283785,579.6,181.655732086825,180.37610442192903
2404,2411.35672425383,0,0,1450,59.0365006222349,501.94832403347,222.48192623222,177.88997336590802
2405,2209.05472198264,0,0,1452,43.9533301122165,289.800000000007,248.146344773661,175.155047096753
2406,1896.4593231421102,0,0,1454,13.384172485957698,-1.7071202952555998e-12,256.9,172.175150656152
2407,1644.0497787690101,0,0,1456,60.748982296628796,-289.80000000001,248.146344773661,168.954451698731
2408,1385.0127280902402,0,0,1458,40.9816712282616,-501.948324033455,222.481926232224,165.497454663206
2409,1207.43598178938,0,0,1460,-16.4287447699771,-579.6,181.655732086829,161.808994472525
2410,1127.56578706254,0,0,1462,-118.83011867578999,-501.94832403345595,128.449999999998,157.894229771787
2411,1223.91528289776,0,0,1464,-170.533965502477,-289.80000000001303,66.4906126868407,153.75863571341
2412,1467.64332247254,0,0,1466,-147.764673827098,-4.54131877792129e-12,1.0064396083919798e-12,149.40799629964098
2413,1911.60598522761,0,0,1468,75.44820162136699,289.799999999976,-66.49061268683171,144.848396293097
2414,2048.28535219686,0,0,1470,64.70081545671921,501.948324033468,-128.450000000003,140.08621270668002
2415,2079.4975891129,0,0,1472,74.4252153149691,579.6,-181.655732086823,135.12810588475
2416,1950.9777735989899,0,0,1474,67.5303656097066,501.948324033476,-222.481926232219,129.981010188023
2417,1672.4690893607099,0,0,1476,30.1633098391362,289.79999999998904,-248.146344773662,124.65212429524901
2418,1222.20150963826,0,0,1478,-118.04739149695699,1.07897578510982e-11,-256.9,119.14890113520399
2419,975.518365281165,0,0,1480,-80.0143274082707,-289.799999999999,-248.146344773662,113.479037463097
2420,1002.1446510643599,0,0,1482,136.924438234072,-501.948324033449,-222.481926232225,107.650463095959
2421,850.486309795525,0,0,1484,26.070712060265198,-579.6,-181.655732086821,101.67132982208099
2422,1078.43274397739,0,0,1486,127.281068010854,-501.948324033463,-128.45000000000098,95.5500000000001
2423,1280.95100910651,0,0,1488,59.9465869303965,-289.800000000023,-66.49061268684339,89.29503486298229
2424,1523.81743002301,0,0,1490,-49.097752522335604,-1.7038196924275098e-11,-3.77597721691362e-12,82.9151825453662
2425,1892.9891203954899,0,0,1492,-31.720858138843397,289.799999999994,66.4906126868361,76.41936584750209
2426,2064.6349099389004,0,0,1494,-129.580083850979,501.948324033462,128.45000000000098,69.8166697564184
2427,2410.9032559981197,0,0,1496,90.53119517166272,579.6,181.655732086821,63.1163287396328
2428,2372.0180580060396,0,0,1498,93.2600939104448,501.948324033449,222.481926232225,56.3277138299236
2429,2094.1630113487804,0,0,1500,6.756347056030389,289.8,248.146344773662,49.4603195190915
2430,1884.8789642057502,0,0,1502,83.4552137266751,2.3286635997452e-11,256.9,42.523750479052204
2431,1379.03373195581,0,0,1504,-118.840320946695,-289.79999999998796,248.146344773662,35.5277081288336
2432,1409.64024445208,0,0,1506,154.62466518705,-501.948324033459,222.481926232223,28.4819770662669
2433,1094.27273801975,0,0,1508,-37.1794054504133,-579.6,181.655732086823,21.396411383342198
2434,1009.2358816455699,0,0,1510,-141.546715205328,-501.948324033469,128.450000000003,14.280920884365802
2435,1254.11298206635,0,0,1512,-41.7230878466679,-289.800000000034,66.49061268684599,7.14545722620666
2436,1509.38663943574,0,0,1514,-4.613360564267079,3.4113705010954704e-12,-7.560223272355301e-13,2.10627002985353e-13
2437,1615.3848274459301,0,0,1516,-116.779102641014,289.79999999998296,-66.4906126868334,-7.14545722620556
2438,1883.9620691409698,0,0,1518,6.744665991872701,501.94832403345595,-128.449999999998,-14.2809208843654
2439,1908.4881409818302,0,0,1520,11.940284452000101,579.6,-181.655732086824,-21.3964113833424
2440,1876.6379450564602,0,0,1522,103.653524321494,501.94832403345595,-222.481926232223,-28.4819770662672
2441,1501.4526527826802,0,0,1524,-28.6732943148413,289.800000000011,-248.146344773661,-35.5277081288325
2442,1038.32629688524,0,0,1526,-188.249952635746,3.57835141438058e-11,-256.9,-42.5237504790512
2443,769.373929466821,0,0,1528,-171.21940624042,-289.800000000006,-248.146344773661,-49.4603195190918
2444,613.890459649416,0,0,1530,-135.351576254983,-501.948324033453,-222.481926232224,-56.3277138299238
2445,692.6715381229969,0,0,1532,-14.956401050546598,-579.6,-181.655732086825,-63.1163287396317
2446,697.896673036174,0,0,1534,-135.888333173928,-501.94832403347505,-128.450000000006,-69.8166697564174
2447,1064.9220686358,0,0,1536,-38.3679528298759,-289.79999999998796,-66.49061268683461,-76.4193658475024
2448,1518.3652680301502,0,0,1538,63.280450575529,-9.08550764525832e-12,-2.0135152812861104e-12,-82.9151825453652
2449,1702.35803836649,0,0,1540,-104.637539457336,289.799999999972,66.4906126868307,-89.29503486298191
2450,1992.5182627165302,0,0,1542,-84.33006131694108,501.948324033466,128.450000000002,-95.55000000000031
2451,2156.28410784849,0,0,1544,-47.3002944162481,579.6,181.655732086822,-101.67132982208099
2452,2187.69016579517,0,0,1546,24.910378625445,501.948324033462,222.48192623222198,-107.650463095958
2453,2042.6328485228798,0,0,1548,70.165541212294,289.800000000022,248.14634477366002,-113.479037463096
2454,1649.16208797449,0,0,1550,-38.5890108902886,-1.76124988532891e-11,256.9,-119.14890113520399
2455,1179.6490880269,0,0,1552,-206.045132451514,-289.799999999995,248.146344773662,-124.65212429524901
2456,1226.3723611170599,0,0,1554,81.8197691063019,-501.94832403344594,222.481926232225,-129.981010188022
2457,1032.4000471608801,0,0,1556,9.47242095880542,-579.6,181.65573208682702,-135.128105884749
2458,970.796585500816,0,0,1558,-73.6188777590412,-501.948324033465,128.450000000002,-140.08621270668002
2459,1157.46307210439,0,0,1560,-34.3791442893564,-289.799999999999,66.4906126868373,-144.84839629309602
2460,1262.26429867807,0,0,1562,-150.327705022277,-2.1582385791612103e-11,4.78305288980775e-12,-149.40799629964
2461,1557.75743135827,0,0,1564,-75.7933202414972,289.80000000001803,-66.4906126868422,-153.758635713411
2462,1862.1155107930103,0,0,1566,80.5114165313363,501.9483240334599,-128.45,-157.894229771786
2463,1890.9996503210998,0,0,1568,86.86437688044641,579.6,-181.65573208682,-161.808994472525
2464,1798.3641171061602,0,0,1570,114.39517396812201,501.948324033468,-222.48192623222099,-165.497454663206
2465,1539.12004294576,0,0,1572,94.4208394181446,289.800000000004,-248.146344773661,-168.954451698731
2466,1054.91567050909,0,0,1574,-90.0091788347481,-5.1156207069353395e-12,-256.9,-172.175150656152
2467,859.124303989836,0,0,1576,-3.7743041397642703,-289.79999999998404,-248.14634477366297,-175.155047096752
2468,669.244827467096,0,0,1578,-6.43494890132983,-501.94832403344003,-222.48192623222698,-177.889973365907
2469,812.454132893027,0,0,1580,174.08596940178,-579.6,-181.655732086824,-180.37610442192903
2470,728.3735067801849,0,0,1582,-40.61820600060771,-501.948324033471,-128.450000000004,-182.609963185731
2471,1016.5132044058699,0,0,1584,-26.6077575034407,-289.80000000001,-66.49061268684,-184.58842540384103
2472,1498.62090062471,0,0,1586,98.9296246426627,-1.1328183662415601e-12,-2.51053345658606e-13,-186.30872401794701
2473,1661.88174170814,0,0,1588,-94.6404179438217,289.800000000008,66.4906126868395,-187.768453034881
2474,2071.75601557114,0,0,1590,40.323262429307796,501.94832403345396,128.449999999997,-188.965570891622
2475,2159.94753287705,0,0,1592,-3.4097958991742003,579.6,181.655732086818,-189.89840331059898
2476,1959.18050465288,0,0,1594,-168.684099971479,501.94832403345805,222.481926232223,-190.565645641324
2477,2013.52910057397,0,0,1596,70.549120485356,289.800000000015,248.146344773661,-190.966364685063
2478,1645.47321862776,0,0,1598,-18.3267813722514,7.38125743941845e-12,256.9,-191.1
2479,1398.31237770156,0,0,1600,30.9323976129307,-289.799999999974,248.14634477366297,-190.966364685063
2480,1103.65735894329,0,0,1602,-28.310597614135798,-501.94832403346703,222.48192623222099,-190.565645641324
2481,945.2624856497391,0,0,1604,-70.8948431264882,-579.6,181.655732086826,-189.89840331059898
2482,935.112297440907,0,0,1606,-108.423807634,-501.94832403347704,128.450000000006,-188.965570891622
2483,1267.49959857638,0,0,1608,70.577438924416,-289.799999999992,66.4906126868356,-187.768453034881
2484,1402.04557545153,0,0,1610,-21.6457005305094,-1.3629696512595301e-11,3.02059095418025e-12,-186.30872401794701
2485,1680.5773384028303,0,0,1612,29.8563764935109,289.799999999997,-66.4906126868368,-184.58842540384103
2486,1601.2781351146398,0,0,1614,-203.610225733083,501.948324033447,-128.44999999999501,-182.609963185732
2487,1783.7784635354699,0,0,1616,-49.7896999557707,579.6,-181.65573208682702,-180.37610442192903
2488,1583.7823350065803,0,0,1618,-135.79408942875202,501.94832403346396,-222.48192623222198,-177.88997336590802
2489,1657.4908911684302,0,0,1620,170.992283038822,289.800000000026,-248.14634477366002,-175.155047096753
2490,1280.6008402637801,0,0,1622,87.6759909199135,1.98781355857722e-11,-256.9,-172.175150656153
2491,936.466377944236,0,0,1624,19.367174416620802,-289.799999999991,-248.146344773662,-168.954451698731
2492,626.3643939580201,0,0,1626,-109.70790111309,-501.948324033461,-222.48192623222198,-165.497454663206
2493,841.4496413884771,0,0,1628,136.51436794783,-579.6,-181.655732086828,-161.808994472526
2494,724.2643059733709,0,0,1630,-117.443140221396,-501.948324033451,-128.44999999999598,-157.894229771787
2495,1080.68220421082,0,0,1632,-41.26854738893039,-289.800000000003,-66.49061268683829,-153.75863571341
2496,1406.1305036485999,0,0,1634,-78.4615000517248,-2.6126574658949102e-11,-5.790128562701889e-12,-149.40799629964098
2497,1986.76755196038,0,0,1636,139.325335566652,289.799999999986,66.4906126868341,-144.848396293097
2498,2269.58740736295,0,0,1638,141.275296036175,501.94832403345805,128.44999999999902,-140.08621270668002
2499,2486.72513231637,0,0,1640,220.59750611429797,579.6,181.655732086825,-135.12810588475
2500,2345.0826959053697,0,0,1642,108.633455827698,501.94832403347,222.48192623222,-129.981010188023
2501,1983.14232340792,0,0,1644,-74.1518970705312,289.800000000037,248.14634477365897,-124.65212429524901
2502,1995.50573289512,0,0,1646,211.754634030325,-5.71431839598311e-13,256.9,-119.14890113520399
2503,1514.1535460688099,0,0,1648,21.286238758224197,-289.799999999981,248.14634477366297,-113.479037463096
2504,1149.20542122051,0,0,1650,-113.6777178823,-501.94832403345396,222.481926232224,-107.650463095959
2505,1236.9246711498,0,0,1652,84.54026888505341,-579.6,181.655732086824,-101.67132982208099
2506,1171.0810010983198,0,0,1654,-13.8706748682191,-501.948324033457,128.44999999999902,-95.5500000000001
2507,1491.4162233802301,0,0,1656,148.020645556383,-289.800000000014,66.49061268684089,-89.29503486298229
2508,1611.40599493836,0,0,1658,36.321177483751995,-3.8623452805302894e-11,8.55966617122353e-12,-82.9151825453662
2509,1772.4567630241397,0,0,1660,-34.4332584415224,289.800000000004,-66.4906126868385,-76.41936584750209
2510,2036.5601235055499,0,0,1662,70.8784692285144,501.948324033451,-128.44999999999598,-69.8166697564184
2511,1976.1535867216699,0,0,1664,-22.674352451876302,579.6,-181.655732086823,-63.1163287396328
2512,1730.2228235987802,0,0,1666,-158.91586037253,501.9483240334599,-222.48192623222198,-56.3277138299236
2513,1610.11936103156,0,0,1668,-50.0739746756729,289.79999999999,-248.146344773662,-49.460319519091605
2514,1420.4287006313098,0,0,1670,49.85245111034679,1.19254463067555e-11,-256.9,-42.523750479052204
2515,1080.2775993639698,0,0,1672,-18.2483477335587,-289.79999999997,-248.14634477366403,-35.5277081288336
2516,1002.2930457577,0,0,1674,81.2052730896536,-501.948324033465,-222.48192623222099,-28.4819770662669
2517,972.443330889112,0,0,1676,79.0954743592807,-579.6,-181.655732086826,-21.396411383342198
2518,1061.81949561484,0,0,1678,28.498740532665302,-501.948324033463,-128.45000000000098,-14.280920884365802
2519,1377.98136785876,0,0,1680,61.417437771834706,-289.800000000024,-66.4906126868436,-7.14545722620668
2520,1654.0730960065302,0,0,1682,-27.926903993484398,1.4772560191792e-11,3.27387052559641e-12,-2.34030003317059e-13
2521,2153.64928339155,0,0,1684,106.213213478517,289.79999999999296,66.49061268683579,7.14545722620554
2522,2273.74191968091,0,0,1686,-56.937325236890494,501.948324033445,128.449999999994,14.280920884365301
2523,2276.1722263675197,0,0,1688,-194.479917102645,579.6,181.655732086826,21.3964113833424
2524,2456.72025572168,0,0,1690,13.808028389728598,501.948324033466,222.48192623222099,28.4819770662672
2525,2143.0810125173,0,0,1692,-122.39304038519501,289.800000000001,248.146344773662,35.5277081288325
2526,1955.5979954979898,0,0,1694,-37.8257549810833,2.44223244531093e-11,256.9,42.5237504790511
2527,1703.4293313856601,0,0,1696,-0.3773329070812821,-289.800000000016,248.146344773661,49.4603195190918
2528,1489.9326640459199,0,0,1698,15.071348017236,-501.94832403345805,222.481926232223,56.3277138299238
2529,1219.8874701427198,0,0,1700,-145.284590683739,-579.6,181.655732086828,63.116328739632394
2530,1405.7224765054502,0,0,1702,7.40413078250038,-501.948324033469,128.450000000003,69.8166697564173
2531,1580.93910973275,0,0,1704,23.8291311984129,-289.800000000007,66.4906126868392,76.41936584750229
2532,1940.34531998853,0,0,1706,151.430137443163,2.2756820454381803e-12,-5.04332917074765e-13,82.9151825453652
2533,1864.8442973454999,0,0,1708,-155.760124830634,289.799999999982,-66.4906126868331,89.29503486298191
2534,2225.28570240712,0,0,1710,46.2373783736495,501.948324033472,-128.450000000004,95.55000000000031
2535,2345.59744768517,0,0,1712,133.981849949917,579.6,-181.655732086824,101.67132982208099
2536,2108.158016158,0,0,1714,7.04115526078709,501.948324033473,-222.48192623222,107.650463095958
2537,1875.89631370121,0,0,1716,4.7636210117653,289.800000000012,-248.146344773661,113.479037463096
2538,1555.4094988572901,0,0,1718,-24.839402277916196,3.97275702773871e-12,-256.9,119.14890113520399
2539,1270.49267372991,0,0,1720,-36.2131057916714,-289.800000000005,-248.146344773661,124.65212429524799
2540,1106.07358936065,0,0,1722,-21.4771705616976,-501.94832403345197,-222.481926232224,129.981010188023
2541,1163.0171875492802,0,0,1724,65.144813751366,-579.6,-181.65573208683,135.128105884749
2542,1140.53401893,0,0,1726,-95.15386974321821,-501.948324033459,-128.44999999999902,140.08621270668002
2543,1435.13071477139,0,0,1728,-81.42706883484979,-289.800000000017,-66.4906126868419,144.84839629309602
2544,1741.87930031759,0,0,1730,-137.528695982035,-1.02211961009156e-11,-2.26520469144688e-12,149.40799629964
2545,2292.8140168028303,0,0,1732,50.764768402585496,289.8,66.49061268683751,153.758635713411
2546,2476.6016112413604,0,0,1734,-45.6909425638932,501.948324033465,128.450000000002,157.894229771786
2547,2535.1671073257503,0,0,1736,-123.89761923359801,579.6,181.655732086822,161.808994472525
2548,2760.02057321521,0,0,1738,132.092868286309,501.948324033479,222.48192623221803,165.497454663206
2549,2465.49710320474,0,0,1740,18.596306732351998,289.799999999994,248.146344773662,168.954451698731
2550,2194.0190545010396,0,0,1742,22.9439038448703,1.6469635174092498e-11,256.9,172.175150656152
2551,1918.64953411387,0,0,1744,41.1481422434449,-289.799999999994,248.146344773662,175.155047096752
2552,1530.72727694604,0,0,1746,-113.696298618643,-501.94832403344594,222.481926232226,177.889973365907
2553,1419.2610106089599,0,0,1748,-111.17082589979601,-579.6,181.655732086822,180.37610442192903
2554,1603.87680974566,0,0,1750,44.7651705933889,-501.948324033465,128.450000000002,182.609963185731
2555,1804.74321945023,0,0,1752,91.4641813595691,-289.800000000028,66.4906126868446,184.58842540384103
2556,2051.21575778698,0,0,1754,110.90703376902701,1.02283713244549e-11,-2.26679485270227e-12,186.30872401794701
2557,2319.30432192471,0,0,1756,152.22648157667498,289.79999999998904,-66.4906126868349,187.768453034881
2558,2289.3369565853895,0,0,1758,-31.126938339690003,501.948324033459,-128.44999999999902,188.965570891622
2559,2210.8426275694,0,0,1760,-137.000043654375,579.6,-181.65573208682,189.89840331059898
2560,2135.27764146114,0,0,1762,-96.75440198140741,501.94832403345197,-222.481926232224,190.565645641324
2561,2042.3909433426002,0,0,1764,45.770923431189004,289.800000000005,-248.146344773661,190.966364685063
2562,1704.05819023409,0,0,1766,3.8581902340572203,2.89665133204463e-11,-256.9,191.1
2563,1545.3711029739402,0,0,1768,124.351083062523,-289.79999999998404,-248.14634477366297,190.966364685063
2564,1227.7831953514399,0,0,1770,-8.35220002420296,-501.94832403345595,-222.481926232223,190.565645641324
2565,970.295326182783,0,0,1772,-230.34734504099097,-579.6,-181.655732086824,189.89840331059898
2566,1285.10392374185,0,0,1774,-47.463323116296394,-501.948324033472,-128.450000000004,188.965570891622
2567,1502.61670498713,0,0,1776,-104.861135360939,-289.799999999982,-66.4906126868331,187.768453034881
2568,1973.10240786457,0,0,1778,8.79368384662992,-2.26850682189885e-12,-5.0274275581937e-13,186.30872401794701
2569,2148.29615391148,0,0,1780,-172.582884179167,289.799999999978,66.4906126868322,184.58842540384103
2570,2726.1475130719,0,0,1782,131.13922585272,501.948324033453,128.449999999997,182.609963185732
2571,2751.07394760818,0,0,1784,25.442111099429603,579.6,181.655732086823,180.37610442192903
2572,2722.25246506682,0,0,1786,33.9322414352339,501.94832403345805,222.481926232223,177.88997336590802
2573,2530.38908946771,0,0,1788,29.2876975972784,289.800000000016,248.146344773661,175.155047096752
2574,1988.01229408233,0,0,1790,-231.06285657386002,4.14633914668001e-11,256.9,172.175150656153
2575,1915.63142574112,0,0,1792,-3.66937073127505,-289.800000000001,248.146344773662,168.954451698731
2576,1783.88096339035,0,0,1794,103.849906528365,-501.94832403345004,222.481926232225,165.497454663207
2577,1384.15451598254,0,0,1796,-175.710210576816,-579.6,181.655732086826,161.808994472525
2578,1603.5727245564701,0,0,1798,21.1768188181489,-501.948324033462,128.45,157.894229771786
2579,1575.97399749135,0,0,1800,-154.47525090890102,-289.79999999999296,66.49061268683579,153.75863571341
2580,1915.25322634272,0,0,1802,-36.1547699569141,-1.47653849682526e-11,3.2722803643410097e-12,149.40799629964098
2581,2216.5256875629198,0,0,1804,44.3679039566896,289.799999999967,-66.4906126868295,144.84839629309602
2582,2190.78303797217,0,0,1806,-128.801498767972,501.948324033463,-128.45000000000098,140.08621270668002
2583,2404.8299637944397,0,0,1808,63.757589996512,579.6,-181.655732086821,135.12810588475
2584,2176.1178404472,0,0,1810,-43.3295675420607,501.948324033465,-222.48192623222099,129.981010188023
2585,1909.65179770099,0,0,1812,-68.6539818206264,289.800000000027,-248.14634477366002,124.65212429524901
2586,1796.07894881097,0,0,1814,119.830047675774,-1.19326215302948e-11,-256.9,119.14890113520399
2587,1212.9722019782598,0,0,1816,-178.560490711185,-289.79999999999,-248.146344773662,113.479037463097
2588,1294.3880210540199,0,0,1818,93.1678082237329,-501.948324033444,-222.481926232226,107.650463095958
2589,1209.27865454536,0,0,1820,48.8630568101038,-579.6,-181.655732086823,101.67132982208
2590,1341.66018421739,0,0,1822,54.508508250864104,-501.948324033468,-128.450000000003,95.5500000000001
2591,1464.70390918668,0,0,1824,-92.30051298946042,-289.800000000004,-66.4906126868385,89.2950348629829
2592,1961.4261192835002,0,0,1826,52.510936738171,-2.7262263114606396e-11,-6.04181797286265e-12,82.9151825453656
2593,2125.49317345518,0,0,1828,-135.216805079177,289.800000000014,66.49061268684089,76.4193658475022
2594,2499.48913618001,0,0,1830,-30.725857609867703,501.948324033457,128.44999999999902,69.8166697564184
2595,2766.9449993804806,0,0,1832,110.57293855403,579.6,181.655732086819,63.1163287396335
2596,2642.76916715667,0,0,1834,28.011203061059103,501.948324033471,222.48192623222,56.3277138299243
2597,2448.5820338313897,0,0,1836,25.1753695386315,289.800000000009,248.146344773661,49.460319519091605
2598,2105.5430179906302,0,0,1838,-31.8807324884258,5.64256616058979e-13,256.9,42.523750479052296
2599,1780.7097385306,0,0,1840,-53.1643143719148,-289.79999999997995,248.14634477366297,35.527708128833
2600,1536.2216851072,0,0,1842,-54.793894157819395,-501.94832403347,222.48192623222,28.481977066266303
2601,1458.6690823002803,0,0,1844,-8.78306116988547,-579.6,181.655732086825,21.396411383342198
2602,1596.93614763841,0,0,1846,110.153550787514,-501.94832403347397,128.450000000005,14.2809208843665
2603,1663.2657659865,0,0,1848,31.429696073464104,-289.800000000015,66.4906126868412,7.145457226206031
2604,1828.3858922715601,0,0,1850,-21.614107728435503,-6.812695689235871e-12,1.50981842871351e-12,-4.21490580370011e-13
2605,2083.3759527789603,0,0,1852,15.212022692003698,289.800000000003,-66.49061268683829,-7.14545722620551
2606,2181.25646451129,0,0,1854,-31.960938637802897,501.948324033451,-128.44999999999598,-14.2809208843646
2607,2308.97263234183,0,0,1856,76.4247758119878,579.6,-181.655732086817,-21.3964113833417
2608,2208.25818648393,0,0,1858,99.273765748958,501.948324033461,-222.48192623222198,-28.4819770662671
2609,1916.81207027112,0,0,1860,50.686123173589294,289.80000000002,-248.14634477366002,-35.527708128832394
2610,1513.95158005481,0,0,1862,-48.6246694661545,1.3061134762412802e-11,-256.9,-42.52375047905179
2611,1373.82086263318,0,0,1864,97.22752692593241,-289.799999999997,-248.146344773662,-49.4603195190924
2612,1129.7018873003099,0,0,1866,44.4598513959231,-501.94832403346396,-222.48192623222198,-56.3277138299238
2613,1009.2035340834401,0,0,1868,-34.4244050900987,-579.6,-181.65573208682702,-63.1163287396317
2614,1198.76497283458,0,0,1870,28.979966624489002,-501.94832403348,-128.450000000008,-69.816669756418
2615,1324.38742034296,0,0,1872,-114.90260112270701,-289.799999999997,-66.4906126868368,-76.4193658475029
2616,1781.28644285487,0,0,1874,-9.79837459974349,-1.93095738355897e-11,-4.27935603723515e-12,-82.9151825453651
2617,2076.99022485783,0,0,1876,-66.0053529660168,289.799999999992,66.4906126868356,-89.2950348629813
2618,2430.27597660703,0,0,1878,17.4276525735904,501.948324033444,128.449999999994,-95.5499999999997
2619,2329.68050841303,0,0,1880,-209.90389385171002,579.6,181.655732086826,-101.67132982208099
2620,2496.4544446188397,0,0,1882,-2.3253425508864103,501.94832403346703,222.48192623222099,-107.650463095958
2621,2405.7787160614103,0,0,1884,97.3114087508103,289.800000000031,248.14634477366002,-113.479037463095
2622,2141.1475029979397,0,0,1886,117.396404133151,-7.388432662957781e-12,256.9,-119.14890113520501
2623,1770.32736977423,0,0,1888,48.6331492958023,-289.799999999986,248.14634477366297,-124.65212429524901
2624,1537.2913347379401,0,0,1890,56.7387427271986,-501.94832403345805,222.481926232223,-129.981010188022
2625,1378.98104940133,0,0,1892,20.053423199247398,-579.6,181.655732086829,-135.128105884749
2626,1346.64085222074,0,0,1894,-33.7746110391285,-501.94832403345396,128.449999999997,-140.08621270668002
2627,1423.7405268510902,0,0,1896,-104.10168954264799,-289.800000000008,66.4906126868395,-144.84839629309602
2628,1769.6719517680103,0,0,1898,21.079948067674398,-3.1806451981943395e-11,7.048893645756791e-12,-149.40799629964
2629,1866.7182270015699,0,0,1900,-102.83252459816799,289.799999999981,-66.49061268683289,-153.75863571341
2630,2114.0702485420397,0,0,1902,-3.53384571963381,501.948324033455,-128.449999999998,-157.894229771787
2631,2206.00882263953,0,0,1904,65.8735491988753,579.6,-181.655732086824,-161.808994472525
2632,2114.17637472195,0,0,1906,94.20743158390141,501.948324033473,-222.48192623222,-165.497454663206
2633,1683.67032584574,0,0,1908,-97.0288776818545,289.79999999998404,-248.14634477366297,-168.954451698731
2634,1443.1524351369299,0,0,1910,-37.772414206918604,5.108445483396e-12,-256.9,-172.175150656152
2635,29.1100060574506,1,0,1912,113.16271638696101,-289.799999999976,-248.14634477366297,-175.155047096752
2636,994.352940054921,0,0,1914,-17.326836313496,-501.94832403345197,-222.481926232224,-177.889973365907
2637,810.855368344856,0,0,1916,-163.51279514639,-579.6,-181.655732086825,-180.37610442192903
2638,1017.1936696535199,0,0,1918,-87.79804312729341,-501.9483240334599,-128.45,-182.609963185731
2639,1456.06766556287,0,0,1920,76.9467036535712,-289.80000000001803,-66.4906126868422,-184.58842540384103
2640,1623.79715224199,0,0,1922,-111.894123740008,-4.430333012829721e-11,-9.818431254278429e-12,-186.30872401794602
2641,2127.63874916294,0,0,1924,35.116589510987204,289.799999999999,66.4906126868373,-187.768453034881
2642,2388.17851578088,0,0,1926,20.7457626390546,501.94832403344805,128.44999999999501,-188.965570891622
2643,2433.4093812695396,0,0,1928,-65.94794750668139,579.6,181.655732086822,-189.89840331059898
2644,2293.76126003034,0,0,1930,-170.103344594026,501.948324033463,222.48192623222198,-190.56564564132302
2645,2224.5434014954103,0,0,1932,-54.4365785931858,289.799999999995,248.146344773662,-190.966364685063
2646,2078.6222639305897,0,0,1934,78.8222639305713,1.7605323629749802e-11,256.9,-191.1
2647,1754.09630415016,0,0,1936,50.716324061520204,-289.799999999965,248.14634477366403,-190.966364685063
2648,1476.1823706011999,0,0,1938,8.2144140437612,-501.948324033462,222.48192623222198,-190.56564564132302
2649,1282.54141339893,0,0,1940,-69.61591537730129,-579.6,181.65573208682702,-189.89840331059898
2650,1312.31834065388,0,0,1942,-67.21776442103389,-501.948324033466,128.450000000002,-188.965570891622
2651,1365.83793461718,0,0,1944,-167.084225034776,-289.800000000001,66.49061268683779,-187.768453034881
2652,1859.5735484649301,0,0,1946,99.8822724828674,9.09268286879765e-12,-2.01510544254151e-12,-186.30872401794602
2653,1993.5076319004102,0,0,1948,6.786669991101481,289.79999999998796,-66.49061268683461,-184.58842540384103
2654,2031.1195628811302,0,0,1950,-109.76879796658702,501.948324033442,-128.449999999993,-182.609963185732
2655,2049.3103235346202,0,0,1952,-120.25783995663001,579.6,-181.655732086825,-180.37610442192903
2656,2107.2301002467702,0,0,1954,51.6536758114332,501.948324033469,-222.48192623222,-177.889973365907
2657,1805.1205921591502,0,0,1956,-17.3780159704434,289.800000000006,-248.146344773661,-175.155047096753
2658,1503.5824152361,0,0,1958,-25.342434107777,3.01022017761036e-11,-256.9,-172.175150656153
2659,1283.42897427834,0,0,1960,30.32977075072,-289.79999999998296,-248.14634477366297,-168.954451698731
2660,989.6718682625369,0,0,1962,-82.40042680857721,-501.94832403345595,-222.481926232223,-165.497454663206
2661,1060.4503049416198,0,0,1964,19.5150315009722,-579.6,-181.655732086824,-161.808994472526
2662,1057.98605623267,0,0,1966,-119.721389962087,-501.94832403345595,-128.449999999998,-157.894229771787
2663,1398.41725551219,0,0,1968,-59.5334960875875,-289.79999999998296,-66.4906126868334,-153.75863571341
2664,1892.35659976385,0,0,1970,71.7645960635387,-3.6350640849280504e-11,-8.05596931865092e-12,-149.40799629964098
2665,2122.65052130369,0,0,1972,-60.7916950900243,289.799999999977,66.4906126868319,-144.848396293097
2666,2359.7887820143696,0,0,1974,-104.523329312404,501.94832403345197,128.449999999997,-140.08621270668002
2667,2659.18685581337,0,0,1976,57.059229611293794,579.6,181.655732086823,-135.128105884749
2668,2572.26687970762,0,0,1978,-0.182360370041948,501.948324033459,222.481926232223,-129.981010188023
2669,2358.18113184583,0,0,1980,-35.1130886326273,289.80000000004503,248.14634477365897,-124.65212429524999
2670,2060.2610125516103,0,0,1982,-59.4900863131614,-2.32938112209913e-11,256.9,-119.14890113520399
2671,1673.5495328615802,0,0,1984,-155.31777444901599,-289.799999999972,248.14634477366403,-113.479037463096
2672,1575.29354272105,0,0,1986,-23.5895963817662,-501.948324033449,222.481926232225,-107.650463095959
2673,1598.19212336083,0,0,1988,109.807721096082,-579.6,181.655732086826,-101.67132982208099
2674,1585.92710015695,0,0,1990,64.9754241904135,-501.948324033462,128.45000000000098,-95.5499999999996
2675,1630.3812060427801,0,0,1992,-49.0143717810843,-289.799999999994,66.4906126868361,-89.29503486298229
2676,1933.2345703805604,0,0,1994,22.149752925964197,-4.8847518995634206e-11,1.08255069271726e-11,-82.9151825453662
2677,2105.9919928076997,0,0,1996,-36.8980286579758,289.800000000023,-66.49061268684339,-76.41936584750279
2678,2190.89417698721,0,0,1998,-110.787477289821,501.94832403344594,-128.449999999994,-69.8166697564178
2679,2420.12713355372,0,0,2000,85.2991943801712,579.6,-181.655732086821,-63.116328739632905
2680,2237.88616006952,0,0,2002,12.747476098204901,501.948324033465,-222.48192623222099,-56.327713829924896
2681,1946.33882700672,0,0,2004,-49.85450870052521,289.799999999999,-248.146344773662,-49.460319519092295
2682,1749.14073559893,0,0,2006,42.5644860779928,-1.07969330746375e-11,-256.9,-42.5237504790516
2683,1328.89913810702,0,0,2008,-105.62680899052602,-289.799999999961,-248.14634477366403,-35.5277081288336
2684,1388.0742194281197,0,0,2010,130.986446760079,-501.948324033476,-222.481926232219,-28.481977066267
2685,1326.75518086443,0,0,2012,97.4073243346006,-579.6,-181.655732086828,-21.3964113833416
2686,1396.6684267133098,0,0,2014,27.3476716311441,-501.948324033468,-128.450000000003,-14.280920884365802
2687,1612.0885341314802,0,0,2016,-40.4753959554726,-289.800000000005,-66.4906126868387,-7.14545722620673
2688,1978.39940170862,0,0,2018,-39.6005982913877,4.5484940014606204e-12,1.0080297696473702e-12,-2.80836003980471e-13
2689,2394.56906876251,0,0,2020,11.1329988494522,289.80000000001303,66.4906126868407,7.145457226206171
2690,2561.25185616084,0,0,2022,-105.42738875696101,501.94832403344003,128.449999999992,14.280920884365301
2691,2862.37238580971,0,0,2024,55.720242339553,579.6,181.655732086819,21.396411383341
2692,2644.6631568172697,0,0,2026,-134.249070514687,501.948324033471,222.48192623222,28.4819770662664
2693,2652.04069792549,0,0,2028,50.566645022981994,289.80000000001,248.146344773661,35.527708128833105
2694,2222.1485834421,0,0,2030,-107.275167036951,1.6999450717162701e-12,256.9,42.5237504790511
2695,2209.1794670009804,0,0,2032,169.372802708233,-289.800000000007,248.146344773661,49.460319519091705
2696,1714.5369228903,0,0,2034,-96.3243931383783,-501.94832403347,222.48192623222,56.327713829923105
2697,1671.21738674216,0,0,2036,-29.9546740842977,-579.6,181.65573208683,63.1163287396323
2698,1678.00913519703,0,0,2038,-56.3092105259215,-501.94832403347505,128.450000000005,69.8166697564173
2699,1796.35677084031,0,0,2040,-96.7532076940181,-289.800000000016,66.4906126868414,76.41936584750229
2700,1924.27118133015,0,0,2042,-200.64400121521098,-7.94838414489316e-12,1.76150783887427e-12,82.91518254536571
2701,2550.1997615795003,0,0,2044,193.595339403352,289.800000000002,-66.49061268683799,89.29503486298191
2702,2509.84321746072,0,0,2046,-5.205106572721969,501.948324033434,-128.44999999998998,95.54999999999909
2703,2418.2686136051198,0,0,2048,-129.346984130137,579.6,-181.655732086828,101.67132982208
2704,2533.4714673142003,0,0,2050,96.3546064169829,501.948324033478,-222.481926232219,107.650463095958
2705,2224.14088096614,0,0,2052,17.0081882766828,289.80000000002104,-248.14634477366002,113.479037463096
2706,1903.6895606173498,0,0,2054,-12.5593405178726,1.4196823218070098e-11,-256.9,119.14890113520399
2707,1706.67427747764,0,0,2056,63.9684979560454,-289.799999999996,-248.146344773662,124.65212429524799
2708,1514.09132080271,0,0,2058,50.5405608803767,-501.948324033463,-222.48192623222198,129.981010188023
2709,1484.98439577836,0,0,2060,51.112021980441504,-579.6,-181.65573208683202,135.128105884749
2710,1517.7882363350598,0,0,2062,-53.89965233817579,-501.94832403344805,-128.44999999999501,140.08621270668002
2711,1710.56345941418,0,0,2064,-141.994324192042,-289.800000000026,-66.4906126868441,144.84839629309602
2712,2320.7862180546304,0,0,2066,105.378221755013,-2.0445262291246897e-11,-4.53104544739591e-12,149.40799629964
2713,2472.32331628039,0,0,2068,-105.72593211985,289.799999999991,66.4906126868353,153.75863571341
2714,3018.05886170788,0,0,2070,159.766307902636,501.9483240334599,128.45,157.894229771786
2715,3050.79571614526,0,0,2072,55.730989585907295,579.6,181.655732086826,161.808994472525
2716,2925.1780746412396,0,0,2074,-38.7496302876633,501.94832403348397,222.48192623221698,165.497454663206
2717,2859.0069330866,0,0,2076,76.1061366142269,289.799999999975,248.14634477366297,168.954451698731
2718,2452.59114878119,0,0,2078,-54.4840018749883,2.66937013644238e-11,256.9,172.175150656152
2719,2363.4448275203304,0,0,2080,149.943435649898,-289.799999999986,248.14634477366297,175.155047096752
2720,1996.77047460925,0,0,2082,16.3468990445748,-501.948324033457,222.481926232223,177.889973365907
2721,1852.60952507508,0,0,2084,-13.822311433673502,-579.6,181.655732086824,180.37610442192903
2722,1849.9148486219199,0,0,2086,-45.19679053035279,-501.94832403345396,128.449999999998,182.609963185731
2723,2048.48092397401,0,0,2088,-0.798114116638152,-289.800000000037,66.4906126868468,184.58842540384103
2724,2228.26736072212,0,0,2090,-48.0413632958039,-3.2942140437600696e-11,7.30058305591755e-12,186.30872401794602
2725,2427.9328785112198,0,0,2092,-75.1449618368108,289.79999999997995,-66.4906126868327,187.768453034881
2726,2676.97576143184,0,0,2094,20.511866506761102,501.94832403345396,-128.449999999998,188.965570891622
2727,2726.33237122279,0,0,2096,42.489699999013,579.6,-181.655732086824,189.89840331059898
2728,2473.94828699929,0,0,2098,-94.0837564432668,501.948324033457,-222.481926232223,190.565645641324
2729,2283.42162227652,0,0,2100,-49.1983976348616,289.799999999986,-248.14634477366297,190.966364685063
2730,2054.0650481343696,0,0,2102,17.865048134327,3.91905795107776e-11,-256.9,191.1
2731,1654.1924993078303,0,0,2104,-102.827520603596,-289.799999999975,-248.14634477366297,190.966364685063
2732,1623.58560268337,0,0,2106,51.4502073077259,-501.948324033451,-222.481926232224,190.565645641324
2733,1421.34688229737,0,0,2108,-115.295788926405,-579.6,-181.655732086826,189.89840331059898
2734,1594.93148884405,0,0,2110,-73.6357580141084,-501.9483240334599,-128.45,188.965570891622
2735,1857.5630007604502,0,0,2112,-85.914839587534,-289.800000000048,-66.49061268684939,187.76845303488201
2736,2275.28831483378,0,0,2114,-25.0204091841901,2.04538725594941e-11,4.53295364090239e-12,186.30872401794701
2737,2664.69993328185,0,0,2116,7.82089519120679,289.799999999969,66.49061268683,184.58842540384103
2738,2857.2159744998303,0,0,2118,-73.79231271934671,501.94832403344805,128.44999999999501,182.609963185732
2739,2886.1967632237797,0,0,2120,-175.435073284973,579.6,181.655732086822,180.37610442192903
2740,3030.9222109618,0,0,2122,6.60198733020656,501.948324033463,222.48192623222198,177.88997336590802
2741,2838.3470749551398,0,0,2124,1.2456830847261,289.799999999996,248.146344773662,175.155047096752
2742,2582.05071466737,0,0,2126,26.975564011168398,5.16874576571314e-11,256.9,172.175150656153
2743,2340.89441167345,0,0,2128,85.593615201083,-289.80000000002104,248.14634477366002,168.954451698731
2744,2028.56462488185,0,0,2130,12.5335680198606,-501.948324033445,222.481926232226,165.497454663207
2745,1989.3886961219,0,0,2132,93.5239695625495,-579.6,181.655732086828,161.808994472525
2746,1732.72989183326,0,0,2134,-185.666013905066,-501.94832403346703,128.450000000002,157.894229771787
2747,3508.7961904840804,1,0,2136,159.395623624715,-289.800000000002,66.49061268683799,153.75863571341
2748,2302.63746181257,0,0,2138,15.229465512925199,7.956994413140361e-12,-1.7634160323807398e-12,149.40799629964098
2749,2541.1070101401,0,0,2140,32.949226533877,289.799999999958,-66.49061268682729,144.84839629309602
2750,2637.4371372207997,0,0,2142,-18.1473995193468,501.94832403347505,-128.450000000005,140.08621270668002
2751,2713.7492118934697,0,0,2144,36.6768380955444,579.6,-181.65573208682,135.12810588475
2752,2527.04353749194,0,0,2146,-28.4038704973319,501.94832403347,-222.48192623222,129.981010188023
2753,2183.07406538557,0,0,2148,-131.231714136024,289.800000000007,-248.146344773661,124.65212429524901
2754,2108.82065472243,0,0,2150,96.5717535872328,-1.70855533996347e-12,-256.9,119.14890113520399
2755,1694.0174337551503,0,0,2152,-33.5152589342725,-289.80000000001,-248.146344773661,113.479037463097
2756,1496.9099625229198,0,0,2154,-40.3102503073765,-501.94832403343804,-222.48192623222698,107.650463095958
2757,1588.43186700323,0,0,2156,92.0162692679765,-579.6,-181.655732086829,101.671329822082
2758,1510.57131833784,0,0,2158,-112.580357628685,-501.948324033473,-128.450000000005,95.55000000000021
2759,1821.74015741513,0,0,2160,-71.26426476100279,-289.80000000001303,-66.4906126868407,89.295034862983
2760,2114.17760014955,0,0,2162,-130.737582395814,-4.53988373321342e-12,-1.0061215761409e-12,82.9151825453656
2761,2572.3103001385502,0,0,2164,-24.399678395795398,289.800000000005,66.4906126868387,76.4193658475022
2762,2955.1594359759697,0,0,2166,88.9444421860821,501.948324033468,128.450000000003,69.8166697564185
2763,2931.58164008084,0,0,2168,-60.790420745605495,579.6,181.655732086818,63.1163287396323
2764,2878.83130740651,0,0,2170,-71.9266566891128,501.948324033476,222.481926232219,56.3277138299243
2765,2893.88980036107,0,0,2172,134.48313606829902,289.80000000001803,248.14634477366002,49.460319519091605
2766,2525.73141578508,0,0,2174,52.307665306017704,1.07883228063903e-11,256.9,42.523750479052296
2767,2142.9022594946696,0,0,2176,-26.9717934078299,-289.799999999999,248.146344773662,35.527708128833
2768,1865.1194703904998,0,0,2178,-61.8961088745181,-501.948324033465,222.48192623222099,28.481977066266303
2769,1742.44943083893,0,0,2180,-61.0027126312306,-579.6,181.655732086821,21.3964113833423
2770,1769.2550068123603,0,0,2182,-53.5275900385306,-501.948324033479,128.450000000007,14.2809208843665
2771,1963.08220935853,0,0,2184,-4.753860554499781,-289.800000000023,66.49061268684339,7.14545722620607
2772,2118.91314048511,0,0,2186,-67.0868595148804,-1.70367618795672e-11,3.77565918466254e-12,-3.74684579706599e-13
2773,2426.99557744212,0,0,2188,22.831647355165302,289.799999999994,-66.4906126868361,-7.145457226205469
2774,2598.33422173496,0,0,2190,49.116818585859,501.948324033462,-128.45000000000098,-14.2809208843646
2775,2498.60950590814,0,0,2192,-69.9383506216986,579.6,-181.655732086816,-21.3964113833417
2776,2362.375671474,0,0,2194,-82.608749260961,501.948324033449,-222.481926232225,-28.4819770662671
2777,2324.03760569737,0,0,2196,121.91165859982999,289.800000000029,-248.14634477366002,-35.527708128832394
2778,1780.65733465662,0,0,2198,-117.918914864348,2.3285200952744102e-11,-256.9,-42.52375047905171
2779,1563.1899505397198,0,0,2200,-49.4033851675324,-289.79999999998796,-248.146344773662,-49.4603195190924
2780,1277.4161604992098,0,0,2202,-143.825875405189,-501.948324033459,-222.481926232223,-56.32771382992371
2781,1306.00873353767,0,0,2204,-73.6192056358731,-579.6,-181.655732086823,-63.1163287396317
2782,1554.6426469383898,0,0,2206,48.857640728301895,-501.94832403348505,-128.450000000009,-69.8166697564179
2783,1723.67643864912,0,0,2208,-51.613582816562996,-289.799999999977,-66.4906126868319,-76.4193658475029
2784,2105.23101504437,0,0,2210,-21.8538024102321,-2.9533640025921e-11,-6.54519679318418e-12,-82.9151825453651
2785,2460.0142156980605,0,0,2212,-18.9813621257797,289.79999999998296,66.4906126868334,-89.29503486298121
2786,2633.7747136787802,0,0,2214,-115.073610354674,501.94832403345595,128.449999999998,-95.5499999999997
2787,2937.36812065273,0,0,2216,61.7837183879872,579.6,181.655732086824,-101.67132982208099
2788,2888.9031598414003,0,0,2218,54.123372671676904,501.94832403345595,222.481926232223,-107.650463095958
2789,2656.07137175784,0,0,2220,11.6040644472334,289.80000000004,248.14634477365897,-113.479037463096
2790,2411.2596739129604,0,0,2222,51.5085750481996,-3.0110812044350804e-11,256.9,-119.14890113520501
2791,2035.8917562641,0,0,2224,-21.8024642143396,-289.799999999978,248.14634477366297,-124.65212429524901
2792,1838.01200052853,0,0,2226,21.459408517782,-501.948324033453,222.481926232224,-129.981010188022
2793,1494.9581226054001,0,0,2228,-199.969503596678,-579.6,181.655732086825,-135.128105884749
2794,1746.35407986341,0,0,2230,29.938616603544997,-501.948324033459,128.44999999999902,-140.08621270668002
2795,1974.23980180945,0,0,2232,110.39758541570299,-289.79999999998796,66.49061268683461,-144.84839629309602
2796,2172.37537119752,0,0,2234,87.783367497193,-4.20305181722748e-11,9.31473440170582e-12,-149.40799629964
2797,2374.7619098882,0,0,2236,69.2111582884725,289.799999999972,-66.4906126868307,-153.75863571341
2798,2510.60919535975,0,0,2238,57.0051010980851,501.94832403345004,-128.44999999999598,-157.894229771787
2799,2467.37657231129,0,0,2240,-8.75870112936286,579.6,-181.655732086822,-161.808994472525
2800,2402.0168207155302,0,0,2242,46.0478775774926,501.948324033462,-222.48192623222198,-165.497454663206
2801,2022.22257957994,0,0,2244,-94.47662394766209,289.79999999999296,-248.146344773662,-168.954451698731
2802,1822.98487896113,0,0,2246,6.06002961730329,-1.7613933897997e-11,-256.9,-172.175150656152
2803,1550.91257925025,0,0,2248,16.0139711206347,-289.799999999967,-248.14634477366403,-175.155047096752
2804,1347.11638188233,0,0,2250,-0.563394486086098,-501.94832403344594,-222.481926232225,-177.889973365907
2805,1083.61399440548,0,0,2252,-226.754169085763,-579.6,-181.65573208682702,-180.37610442192903
2806,1471.64843543763,0,0,2254,30.6567226568241,-501.948324033465,-128.450000000002,-182.609963185731
2807,1743.1101290852403,0,0,2256,27.989167175921,-289.799999999999,-66.4906126868373,-184.58842540384103
2808,2252.60877658706,0,0,2258,180.91750060507198,-5.45273963186286e-11,-1.20842720102275e-11,-186.30872401794602
2809,2474.50824674475,0,0,2260,45.986087092771996,289.80000000001803,66.4906126868422,-187.768453034881
2810,2535.08953530067,0,0,2262,-168.343217841145,501.948324033443,128.449999999993,-188.965570891622
2811,2760.2542232096303,0,0,2264,-75.10310556659391,579.6,181.65573208682,-189.89840331059898
2812,2890.88218842528,0,0,2266,91.01758380091921,501.948324033468,222.48192623222099,-190.565645641324
2813,2684.2691319075698,0,0,2268,69.2891518189667,289.800000000004,248.146344773661,-190.966364685063
2814,2223.0041163361398,0,0,2270,-112.79588366385299,-5.117055751643201e-12,256.9,-191.1
2815,2180.37998375275,0,0,2272,141.000003664102,-289.799999999956,248.14634477366502,-190.966364685063
2816,1890.38900603928,0,0,2274,86.4210494818613,-501.948324033473,222.48192623222,-190.56564564132302
2817,1318.70941345164,0,0,2276,-369.447915324589,-579.6,181.655732086829,-189.89840331059898
2818,1719.35310186925,0,0,2278,3.81699679434182,-501.948324033471,128.450000000004,-188.965570891622
2819,1679.98797302771,0,0,2280,-188.934186624238,-289.80000000001,66.49061268684,-187.768453034881
2820,2104.80977859534,0,0,2282,9.11850261328466,-1.13138332153369e-12,2.5073531340752696e-13,-186.30872401794602
2821,2393.23297064113,0,0,2284,70.5120087318042,289.800000000008,-66.4906126868395,-184.58842540384103
2822,2476.0986785659,0,0,2286,-0.7896822818133008,501.94832403343696,-128.449999999991,-182.609963185732
2823,2340.78164948166,0,0,2288,-164.786514009584,579.6,-181.655732086829,-180.37610442192903
2824,2467.76463106086,0,0,2290,76.188206625508,501.94832403347397,-222.481926232219,-177.889973365907
2825,2120.73684343321,0,0,2292,-37.7617646963921,289.800000000015,-248.146344773661,-175.155047096753
2826,1937.13251232879,0,0,2294,72.2076629849371,7.37982239471058e-12,-256.9,-172.175150656153
2827,1567.2559217218698,0,0,2296,-21.843281805737902,-289.800000000002,-248.146344773662,-168.954451698731
2828,1465.3686466654,0,0,2298,57.296351594295395,-501.94832403346703,-222.48192623222099,-165.497454663206
2829,1404.03792893862,0,0,2300,27.102655497980198,-579.6,-181.65573208683102,-161.808994472526
2830,1508.25907454566,0,0,2302,-5.44837164906762,-501.94832403347704,-128.450000000006,-157.894229771787
2831,1777.85237644052,0,0,2304,-16.0983751592048,-289.80000000002,-66.49061268684261,-153.75863571341
2832,2125.59975808756,0,0,2306,-30.9922456127847,-1.3628261467887498e-11,-3.0202729219291696e-12,-149.40799629964098
2833,2668.9379806649,0,0,2308,149.495764271166,289.799999999997,66.4906126868368,-144.848396293097
2834,2845.86487111724,0,0,2310,45.5527597904557,501.94832403346396,128.45000000000098,-140.08621270668002
2835,2834.48219748747,0,0,2312,-103.64542871461,579.6,181.65573208682702,-135.128105884749
2836,2993.25052704695,0,0,2314,84.80128696926971,501.948324033481,222.48192623221803,-129.981010188023
2837,2673.81342431468,0,0,2316,-55.4807961637516,289.800000000026,248.14634477366002,-124.65212429524999
2838,2588.90341690383,0,0,2318,133.152318039016,1.9876700541064398e-11,256.9,-119.148901135203
2839,2165.0901783023396,0,0,2320,0.22287099176726102,-289.799999999991,248.146344773662,-113.479037463096
2840,1983.1703866049697,0,0,2322,48.287247502171,-501.948324033461,222.48192623222198,-107.650463095959
2841,1850.64638313326,0,0,2324,26.2619808685087,-579.6,181.655732086833,-101.67132982208099
2842,1745.93841379474,0,0,2326,-111.01326217180201,-501.948324033451,128.44999999999598,-95.5499999999996
2843,2068.33675357597,0,0,2328,52.9411757521412,-289.800000000031,66.4906126868453,-89.2950348629824
2844,2346.45018697793,0,0,2330,99.365369523319,-2.61251396142413e-11,5.78981053045081e-12,-82.91518254536629
2845,2462.9571632653197,0,0,2332,-15.932858200327699,289.799999999986,-66.4906126868341,-76.4193658475029
2846,2602.05816361758,0,0,2334,-35.623490659461005,501.94832403345805,-128.44999999999902,-69.8166697564179
2847,2584.28878194156,0,0,2336,-86.5391572319841,579.6,-181.655732086825,-63.116328739632905
2848,2634.39741111621,0,0,2338,73.2587271448661,501.94832403348704,-222.48192623221698,-56.327713829925
2849,2415.4512417492,0,0,2340,83.25790604197259,289.79999999997995,-248.14634477366297,-49.460319519092295
2850,2117.3130037761102,0,0,2342,74.7367542551312,3.2373578687418197e-11,-256.9,-42.52375047905171
2851,2030.80704237788,0,0,2344,260.28109528036,-289.799999999981,-248.14634477366297,-35.5277081288337
2852,1482.77279942005,0,0,2346,-110.31497324799999,-501.94832403345396,-222.481926232224,-28.481977066268396
2853,1729.81035542206,0,0,2348,164.462498892225,-579.6,-181.655732086824,-21.3964113833416
2854,1646.84374587449,0,0,2350,-58.47700920768521,-501.948324033457,-128.44999999999902,-14.2809208843659
2855,1949.9351926779502,0,0,2352,-38.628737408956106,-289.800000000042,-66.490612686848,-7.145457226206781
2856,2246.1345625627696,0,0,2354,-107.86543743726601,2.72708733828536e-11,6.04372616636913e-12,-3.27642004643883e-13
2857,2768.73964254623,0,0,2356,49.303572633214905,289.799999999975,66.4906126868315,7.14545722620612
2858,2957.84576206294,0,0,2358,-44.8334828548689,501.948324033451,128.44999999999598,14.280920884365198
2859,3215.38393415914,0,0,2360,72.7317906889717,579.6,181.655732086823,21.396411383341
2860,3090.4029028821997,0,0,2362,-24.5093244497501,501.9483240334599,222.48192623222198,28.4819770662664
2861,3014.20577213986,0,0,2364,76.73171923736959,289.79999999999,248.146344773662,35.527708128833
2862,2761.79078633634,0,0,2366,96.36703585724199,4.48704568337719e-11,256.9,42.523750479050996
2863,2435.16291142196,0,0,2368,59.356247129172495,-289.79999999997,248.14634477366403,49.4603195190904
2864,2364.39857369829,0,0,2370,217.53725766959,-501.94832403344805,222.481926232225,56.327713829924406
2865,2144.98398718489,0,0,2372,107.811926358435,-579.6,181.655732086826,63.1163287396323
2866,2070.95561572582,0,0,2374,0.637270002868307,-501.948324033463,128.45000000000098,69.8166697564173
2867,2320.75571873051,0,0,2376,91.645740196167,-289.799999999996,66.4906126868365,76.4193658475022
2868,2366.3201166292397,0,0,2378,-94.59506591613349,1.47739952364998e-11,-3.27418855784749e-12,82.91518254536571
2869,2570.88834649687,0,0,2380,-121.716075679244,289.799999999964,-66.4906126868288,89.2950348629818
2870,2839.60512876225,0,0,2382,-11.4431952711991,501.948324033445,-128.449999999994,95.549999999999
2871,2803.28419009346,0,0,2384,-80.3314076417965,579.6,-181.655732086821,101.67132982208
2872,2872.81181443768,0,0,2386,99.69495354047571,501.948324033466,-222.48192623222099,107.650463095958
2873,2575.5265332090803,0,0,2388,32.3938405196448,289.800000000001,-248.146344773662,113.479037463096
2874,2255.52128045608,0,0,2390,3.27237932081467,5.7367334980125704e-11,-256.9,119.148901135203
2875,1817.8662073874398,0,0,2392,-160.839572134136,-289.800000000016,-248.146344773661,124.65212429524799
2876,1826.69491883439,0,0,2394,27.144158912033898,-501.948324033442,-222.481926232226,129.981010188023
2877,1929.12933866025,0,0,2396,159.256964862329,-579.6,-181.655732086828,135.128105884749
2878,1987.2487406844,0,0,2398,79.5608520111915,-501.948324033469,-128.450000000003,140.08621270668002
2879,2245.95160003103,0,0,2400,57.393816424779395,-289.800000000007,-66.4906126868392,144.84839629309602
2880,2611.13020432763,0,0,2402,59.72220802798671,2.2771170901460403e-12,5.04650949325844e-13,149.40799629964
2881,3007.7536766924395,0,0,2404,93.7044282922485,289.79999999995397,66.49061268682611,153.75863571341
2882,3191.83328347826,0,0,2406,-2.4592703270027,501.948324033472,128.450000000004,157.894229771786
2883,3215.4488607121198,0,0,2408,-115.615865847225,579.6,181.655732086819,161.808994472525
2884,3359.14321201415,0,0,2410,59.2155070852491,501.948324033473,222.48192623222,165.497454663206
2885,3186.64966073908,0,0,2412,67.74886426667621,289.800000000012,248.146344773661,168.95445169873
2886,2927.3249317470195,0,0,2414,84.2497810908656,3.97132198303085e-12,256.9,172.175150656152
2887,2687.26621479002,0,0,2416,137.764822919611,-289.800000000005,248.146344773661,175.155047096752
2888,2303.96041796023,0,0,2418,-12.463157604465101,-501.948324033436,222.481926232228,177.889973365907
2889,2212.4576210485397,0,0,2420,10.0257845397949,-579.6,181.65573208682,180.37610442192903
2890,2212.9815945039104,0,0,2422,-18.130044648347102,-501.948324033476,128.450000000006,182.609963185732
2891,2565.6269010769397,0,0,2424,180.34786298627202,-289.800000000017,66.4906126868419,184.58842540384103
2892,2516.36672386083,0,0,2426,-95.9420001571072,-1.02197610562077e-11,2.2648866591957997e-12,186.30872401794602
2893,2845.86960666553,0,0,2428,6.79176631748809,289.8,-66.49061268683751,187.768453034881
2894,3094.9136992262797,0,0,2430,102.449804301199,501.948324033465,-128.450000000002,188.965570891622
2895,2783.40516808895,0,0,2432,-236.437503134828,579.6,-181.655732086817,189.89840331059898
2896,2977.97509587769,0,0,2434,73.9430524351106,501.948324033479,-222.48192623221803,190.56564564132302
2897,2583.3541663546,0,0,2436,-85.26585355682779,289.800000000023,-248.14634477366002,190.966364685063
2898,2396.05493340599,0,0,2438,23.8549334059702,1.64682001293846e-11,-256.9,191.1
2899,1972.11279153702,0,0,2440,-120.907228374384,-289.799999999994,-248.146344773662,190.966364685063
2900,1954.9395993132998,0,0,2442,46.8042039376626,-501.948324033462,-222.48192623222198,190.565645641324
2901,1778.16110049281,0,0,2444,-94.48157073096229,-579.6,-181.655732086822,189.89840331059898
2902,1966.8815271084,0,0,2446,-37.6857197497284,-501.948324033482,-128.450000000008,188.965570891622
2903,2306.4850551381896,0,0,2448,27.007214790177002,-289.800000000028,-66.4906126868446,187.76845303488201
2904,2665.8151450544196,0,0,2450,29.5064210364991,-2.27166392025615e-11,-5.0344242677174404e-12,186.30872401794701
2905,3077.16994617727,0,0,2452,84.2909080866092,289.79999999998904,66.4906126868349,184.58842540384103
2906,3279.26592225072,0,0,2454,12.2576350315302,501.948324033459,128.44999999999902,182.609963185732
2907,3322.39320313226,0,0,2456,-75.23863337649101,579.6,181.655732086825,180.37610442192903
2908,3327.5008392918103,0,0,2458,-32.819384339771396,501.94832403345197,222.481926232224,177.88997336590802
2909,3201.29019281208,0,0,2460,28.1888009416327,289.800000000034,248.14634477365897,175.155047096752
2910,2911.0059627823,0,0,2462,19.9308121261163,2.8965078275738402e-11,256.9,172.175150656153
2911,2369.95695587147,0,0,2464,-221.343840600943,-289.79999999998404,248.14634477366297,168.954451698731
2912,2547.08395755416,0,0,2466,195.05290069218998,-501.94832403345595,222.481926232223,165.497454663207
2913,2448.04259843096,0,0,2468,216.177871871615,-579.6,181.655732086824,161.808994472525
2914,2240.2846779482397,0,0,2470,-14.1112277900683,-501.948324033488,128.45000000001102,157.894229771787
2915,2323.27419807388,0,0,2472,-79.1750503263769,-289.799999999982,66.4906126868331,153.758635713411
2916,2578.66078651474,0,0,2474,-44.747209784875004,-3.52135173489153e-11,7.803961876239081e-12,149.40799629964
2917,2806.81822739474,0,0,2476,-37.3395562115046,289.799999999978,-66.4906126868322,144.84839629309602
2918,2961.6148470623602,0,0,2478,-29.969689677771395,501.948324033453,-128.449999999997,140.08621270668002
2919,3006.1539205544605,0,0,2480,-6.91845324347099,579.6,-181.655732086823,135.12810588475
2920,2709.99483175744,0,0,2482,-181.45257623182,501.94832403345805,-222.481926232223,129.981010188023
2921,2594.77036808142,0,0,2484,-55.535411440212,289.80000000004503,-248.14634477365897,124.65212429524901
2922,2476.6697041255898,0,0,2486,128.420802990406,-2.4430934721356498e-11,-256.9,119.14890113520399
2923,2009.6030977305102,0,0,2488,-53.9295949589509,-289.799999999973,-248.14634477366297,113.479037463097
2924,1864.88892623228,0,0,2490,-8.33128659800055,-501.94832403345004,-222.481926232225,107.650463095958
2925,1837.35821330427,0,0,2492,4.94261556901181,-579.6,-181.655732086826,101.671329822082
2926,1992.64649857225,0,0,2494,33.4948226057095,-501.948324033462,-128.45,95.55000000000021
2927,2359.9028007027105,0,0,2496,130.89837852656,-289.79999999999296,-66.49061268683579,89.295034862983
2928,2505.9136100400196,0,0,2498,-75.00157250529121,-4.7710395495269103e-11,-1.0573499484760699e-11,82.91518254536571
2929,2973.1500350566903,0,0,2500,40.4400565223197,289.800000000024,66.4906126868436,76.4193658475022
2930,3166.0016020411304,0,0,2502,-36.2133917487319,501.948324033447,128.44999999999501,69.8166697564185
2931,3317.75142731596,0,0,2504,-10.6206335104894,579.6,181.655732086821,63.1163287396323
2932,3189.6734901962604,0,0,2506,-97.08447389934909,501.948324033465,222.48192623222099,56.327713829924406
2933,3016.9045798045695,0,0,2508,-78.5020844881797,289.799999999998,248.146344773662,49.460319519091705
2934,2762.67550541097,0,0,2510,-46.74824506807221,-1.1934056575002699e-11,256.9,42.5237504790524
2935,2592.87069280112,0,0,2512,86.9966398985812,-289.799999999962,248.14634477366403,35.527708128833
2936,2290.75487959779,0,0,2514,27.7393003327364,-501.948324033444,222.481926232226,28.4819770662677
2937,2291.61317855233,0,0,2516,152.16103508215798,-579.6,181.655732086828,21.3964113833423
2938,2095.7932966833,0,0,2518,-62.9893001676029,-501.948324033468,128.450000000003,14.280920884366601
2939,2272.8603987964702,0,0,2520,-30.9756711165724,-289.800000000004,66.4906126868385,7.14545722620612
2940,2568.46093916463,0,0,2522,46.460939164629295,5.68561750182578e-12,-1.26003721205922e-12,-3.2787857904318704e-13
2941,2657.34015918198,0,0,2524,-82.82377090498879,289.800000000014,-66.49061268684089,-7.14545722620542
2942,2925.9470048222997,0,0,2526,40.7296016732218,501.94832403344003,-128.449999999992,-14.2809208843659
2943,2953.4955558428996,0,0,2528,48.9476993130639,579.6,-181.655732086819,-21.3964113833416
2944,2736.14968321184,0,0,2530,-44.834737523145996,501.948324033471,-222.48192623222,-28.481977066267
2945,2408.1118810501503,0,0,2532,-130.014066047363,289.800000000009,-248.146344773661,-35.527708128832394
2946,2207.97790680119,0,0,2534,-26.598342719763398,5.628215713511121e-13,-256.9,-42.52375047905171
2947,1940.19576124149,0,0,2536,-8.3975744658054,-289.79999999995096,-248.14634477366502,-49.460319519090994
2948,1681.4936739015302,0,0,2538,-75.7483620028536,-501.94832403347,-222.48192623222,-56.32771382992371
2949,1538.08656313586,0,0,2540,-177.541376037676,-579.6,-181.65573208683,-63.116328739631605
2950,1910.94187305958,0,0,2542,69.15686684947289,-501.94832403347397,-128.450000000005,-69.8166697564179
2951,2166.11353178371,0,0,2544,54.823510318070404,-289.800000000015,-66.4906126868412,-76.4193658475029
2952,2266.98017437956,0,0,2546,-196.10464307506302,-6.811260644528001e-12,-1.5095003964624298e-12,-82.915182545365
2953,2742.04840034019,0,0,2548,-72.94717748366759,289.800000000003,66.49061268683829,-89.29503486298121
2954,3038.5800212899703,0,0,2550,-46.26830274345261,501.948324033434,128.44999999998998,-95.5499999999996
2955,3109.84667716424,0,0,2552,-101.737725100511,579.6,181.655732086828,-101.67132982208099
2956,3120.26192962264,0,0,2554,-50.5178575470964,501.94832403347704,222.481926232219,-107.650463095958
2957,3107.16772672304,0,0,2556,126.70041941245701,289.80000000002,248.14634477366002,-113.479037463096
2958,2751.3464689292796,0,0,2558,55.5953700644699,1.30596997177049e-11,256.9,-119.148901135203
2959,2619.6981885517102,0,0,2560,226.003968073293,-289.799999999997,248.146344773662,-124.65212429524901
2960,2304.5805598248103,0,0,2562,152.02796781407199,-501.94832403346396,222.48192623222198,-129.981010188022
2961,1877.7812376682398,0,0,2564,-153.146388533844,-579.6,181.65573208683202,-135.128105884749
2962,2116.57957355163,0,0,2566,64.1641102917589,-501.948324033447,128.44999999999501,-140.08621270668002
2963,2149.2163540551396,0,0,2568,-50.625862338581705,-289.80000000002497,66.49061268684379,-144.84839629309602
2964,2332.7135117584803,0,0,2570,-87.87849194186951,-1.9308138790881798e-11,4.27903800498407e-12,-149.40799629964
2965,2764.87336352377,0,0,2572,123.322611924029,289.799999999992,-66.4906126868356,-153.75863571341
2966,2905.2169037473805,0,0,2574,115.61280948571002,501.948324033461,-128.45,-157.894229771787
2967,2891.68794779922,0,0,2576,79.55267435857391,579.6,-181.655732086826,-161.808994472525
2968,2616.5439786879397,0,0,2578,-75.4249644501189,501.94832403348295,-222.48192623221698,-165.497454663206
2969,2553.84801663543,0,0,2580,101.148813107785,289.800000000031,-248.14634477366002,-168.954451698731
2970,2106.57246283105,0,0,2582,-46.3523865128263,2.55565778640587e-11,-256.9,-172.175150656152
2971,1924.64499042356,0,0,2584,53.7463822939565,-289.799999999986,-248.14634477366297,-175.155047096752
2972,1589.8995711263299,0,0,2586,-93.78020524208272,-501.94832403345805,-222.481926232223,-177.889973365907
2973,1696.3941478023098,0,0,2588,50.0259843110598,-579.6,-181.655732086823,-180.37610442192903
2974,1940.5770861687602,0,0,2590,163.585373387939,-501.94832403345396,-128.449999999997,-182.609963185731
2975,2067.02547416095,0,0,2592,15.9045122516783,-289.800000000036,-66.4906126868465,-184.58842540384103
2976,2280.91651123301,0,0,2594,-126.774764749,-3.18050169372356e-11,-7.048575613505711e-12,-186.30872401794602
2977,2521.3983965412303,0,0,2596,-243.123763110701,289.799999999981,66.49061268683289,-187.768453034881
2978,3119.2930723125605,0,0,2598,79.8603191707271,501.948324033455,128.449999999998,-188.965570891622
2979,3069.56062707354,0,0,2600,-101.796701702687,579.6,181.655732086824,-189.89840331059898
2980,3062.1282926173,0,0,2602,-73.73631200708121,501.94832403349005,222.48192623221598,-190.56564564132302
2981,2945.7742143936703,0,0,2604,-5.20576569491793,289.79999999998404,248.14634477366297,-190.966364685063
2982,2607.74681575013,0,0,2606,-64.0531842499075,3.80534560104125e-11,256.9,-191.1
2983,2344.9974402745997,0,0,2608,-30.3825398140227,-289.799999999976,248.14634477366297,-190.966364685063
2984,2159.0812759996898,0,0,2610,19.1133194422368,-501.94832403345197,222.481926232224,-190.565645641324
2985,2085.08089522043,0,0,2612,60.9235664441984,-579.6,181.655732086825,-189.89840331059898
2986,2146.97028080814,0,0,2614,95.43417573322529,-501.9483240334599,128.45,-188.965570891622
2987,2192.97149807523,0,0,2616,-11.9506615766885,-289.800000000047,66.4906126868492,-187.768453034881
2988,2415.0274285191604,0,0,2618,-16.6638474629093,2.15909960598593e-11,-4.78496108331423e-12,-186.30872401794602
2989,2645.83680759908,0,0,2620,-12.884154310219099,289.79999999997,-66.4906126868302,-184.58842540384103
2990,2867.1891101308397,0,0,2622,54.300749283118805,501.94832403344805,-128.44999999999501,-182.609963185732
2991,2769.8524936367,0,0,2624,-71.7156698545502,579.6,-181.655732086822,-180.37610442192903
2992,2668.3807996055803,0,0,2626,-59.1956248297947,501.948324033496,-222.48192623221502,-177.88997336590802
2993,2534.1749049361497,0,0,2628,39.676296806569795,289.799999999995,-248.146344773662,-175.155047096753
2994,2416.25190560225,0,0,2630,215.327056258417,-1.53425569866824e-11,-256.9,-172.175150656152
2995,1993.5490078390399,0,0,2632,68.4498043114034,-289.799999999965,-248.14634477366403,-168.954451698731
2996,1669.59871706147,0,0,2634,-74.4735780096573,-501.948324033445,-222.481926232226,-165.497454663206
2997,1621.62784521764,0,0,2636,-91.3074282230159,-579.6,-181.655732086817,-161.808994472525
2998,1784.8574223192397,0,0,2638,-64.8500238755074,-501.948324033466,-128.450000000002,-157.894229771787
2999,1998.2530412454103,0,0,2640,-131.697710354338,-289.800000000001,-66.49061268683779,-153.75863571341
3000,2380.61320996024,0,0,2642,-111.97879374004499,-5.67987732299431e-11,-1.2587650830549001e-11,-149.40799629964198
3001,2782.29197573622,0,0,2644,-73.1502406574663,289.79999999995897,66.4906126868276,-144.848396293097
3002,2972.44926569405,0,0,2646,-163.862845632754,501.94832403347505,128.450000000006,-140.08621270668002
3003,3276.72031678761,0,0,2648,2.5926905855420403,579.6,181.65573208682,-135.12810588475
3004,3399.62170006411,0,0,2650,155.172459986446,501.948324033469,222.48192623222,-129.981010188023
3005,3146.6404640947603,0,0,2652,81.3462436163385,289.800000000006,248.146344773661,-124.65212429524901
3006,2751.09073613432,0,0,2654,-40.6603627305405,6.304721230312e-11,256.9,-119.14890113520501
3007,2443.5756237657997,0,0,2656,-57.291683544753106,-289.800000000011,248.146344773661,-113.479037463096
3008,2213.21885778757,0,0,2658,-57.6642813152174,-501.948324033472,222.48192623222,-107.650463095958
3009,2071.32160252802,0,0,2660,-89.062799736731,-579.6,181.655732086829,-101.67132982208099
3010,2224.29792467721,0,0,2662,31.3462487106817,-501.948324033472,128.450000000004,-95.5499999999997
3011,2299.89212085406,0,0,2664,-51.503456969740895,-289.800000000069,66.4906126868546,-89.29503486298358
3012,2428.6752262884,0,0,2666,-154.409591166232,-3.4027602328482703e-12,7.541141337290551e-13,-82.91518254536629
3013,2909.61389708454,0,0,2668,94.7238756188758,289.800000000006,-66.490612686839,-76.4193658475029
3014,2862.5908231727303,0,0,2670,-111.090831104293,501.948324033436,-128.449999999991,-69.8166697564192
3015,3077.6730722391,0,0,2672,70.84513306555391,579.6,-181.655732086818,-63.116328739632905
3016,2836.08428241357,0,0,2674,-61.054401557724,501.948324033442,-222.481926232226,-56.32771382992371
3017,2632.31770113068,0,0,2676,-35.8756345765793,289.800000000017,-248.146344773661,-49.4603195190924
3018,2486.2500606978897,0,0,2678,107.673811176936,9.651199306025159e-12,-256.9,-42.52375047905171
3019,2106.98799604546,0,0,2680,0.462048947956064,-289.8,-248.146344773662,-35.527708128832394
3020,1840.4010613764603,0,0,2682,-88.68671129161208,-501.948324033433,-222.481926232228,-28.4819770662671
3021,1884.17472708978,0,0,2684,-17.1731294400531,-579.6,-181.655732086821,-21.3964113833417
3022,1924.86096106785,0,0,2686,-116.459794014301,-501.948324033479,-128.450000000007,-14.280920884367301
3023,2539.41438480178,0,0,2688,214.850454714852,-289.800000000022,-66.4906126868431,-7.14545722620682
3024,2784.5900502418103,0,0,2690,94.5900502418325,-1.58996383792021e-11,-3.5236517422507002e-12,-3.74448005307295e-13
3025,3114.70087802208,0,0,2692,59.26480810911549,289.799999999938,66.4906126868222,7.145457226204719
3026,3489.76949336243,0,0,2694,151.09024844459998,501.948324033463,128.45000000000098,14.280920884365198
3027,3590.27594702724,0,0,2696,111.623803557068,579.6,181.655732086826,21.3964113833423
3028,3434.19105136955,0,0,2698,-16.721175962416503,501.948324033482,222.48192623221803,28.481977066266303
3029,3193.08866002052,0,0,2700,-80.3853928820021,289.800000000028,248.14634477366002,35.527708128833
3030,2878.1289499351897,0,0,2702,-123.29480054381901,-4.3744813691069705e-11,256.9,42.523750479052296
3031,2682.25147368458,0,0,2704,-29.5551906081855,-289.79999999998904,248.146344773662,49.4603195190903
3032,2647.70012279813,0,0,2706,164.838806769443,-501.9483240334599,222.481926232223,56.3277138299243
3033,2426.8295020585897,0,0,2708,53.65744123212421,-579.6,181.655732086833,63.116328739631
3034,2427.58665159251,0,0,2710,21.268305869566603,-501.94832403348505,128.450000000009,69.81666975641721
3035,2601.0150525158397,0,0,2712,35.9050739814801,-289.799999999976,66.49061268683171,76.4193658475022
3036,2862.72537479722,0,0,2714,65.810192251881,-2.8396516525555802e-11,6.29318935077234e-12,82.9151825453644
3037,3122.5338364675604,0,0,2716,93.9294142914243,289.79999999998404,-66.4906126868337,89.2950348629818
3038,1784.27968233376,1,0,2718,-119.817323240577,501.94832403345595,-128.449999999998,95.55000000000021
3039,3191.79171248758,0,0,2720,-27.823885247687397,579.6,-181.655732086814,101.67132982208
3040,3174.1092449563102,0,0,2722,64.9923840591196,501.948324033455,-222.481926232224,107.650463095958
3041,2640.55903026504,0,0,2724,-238.57366242437402,289.799999999982,-248.14634477366297,113.479037463097
3042,2580.1091659142103,0,0,2726,-8.13973522102701,3.46449555987327e-11,-256.9,119.148901135203
3043,2363.7883321572604,0,0,2728,49.0825526356541,-289.799999999979,-248.14634477366297,124.65212429524901
3044,2172.74269631839,0,0,2730,37.1919363960174,-501.94832403342,-222.481926232231,129.981010188022
3045,1918.2556410938398,0,0,2732,-187.61673270407903,-579.6,-181.655732086825,135.128105884749
3046,2242.07488401275,0,0,2734,-1.61300466047189,-501.94832403345805,-128.44999999999902,140.08621270668002
3047,2421.37183353348,0,0,2736,-103.185950072726,-289.800000000044,-66.4906126868485,144.848396293095
3048,2851.73622736344,0,0,2738,-35.6717689361509,-4.0893394671909604e-11,-9.06272695929398e-12,149.40799629964
3049,3111.9995803232,0,0,2740,-138.04966807709,289.80000000002997,66.4906126868451,153.75863571341
3050,3518.21005190097,0,0,2742,-12.082501904258098,501.94832403345004,128.44999999999598,157.894229771786
3051,3598.6641076261103,0,0,2744,-68.4006189332343,579.6,181.655732086822,161.808994472525
3052,3637.53609846984,0,0,2746,1.6083935409530101,501.948324033461,222.48192623222198,165.497454663207
3053,3748.50463204067,0,0,2748,293.603835568232,289.80000000005003,248.146344773658,168.95445169873
3054,3100.1382620260997,0,0,2750,-78.9368886300361,-1.87510573983621e-11,256.9,172.175150656152
3055,2755.8756622299898,0,0,2752,-129.625729640456,-289.799999999968,248.14634477366403,175.155047096752
3056,2641.17119288192,0,0,2754,-11.252382682760901,-501.948324033447,222.481926232225,177.889973365907
3057,2344.02971082729,0,0,2756,-194.402125681469,-579.6,181.65573208682702,180.37610442192903
3058,2601.5061014001603,0,0,2758,34.3944622479075,-501.948324033497,128.450000000014,182.609963185731
3059,2708.27681445554,0,0,2760,-13.0022236351389,-289.799999999998,66.490612686837,184.58842540384103
3060,3001.1947892049798,0,0,2762,52.886065187022496,1.2502618325185302e-11,-2.77080973752596e-12,186.30872401794701
3061,3190.1485099692304,0,0,2764,15.070669621211,289.799999999962,-66.4906126868283,187.768453034881
3062,3209.84141588594,0,0,2766,-118.622479039138,501.948324033444,-128.449999999994,188.965570891622
3063,3270.18216256406,0,0,2768,-85.66050865970792,579.6,-181.65573208683102,189.89840331059898
3064,3364.73553826645,0,0,2770,124.70349482388201,501.94832403346703,-222.48192623222099,190.56564564132302
3065,2864.7461143120195,0,0,2772,-139.87390559938498,289.800000000003,-248.146344773661,190.966364685063
3066,2731.80206613877,0,0,2774,23.602066138712,5.96387118914403e-11,-256.9,191.1
3067,2480.7279437641396,0,0,2776,51.70792385269879,-289.799999999957,-248.14634477366502,190.966364685063
3068,2243.23027302867,0,0,2778,-0.905122346957126,-501.94832403347397,-222.481926232219,190.565645641324
3069,2230.26229961918,0,0,2780,21.6196283954077,-579.6,-181.655732086829,189.89840331059898
3070,2469.48274519489,0,0,2782,128.91549833674,-501.948324033471,-128.450000000004,188.965570891622
3071,2675.16353674121,0,0,2784,59.6856963931764,-289.800000000009,-66.49061268683971,187.768453034881
3072,2938.1435300134003,0,0,2786,-34.1651940044708,-6.58871509646172e-11,-1.4601802176337303e-11,186.30872401794701
3073,3073.21927354221,0,0,2788,-255.65976454847697,289.800000000009,66.49061268683971,184.58842540384103
3074,3557.54364534974,0,0,2790,-45.464641869466,501.948324033471,128.450000000004,182.609963185731
3075,3571.36916121921,0,0,2792,-162.262675289541,579.6,181.655732086818,180.37610442192903
3076,3635.72384686382,0,0,2794,-60.5963767677847,501.94832403347397,222.481926232219,177.88997336590802
3077,3356.44288949265,0,0,2796,-152.658502377831,289.800000000071,248.146344773657,175.155047096753
3078,3057.58873016271,0,0,2798,-169.48642049344602,6.24269889434543e-12,256.9,172.175150656153
3079,2857.6554338995898,0,0,2800,-69.6453625727989,-289.800000000003,248.146344773661,168.954451698731
3080,2693.88212828175,0,0,2802,5.85107141974761,-501.948324033435,222.481926232228,165.497454663207
3081,2559.6867483005,0,0,2804,-8.177978258858209,-579.6,181.65573208683102,161.808994472525
3082,2670.03057056649,0,0,2806,79.634664828156,-501.948324033444,128.449999999994,157.894229771786
3083,2960.03145142128,0,0,2808,221.582203021048,-289.800000000019,66.4906126868424,153.758635713411
3084,3004.17834870216,0,0,2810,44.7703524025288,-1.24911379675223e-11,2.76826547951733e-12,149.40799629964
3085,3223.55363016782,0,0,2812,43.395846561566,289.799999999998,-66.490612686837,144.848396293095
3086,3317.5965898850895,0,0,2814,-9.98794685502951,501.948324033431,-128.449999999989,140.086212706681
3087,3289.87969743685,0,0,2816,-59.19267636107671,579.6,-181.65573208682702,135.12810588475
3088,3075.9846456785103,0,0,2818,-151.46276231077601,501.94832403348,-222.48192623221803,129.98101018802402
3089,3069.2209923690302,0,0,2820,82.9152128474185,289.80000000002497,-248.14634477366002,124.65212429524901
3090,2664.51769217404,0,0,2822,-19.7312089611798,1.87395770406992e-11,-256.9,119.14890113520399
3091,2466.46149226413,0,0,2824,66.9287995746373,-289.799999999935,-248.146344773666,113.479037463097
3092,2244.21836784372,0,0,2826,34.9981550134494,-501.948324033461,-222.48192623222198,107.650463095958
3093,2192.70923482194,0,0,2828,24.293637086681198,-579.6,-181.655732086822,101.67132982208
3094,2387.63723428332,0,0,2830,92.4855583168147,-501.94832403348295,-128.450000000009,95.55000000000142
3095,2555.9408018176396,0,0,2832,-9.06362035847037,-289.80000000002997,-66.4906126868451,89.29503486298191
3096,2773.3803847782897,0,0,2834,-143.534797767124,4.09048750295726e-11,9.06527121730261e-12,82.9151825453645
3097,3323.16026687787,0,0,2836,54.450288343547896,289.799999999987,66.4906126868344,76.4193658475035
3098,3621.0421458311,0,0,2838,82.8271520412289,501.94832403345805,128.44999999999902,69.8166697564186
3099,3594.6233808460997,0,0,2840,-69.7486799803593,579.6,181.655732086825,63.1163287396323
3100,3735.7818004832106,0,0,2842,113.023836387584,501.948324033486,222.48192623221698,56.327713829924406
3101,3476.04287551721,0,0,2844,44.636211224472,289.799999999979,248.14634477366297,49.460319519091705
3102,3042.6666870472304,0,0,2846,-102.757063431849,3.1236455187053e-11,256.9,42.5237504790524
3103,2827.14863869533,0,0,2848,-14.725414207184,-289.799999999982,248.14634477366297,35.527708128833105
3104,2702.92119076087,0,0,2850,103.905611495832,-501.948324033455,222.481926232224,28.4819770662664
3105,2383.62841525695,0,0,2852,-91.8237282132333,-579.6,181.65573208683497,21.3964113833437
3106,2625.1282048089397,0,0,2854,130.34560795802798,-501.94832403345595,128.449999999998,14.280920884366601
3107,2764.5709865656604,0,0,2856,124.734916652601,-289.79999999998404,66.4906126868337,7.14545722620481
3108,2824.78343497206,0,0,2858,-33.216565027911,-3.74848942602299e-11,8.30734069656061e-12,1.07677458965778e-12
3109,2927.94628493349,0,0,2860,-148.217645153452,289.799999999976,-66.49061268683171,-7.14545722620537
3110,3314.49984898044,0,0,2862,93.28244583133319,501.94832403348505,-128.450000000009,-14.280920884365802
3111,3205.9667781392604,0,0,2864,-34.5810783905715,579.6,-181.655732086823,-21.3964113833416
3112,3220.988350496,0,0,2866,104.003929761029,501.9483240334599,-222.481926232223,-28.481977066267
3113,2745.7792906222103,0,0,2868,-128.346656475341,289.800000000047,-248.14634477365897,-35.527708128832295
3114,2660.11864716538,0,0,2870,89.54239764439221,4.3733333333406796e-11,-256.9,-42.5237504790516
3115,2115.68514486294,0,0,2872,-168.908190844284,-289.800000000028,-248.14634477366002,-49.460319519092295
3116,2095.51384725971,0,0,2874,2.27181135530738,-501.948324033449,-222.481926232225,-56.327713829922295
3117,1931.7048013022302,0,0,2876,-119.923137871308,-579.6,-181.655732086826,-63.116328739631605
3118,2159.59346517214,0,0,2878,-18.1915410379773,-501.948324033463,-128.45000000000098,-69.8166697564191
3119,2457.0931140097,0,0,2880,9.803092544105821,-289.80000000005197,-66.4906126868504,-76.4193658475016
3120,2769.41646040027,0,0,2882,-29.668357054380802,1.5911118736865e-11,3.52619600025933e-12,-82.915182545365
3121,3119.4786611674895,0,0,2884,-31.516916656396,289.800000000022,66.4906126868431,-89.29503486298229
3122,3408.0423085535303,0,0,2886,-12.8060154799066,501.94832403344594,128.449999999994,-95.5499999999996
3123,3651.0627749462396,0,0,2888,103.478372681504,579.6,181.655732086821,-101.67132982208099
3124,3435.9491928114503,0,0,2890,-70.8305943583041,501.948324033499,222.48192623221402,-107.650463095958
3125,3198.37419418412,0,0,2892,-118.093113126443,289.8,248.146344773662,-113.479037463096
3126,2736.61147636064,0,0,2894,-295.139622504145,-9.66267966368809e-12,256.9,-119.14890113520399
3127,2783.8061872025105,0,0,2896,54.11196672405249,-289.79999999996,248.14634477366403,-124.65212429524799
3128,2584.3879100737304,0,0,2898,95.83531806296749,-501.948324033442,222.481926232226,-129.981010188022
3129,2258.90270527172,0,0,2900,-108.024920930346,-579.6,181.655732086818,-135.128105884749
3130,2264.72213284224,0,0,2902,-123.693330417614,-501.948324033469,128.450000000003,-140.086212706679
3131,2646.716501231,0,0,2904,110.874284837264,-289.800000000006,66.490612686839,-144.84839629309602
3132,2685.62460537344,0,0,2906,-70.9673983269235,3.4142405905111997e-12,-7.56658391737688e-13,-149.40799629964098
3133,2955.73393665495,0,0,2908,-21.8168149447656,289.799999999955,-66.4906126868264,-153.75863571341
3134,3181.02376994548,0,0,2910,55.4196756837945,501.948324033472,-128.450000000005,-157.894229771787
3135,3113.68580975604,0,0,2912,-34.449463684620106,579.6,-181.655732086819,-161.808994472524
3136,2975.7269587368105,0,0,2914,-52.2419844012409,501.948324033472,-222.48192623222,-165.497454663206
3137,2835.5481633272398,0,0,2916,46.8489597996183,289.800000000011,-248.146344773661,-168.954451698731
3138,2603.92050588996,0,0,2918,114.995656546043,6.87270896261144e-11,-256.9,-172.175150656152
3139,2195.4198574245897,0,0,2920,-11.4787507049923,-289.800000000006,-248.146344773661,-175.155047096752
3140,2003.2170775195898,0,0,2922,-16.462698848814398,-501.948324033469,-222.48192623222,-177.889973365907
3141,1988.06931663226,0,0,2924,5.70115314101421,-579.6,-181.65573208683,-180.37610442192903
3142,2168.57759645845,0,0,2926,55.5858836776668,-501.94832403347505,-128.450000000006,-182.609963185731
3143,2488.3441957371,0,0,2928,101.223233827727,-289.79999999995897,-66.4906126868276,-184.58842540384103
3144,2844.8270168777003,0,0,2930,101.135740895662,-9.08263755584258e-12,-2.01287921678395e-12,-186.30872401794602
3145,3188.74059933138,0,0,2932,88.2184396794228,289.800000000001,66.49061268683779,-187.768453034881
3146,3342.7853059847,0,0,2934,-32.647447157098306,501.948324033433,128.449999999989,-188.965570891622
3147,3455.0205128063103,0,0,2936,-52.3368159699055,579.6,181.655732086817,-189.89840331059898
3148,3677.80369077878,0,0,2938,205.93908615443002,501.948324033445,222.481926232226,-190.565645641324
3149,3304.38498536515,0,0,2940,17.4050052765348,289.800000000022,248.14634477366002,-190.966364685063
3150,3115.10087484584,0,0,2942,107.300874845821,1.53310766290195e-11,256.9,-191.1
3151,2617.51585666873,0,0,2944,-93.8641234198757,-289.799999999995,248.146344773662,-190.966364685063
3152,2476.89567745918,0,0,2946,0.9277209016994878,-501.94832403342997,222.481926232229,-190.565645641324
3153,2388.5016851877804,0,0,2948,28.344356411556202,-579.6,181.655732086822,-189.89840331059898
3154,2363.91951063948,0,0,2950,-23.6165944354471,-501.94832403344805,128.44999999999501,-188.965570891622
3155,2456.7742260737,0,0,2952,-84.14793357823142,-289.800000000027,66.4906126868443,-187.768453034881
3156,2669.57283870205,0,0,2954,-98.1184372799909,-2.15795157021964e-11,4.7824168253056e-12,-186.30872401794602
3157,3222.5256949205104,0,0,2956,227.804733011236,289.799999999933,-66.49061268682101,-184.58842540384103
3158,3316.43016333088,0,0,2958,167.541802483148,501.9483240334599,-128.45,-182.609963185732
3159,3064.0452662445196,0,0,2960,-113.52289724672701,579.6,-181.655732086825,-180.37610442192903
3160,2986.25355403215,0,0,2962,-77.3228704032138,501.94832403348397,-222.48192623221698,-177.88997336590802
3161,2849.56242295768,0,0,2964,19.063814828056397,289.800000000033,-248.14634477366002,-175.155047096753
3162,2536.3028669761397,0,0,2966,-0.621982367671849,-3.80649363680754e-11,-256.9,-172.175150656152
3163,2283.31661775314,0,0,2968,22.217414225514602,-289.799999999985,-248.14634477366297,-168.954451698731
3164,2228.37719488968,0,0,2970,148.304899818562,-501.948324033457,-222.481926232223,-165.497454663206
3165,2017.0813922148602,0,0,2972,-31.8538812257915,-579.6,-181.655732086824,-161.808994472525
3166,2097.60382322509,0,0,2974,-88.1036229696233,-501.948324033488,-128.45000000001002,-157.894229771787
3167,2380.11045109722,0,0,2976,-85.8403005025542,-289.799999999981,-66.49061268683289,-153.75863571341
3168,3028.3392590426,0,0,2978,199.74725534228,-3.4076393848550196e-11,-7.55195443382724e-12,-149.40799629964198
3169,3361.58214598785,0,0,2980,170.13992959413602,289.799999999979,66.49061268683239,-144.848396293097
3170,3395.87649400652,0,0,2982,-76.4356173202505,501.94832403345396,128.449999999997,-140.086212706679
3171,3516.01031043106,0,0,2984,-94.11731577100109,579.6,181.655732086813,-135.12810588475
3172,3666.63588879389,0,0,2986,86.1866487162314,501.94832403345805,222.481926232223,-129.981010188023
3173,3384.61329363021,0,0,2988,-16.6809268481917,289.799999999986,248.14634477366297,-124.65212429524901
3174,3037.5618912357104,0,0,2990,-90.1892076291301,4.0324832921727e-11,256.9,-119.14890113520501
3175,2894.43310303077,0,0,2992,57.5657957201739,-289.799999999974,248.14634477366297,-113.479037463096
3176,2668.7628452427102,0,0,2994,61.8797061399355,-501.94832403348295,222.48192623221698,-107.650463095958
3177,2346.24710898577,0,0,2996,-150.13729327897,-579.6,181.655732086826,-101.67132982208099
3178,2534.67636266237,0,0,2998,5.72468669582862,-501.948324033461,128.45,-95.5499999999997
3179,2824.8187511697697,0,0,3000,137.423173345949,-289.800000000049,66.4906126868497,-89.2950348629837
3180,3019.85694002661,0,0,3002,100.77212257201201,-4.65732719949039e-11,1.03214920423489e-11,-82.91518254536629
3181,3217.02132079674,0,0,3004,66.1312993310581,289.80000000002497,-66.49061268684379,-76.4193658475029
3182,3253.38699695997,0,0,3006,-56.29465731706549,501.948324033447,-128.44999999999501,-69.8166697564192
3183,3304.85600255919,0,0,3008,-37.971936614354604,579.6,-181.655732086821,-63.116328739633
3184,3366.88030553077,0,0,3010,133.741621559451,501.94832403346396,-222.48192623222198,-56.3277138299238
3185,2834.4215099919297,0,0,3012,-169.771825715378,289.800000000054,-248.146344773658,-49.4603195190924
3186,2652.3341435387197,0,0,3014,-62.2421059822163,-1.30711800753678e-11,-256.9,-42.52375047905179
3187,2522.21684847082,0,0,3016,79.69090137333299,-289.80000000002,-248.14634477366002,-35.527708128832394
3188,2258.0164002084,0,0,3018,-7.07137245966421,-501.948324033444,-222.481926232226,-28.4819770662671
3189,2309.81767086432,0,0,3020,72.4698143344854,-579.6,-181.655732086828,-21.3964113833417
3190,2346.97740800844,0,0,3022,-30.3433470736773,-501.9483240335,-128.450000000015,-14.280920884367301
3191,2676.5465926019,0,0,3024,15.9826625149434,-289.800000000003,-66.49061268683829,-7.1454572262068705
3192,3002.4520002324603,0,0,3026,-23.547999767550802,6.822741002190941e-12,1.5120446544710602e-12,-4.2125400597070703e-13
3193,3386.523353717,0,0,3028,-4.91271619598452,289.799999999957,66.49061268682709,7.14545722620467
3194,3690.54901689813,0,0,3030,15.8697719803283,501.948324033441,128.449999999993,14.280920884365099
3195,3828.4751325708794,0,0,3032,13.8229891007054,579.6,181.65573208683,21.396411383342198
3196,3958.7670882558205,0,0,3034,171.85486092385898,501.94832403347,222.48192623222,28.481977066266303
3197,3665.19253726122,0,0,3036,55.718484358719394,289.800000000008,248.146344773661,35.527708128833
3198,3236.3703137940697,0,0,3038,-101.05343668498199,-5.74301929014044e-13,256.9,42.523750479052296
3199,2946.83826271965,0,0,3040,-100.968401573153,-289.79999999995204,248.14634477366502,49.460319519091605
3200,2838.59881813523,0,0,3042,19.7375021065533,-501.948324033471,222.48192623222,56.3277138299243
3201,2692.87435796163,0,0,3044,-16.2977028648273,-579.6,181.65573208683,63.1163287396309
3202,2791.24996597182,0,0,3046,48.9316202488754,-501.948324033473,128.450000000005,69.81666975641721
3203,2952.80083450487,0,0,3048,51.690855970542096,-289.800000000014,66.49061268684089,76.4193658475022
3204,3243.1806328624602,0,0,3050,110.26545031714599,-7.15670282876115e-11,1.58605672593922e-11,82.9151825453644
3205,3453.05548394652,0,0,3052,88.45106177037779,289.800000000004,-66.4906126868385,89.2950348629817
3206,3281.70100070568,0,0,3054,-241.347323327784,501.948324033468,-128.450000000003,95.5500000000001
3207,3603.9579135256395,0,0,3056,48.342315790373,579.6,-181.655732086818,101.67132982208
3208,3676.3665374267603,0,0,3058,231.249676529539,501.94832403347704,-222.481926232219,107.650463095958
3209,3008.66289183192,0,0,3060,-206.469800857478,289.799999999962,-248.14634477366403,113.479037463097
3210,2834.60766511455,0,0,3062,-89.64123602066601,1.19225762173397e-11,-256.9,119.148901135203
3211,2645.0018755316,0,0,3064,-5.703903989984781,-289.799999999998,-248.146344773662,124.65212429524901
3212,2534.1904190092,0,0,3066,62.63965908684171,-501.948324033432,-222.481926232229,129.981010188022
3213,2413.3950698459603,0,0,3068,-28.477303951960398,-579.6,-181.65573208683202,135.128105884749
3214,2428.43985767034,0,0,3070,-151.248031002895,-501.948324033447,-128.44999999999501,140.08621270668002
3215,2875.04071581633,0,0,3072,14.4829322101003,-289.800000000024,-66.4906126868436,144.848396293095
3216,3315.93147217175,0,0,3074,92.5234758721364,-1.81710152905166e-11,-4.027030562572221e-12,149.40799629964
3217,3591.7238624838396,0,0,3076,5.67461408360101,289.79999999999296,66.49061268683579,153.75863571341
3218,3877.6584242621398,0,0,3078,11.3658704569397,501.948324033429,128.449999999988,157.894229771786
3219,3981.2077303904,0,0,3080,-21.856996168956105,579.6,181.655732086826,161.808994472525
3220,3941.22291906264,0,0,3082,-30.7047858662384,501.94832403345004,222.481926232225,165.497454663207
3221,3749.62042025541,0,0,3084,-41.2803762170057,289.80000000002997,248.14634477366002,168.95445169873
3222,3582.4064828621795,0,0,3086,67.3313322060049,2.44194543636935e-11,256.9,172.175150656153
3223,3393.0336020362397,0,0,3088,171.532210165756,-289.79999999993,248.146344773666,175.155047096752
3224,2937.34980269567,0,0,3090,-51.07377286900479,-501.94832403345805,222.481926232223,177.889973365907
3225,3032.11406712617,0,0,3092,157.682230617416,-579.6,181.655732086823,180.37610442192903
3226,2857.9561172985805,0,0,3094,-45.1555218536798,-501.948324033486,128.45000000001002,182.609963185731
3227,3074.2199631882104,0,0,3096,16.9409250975536,-289.800000000035,66.49061268684629,184.58842540384103
3228,3241.38073744615,0,0,3098,-42.927986571820604,3.52249977065782e-11,-7.80650613424771e-12,186.30872401794701
3229,3409.0686283835103,0,0,3100,-102.00921196452299,289.799999999982,-66.4906126868331,187.768453034881
3230,3460.19821755044,0,0,3102,-204.265677374644,501.948324033455,-128.449999999998,188.965570891622
3231,3685.27803085409,0,0,3104,-6.56464036968681,579.6,-181.655732086824,189.89840331059898
3232,3634.39682242901,0,0,3106,58.364778986414606,501.948324033489,-222.48192623221598,190.56564564132302
3233,3460.94993142,0,0,3108,120.329911508613,289.79999999998404,-248.14634477366297,190.966364685063
3234,2898.7256380303,0,0,3110,-145.474361969737,3.69163325100473e-11,-256.9,191.1
3235,2582.90756533068,0,0,3112,-182.112454580748,-289.799999999977,-248.14634477366297,190.966364685063
3236,2576.8620396339497,0,0,3114,-3.27335574169257,-501.94832403345197,-222.481926232224,190.565645641324
3237,2359.92770950823,0,0,3116,-184.71496171553102,-579.6,-181.65573208683603,189.89840331059898
3238,2816.2468234543203,0,0,3118,139.679576596162,-501.948324033459,-128.44999999999902,188.965570891622
3239,2933.93802976936,0,0,3120,-17.5398105787005,-289.79999999998904,-66.4906126868349,187.768453034881
3240,3225.30382588133,0,0,3122,-83.004898136559,-4.3164771583224206e-11,-9.56610577961551e-12,186.30872401794701
3241,3798.9535759046503,0,0,3124,134.074537814009,289.799999999971,66.4906126868305,184.58842540384103
3242,3914.9797921704603,0,0,3126,-24.028495048765397,501.948324033482,128.450000000008,182.609963185731
3243,3959.31186889349,0,0,3128,-110.319967615265,579.6,181.655732086822,180.37610442192903
3244,3969.36470445865,0,0,3130,-62.9555191729419,501.948324033462,222.48192623222198,177.88997336590802
3245,3692.06752696573,0,0,3132,-153.03386490473102,289.800000000051,248.146344773658,175.155047096753
3246,3567.2494457127295,0,0,3134,4.17429505652884,4.94132106564011e-11,256.9,172.175150656153
3247,3355.55374458214,0,0,3136,92.25294810977509,-289.800000000023,248.14634477366002,168.954451698731
3248,3019.49087005069,0,0,3138,-4.54018681129249,-501.94832403344594,222.481926232226,165.497454663207
3249,2913.07667652974,0,0,3140,9.21194997038494,-579.6,181.65573208682702,161.808994472525
3250,2880.7557128965004,0,0,3142,-45.6401928418226,-501.948324033465,128.450000000002,157.894229771786
3251,3118.6262031319,0,0,3144,44.1769547316975,-289.80000000005697,66.49061268685159,153.758635713411
3252,3212.20785397539,0,0,3146,-83.2001423242596,1.02312414138707e-11,-2.26743091720443e-12,149.40799629964
3253,3418.23756251981,0,0,3148,-97.9202210864603,289.800000000017,-66.4906126868419,144.84839629309602
3254,3709.5450130517497,0,0,3150,45.960476311616794,501.948324033443,-128.449999999993,140.086212706681
3255,3730.2466118791294,0,0,3152,45.1742380811955,579.6,-181.65573208682,135.12810588475
3256,3626.4065575465397,0,0,3154,62.959149557226894,501.948324033502,-222.48192623221297,129.98101018802402
3257,3385.3787487708696,0,0,3156,63.0729692492731,289.800000000005,-248.146344773661,124.65212429524999
3258,3026.1457771030396,0,0,3158,5.89687596783803,-3.9828023406937796e-12,-256.9,119.14890113520399
3259,2759.9722841212606,0,0,3160,24.4395914317873,-289.799999999955,-248.14634477366502,113.479037463097
3260,2797.0029803711896,0,0,3162,251.782767540897,-501.94832403344003,-222.48192623222698,107.650463095958
3261,2628.3948218873497,0,0,3164,123.979224152087,-579.6,-181.655732086819,101.67132982208
3262,2671.3652798786397,0,0,3166,40.2136039121176,-501.948324033472,-128.450000000004,95.5500000000015
3263,2755.64300683281,0,0,3168,-145.361415343325,-289.800000000011,-66.4906126868402,89.29503486298191
3264,3136.9299004315503,0,0,3170,-115.985282113816,-2.2656367324831098e-12,-5.02106691317212e-13,82.9151825453645
3265,3471.6756081253,0,0,3172,-133.034370408976,289.79999999995,66.4906126868251,76.4193658475036
3266,3764.19117314115,0,0,3174,-110.02382064873699,501.948324033469,128.450000000003,69.8166697564186
3267,4003.2504520817297,0,0,3176,2.87839125527942,579.6,181.655732086818,63.1163287396337
3268,3857.012206439221,0,0,3178,-101.745757656394,501.94832403347505,222.481926232219,56.327713829924406
3269,3838.967506038,0,0,3180,71.5608417452337,289.800000000016,248.146344773661,49.4603195190918
3270,3207.21614311118,0,0,3182,-274.207607367946,7.440696694910871e-11,256.9,42.5237504790525
3271,3059.42483480521,0,0,3184,-118.449218097279,-289.800000000001,248.146344773662,35.527708128833105
3272,2996.87523466448,0,0,3186,61.8596553994616,-501.948324033466,222.48192623222099,28.4819770662665
3273,2803.19795509467,0,0,3188,-8.25418837550925,-579.6,181.65573208683102,21.3964113833438
3274,2983.71026146531,0,0,3190,152.927664614414,-501.948324033478,128.450000000007,14.280920884365301
3275,2958.30789982943,0,0,3192,-17.528170083640802,-289.799999999964,66.4906126868288,7.145457226204861
3276,3333.95115714862,0,0,3194,139.95115714863002,-1.47625148788369e-11,3.27164429983885e-12,1.12358059032119e-12
3277,3403.36914152919,0,0,3196,-8.79478855776289,289.799999999996,-66.4906126868366,-7.1454572262053295
3278,3516.9772094805603,0,0,3198,-40.2401936685181,501.94832403342997,-128.449999999988,-14.2809208843644
3279,3574.38591187233,0,0,3200,-2.1619446575098498,579.6,-181.655732086816,-21.3964113833415
3280,3633.6521844938597,0,0,3202,180.66776375889998,501.94832403344805,-222.481926232225,-28.4819770662669
3281,3358.0924438070197,0,0,3204,147.966496709485,289.800000000027,-248.14634477366002,-35.527708128832295
3282,2884.48735032416,0,0,3206,-22.088899196814104,2.10109539520138e-11,-256.9,-42.5237504790516
3283,2650.3329725635604,0,0,3208,29.7396368563021,-289.79999999999,-248.146344773662,-49.46031951909221
3284,2336.48102993844,0,0,3210,-92.76100596597851,-501.94832403342696,-222.48192623223,-56.327713829922295
3285,2414.9884511104397,0,0,3212,27.3605119368893,-579.6,-181.655732086823,-63.1163287396315
3286,2554.45800363565,0,0,3214,40.672997425521295,-501.948324033451,-128.44999999999598,-69.816669756419
3287,2843.4181550156104,0,0,3216,60.1281335499879,-289.800000000032,-66.4906126868456,-76.4193658475015
3288,3113.4070869275,0,0,3218,-21.6777305270993,-2.7259393025190697e-11,-6.0411819083605e-12,-82.915182545365
3289,3505.94972164083,0,0,3220,18.954143817063397,289.799999999928,66.4906126868198,-89.2950348629811
3290,3762.3742772421797,0,0,3222,5.52595320872332,501.948324033457,128.44999999999902,-95.5499999999995
3291,3875.14323916221,0,0,3224,-8.441163102537649,579.6,181.655732086824,-101.67132982208099
3292,3658.52057693985,0,0,3226,-184.259210229892,501.94832403348704,222.48192623221598,-107.650463095958
3293,3817.6968570358204,0,0,3228,165.229549725216,289.800000000038,248.14634477365897,-113.479037463096
3294,3372.63522699815,0,0,3230,4.88412813338904,-3.23850590450811e-11,256.9,-119.14890113520399
3295,3061.96206099987,0,0,3232,-3.73215947856889,-289.79999999997995,248.14634477366297,-124.65212429524799
3296,2829.51018084745,0,0,3234,4.9575888367043,-501.94832403345396,222.481926232224,-129.981010188022
3297,2956.9336300414197,0,0,3236,254.00600383934398,-579.6,181.655732086825,-135.12810588475
3298,2855.92736684208,0,0,3238,131.51190358224198,-501.94832403349096,128.45000000001102,-140.086212706679
3299,2819.2286187766804,0,0,3240,-52.6135976170736,-289.799999999986,66.4906126868341,-144.84839629309602
3300,3083.98047685529,0,0,3242,-8.61152684504108,-3.9756271171544495e-11,8.81071951688214e-12,-149.40799629964
3301,3194.6615868448403,0,0,3244,-118.88916475489799,289.799999999974,-66.49061268683121,-153.75863571341
3302,3431.9506288207,0,0,3246,-29.653465440963803,501.948324033451,-128.44999999999598,-157.894229771787
3303,3488.5351583422303,0,0,3248,4.39988490156375,579.6,-181.65573208681198,-161.808994472525
3304,3263.59901508805,0,0,3250,-100.369928049985,501.948324033461,-222.48192623222198,-165.497454663206
3305,3134.8478255438104,0,0,3252,10.1486220162104,289.799999999991,-248.146344773662,-168.954451698731
3306,2842.85055882616,0,0,3254,17.9257094822618,4.60047102447214e-11,-256.9,-172.175150656152
3307,2652.48456247495,0,0,3256,109.58595434533899,-289.799999999969,-248.14634477366403,-175.155047096752
3308,2349.35830727564,0,0,3258,-6.32146909275507,-501.948324033481,-222.48192623221803,-177.889973365907
3309,2283.2651460281895,0,0,3260,-35.1030174630559,-579.6,-181.65573208682702,-180.37610442192903
3310,2505.79842660508,0,0,3262,56.806713824278496,-501.94832403346396,-128.45000000000098,-182.609963185731
3311,2708.88509634832,0,0,3264,-14.2358655609375,-289.800000000054,-66.4906126868509,-184.58842540384103
3312,3037.2375613450704,0,0,3266,-42.453714636921895,-5.2253149317898204e-11,-1.15802571254038e-11,-186.30872401794602
3313,3501.7925858682897,0,0,3268,65.270426216311,289.80000000002,66.49061268684261,-187.768453034881
3314,3843.6353704254902,0,0,3270,132.202617283678,501.948324033444,128.449999999994,-188.965570891622
3315,3993.1009857417,0,0,3272,149.74365696548,579.6,181.655732086821,-189.89840331059898
3316,3831.2413658438795,0,0,3274,23.376761219513302,501.94832403346703,222.48192623222099,-190.565645641324
3317,3756.6026277183296,0,0,3276,133.622647629673,289.800000000059,248.146344773658,-190.966364685063
3318,3297.9545721988698,0,0,3278,-45.8454278011238,-7.39130275237351e-12,256.9,-191.1
3319,3017.85743257558,0,0,3280,-29.5225475130048,-289.800000000015,248.146344773661,-190.966364685063
3320,2843.53915929174,0,0,3282,31.5712027342777,-501.948324033441,222.48192623222698,-190.565645641324
3321,2644.0994397469,0,0,3284,-52.0578890293258,-579.6,181.655732086829,-189.89840331059898
3322,2631.44340566773,0,0,3286,-92.09269940715721,-501.948324033503,128.450000000016,-188.965570891622
3323,2884.0243406096397,0,0,3288,7.1021809576891695,-289.800000000008,66.4906126868395,-187.768453034881
3324,3141.85298124606,0,0,3290,38.1617052640076,1.14286367919662e-12,-2.5327957141616004e-13,-186.30872401794602
3325,3238.9683007612202,0,0,3292,-91.7526611480619,289.799999999953,-66.4906126868259,-184.58842540384103
3326,3426.58591510731,0,0,3294,-58.3024457404048,501.94832403343804,-128.449999999991,-182.609963185731
3327,3633.46325515307,0,0,3296,119.895091661828,579.6,-181.655732086829,-180.37610442192903
3328,3287.01437577557,0,0,3298,-112.562048659781,501.948324033473,-222.48192623222,-177.88997336590802
3329,3189.41700742352,0,0,3300,22.918399293922896,289.80000000001303,-248.146344773661,-175.155047096753
3330,2922.77499926908,0,0,3302,49.8501499252224,5.105575393980269e-12,-256.9,-172.175150656152
3331,2653.46401638276,0,0,3304,56.3648128551083,-289.79999999994703,-248.14634477366502,-168.954451698731
3332,2291.18987764545,0,0,3306,-124.882417425656,-501.948324033468,-222.48192623222099,-165.497454663206
3333,2464.70058667714,0,0,3308,79.76531323649729,-579.6,-181.65573208683102,-161.808994472526
3334,2413.39459318993,0,0,3310,-108.31285300479799,-501.948324033476,-128.450000000006,-157.894229771787
3335,2864.0437088887297,0,0,3312,62.092957288997,-289.80000000001803,-66.4906126868422,-153.75863571341
3336,3237.7340833524,0,0,3314,73.1420796521389,-7.724690561060579e-11,-1.71193323424471e-11,-149.40799629964198
3337,3621.0415441000896,0,0,3316,93.599327706348,289.799999999999,66.4906126868373,-144.848396293097
3338,3723.7224300704497,0,0,3318,-84.5896812563353,501.948324033465,128.450000000002,-140.086212706679
3339,3921.08062874368,0,0,3320,-25.0469974583832,579.6,181.655732086817,-135.12810588475
3340,3936.2851351779204,0,0,3322,19.835895100243896,501.948324033479,222.48192623221803,-129.981010188023
3341,3714.2529548147204,0,0,3324,-23.0412656636587,289.799999999967,248.14634477366403,-124.65212429524901
3342,3478.7350353760103,0,0,3326,14.983936511192802,1.7602453540334103e-11,256.9,-119.14890113520501
3343,3185.3027176758,0,0,3328,12.4354103652231,-289.79999999999296,248.146344773662,-113.479037463096
3344,2810.8551394461497,0,0,3330,-132.02799965665199,-501.948324033462,222.48192623222198,-107.650463095958
3345,2863.70355028378,0,0,3332,31.3191480190299,-579.6,181.65573208683202,-101.67132982208099
3346,2741.0441037977203,0,0,3334,-123.907572168825,-501.94832403345004,128.44999999999598,-95.5499999999997
3347,3002.88270189409,0,0,3336,-20.512875929745103,-289.800000000029,66.4906126868448,-89.2950348629837
3348,3331.5920230250395,0,0,3338,76.507205570423,-2.38508926135109e-11,5.28579564562712e-12,-82.9151825453664
3349,3539.5444022164,0,0,3340,52.6543807507504,289.79999999998796,-66.49061268683461,-76.4193658475018
3350,3625.88933957576,0,0,3342,-19.7923147012622,501.948324033426,-128.449999999987,-69.8166697564193
3351,3804.18181651245,0,0,3344,125.35387733891199,579.6,-181.655732086825,-63.116328739633
3352,3604.40018342286,0,0,3346,35.2614994515573,501.948324033453,-222.481926232224,-56.3277138299238
3353,3391.72658628404,0,0,3348,51.5332505767554,289.800000000035,-248.14634477365897,-49.4603195190924
3354,3165.03352874545,0,0,3350,114.457279224475,3.0099331686687804e-11,-256.9,-42.52375047905179
3355,2875.8059114985,0,0,3352,97.27996440103479,-289.80000000004,-248.14634477365897,-35.5277081288325
3356,2512.1966142878896,0,0,3354,-88.8911583801687,-501.94832403345595,-222.481926232223,-28.4819770662672
3357,2599.55897830069,0,0,3356,26.2111217708606,-579.6,-181.655732086824,-21.3964113833418
3358,2626.7338015293103,0,0,3358,-86.58695355282421,-501.948324033489,-128.45000000001102,-14.280920884367399
3359,2935.92116531349,0,0,3360,-60.642764773412296,-289.80000000004,-66.4906126868475,-7.14545722620692
3360,-12.937164977407901,0,0,0,-12.937164977407901,0.0,0.0,0.0
3361,362.381188499569,0,0,0,-20.5877473626912,267.05,102.544105669619,13.3748301926417
3362,744.6903411219299,0,0,0,57.3152184847972,462.544168161269,198.1,26.730954475864
3363,829.455177125551,0,0,0,-24.850222682712804,534.1,280.15570670611,40.0496931021532
3364,801.896843664063,0,0,0,-57.079008087818096,462.544168161269,343.119264979395,53.3124186112176
3365,730.212447125244,0,0,0,13.962052867341098,267.05,382.699812375729,66.5005818821746
3366,435.06768429725196,0,0,0,-40.728053778922295,6.54083855424601e-14,396.2,79.5957380761737
3367,216.395380542835,0,0,0,8.16599573393476,-267.05,382.699812375729,92.5795724331717
3368,-67.6128097440897,0,0,0,-53.621832448996294,-462.544168161269,343.119264979395,105.43392588678002
3369,-133.281329350116,0,0,0,2.5221434824107205,-534.1,280.15570670611,118.14082046136299
3370,-158.392508524781,0,0,0,-24.6308247793718,-462.544168161269,198.1,130.68248441586002
3371,-18.6059421485562,0,0,0,2.85857508265386,-267.05,102.544105669619,143.041377099171
3372,-1356.15768394961,1,0,0,-15.2504241149428,-1.3081677108492e-13,4.85205061822181e-14,155.200213482351
3373,373.30996691887606,0,0,0,41.6620842552205,267.05,-102.544105669619,167.141988333274
3374,403.728602254848,0,0,0,-39.5655659064207,462.544168161269,-198.1,178.85
3375,421.183627021415,0,0,0,-23.0685400420108,534.1,-280.15570670611,190.30787376953603
3376,306.27451064291597,0,0,0,-14.6499773083157,462.544168161269,-343.119264979395,201.499584769358
3377,145.266648382985,0,0,0,48.5069803790725,267.05,-382.699812375729,212.409480379642
3378,-174.135059455262,0,0,0,-0.9573615801312091,1.9622515662738002e-13,-396.2,223.02230212486901
3379,-444.437462455967,0,0,0,-28.010857094422803,-267.05,-382.699812375729,233.323207014184
3380,-526.3616913191,0,0,0,36.003953520905206,-462.544168161269,-343.119264979395,243.297788300658
3381,-560.532636058466,0,0,0,0.790975017216111,-534.1,-280.15570670611,252.93209563042802
3382,-425.38629721939697,0,0,0,-26.9547836116569,-462.544168161269,-198.1,262.21265455352903
3383,-90.9755730287576,0,0,0,7.49204727173371,-267.050000000001,-102.544105669619,271.126485369129
3384,230.624974909014,0,0,0,-49.036146369799795,-2.6163354216984097e-13,-9.704101236443629e-14,279.661121278814
3385,631.1113547684471,0,0,0,-26.287376723709503,267.05,102.544105669619,287.804625822537
3386,954.7400526700579,0,0,0,-1.44972506404231,462.544168161269,198.1,295.545609572831
3387,1138.2069418178598,0,0,0,21.077989047790602,534.1,280.15570670611,302.87324606395697
3388,1147.64380268979,0,0,0,32.2030826154298,462.544168161269,343.119264979395,309.777286933694
3389,951.975700352402,0,0,0,-14.0221882799264,267.05,382.699812375729,316.248076256599
3390,665.759034994545,0,0,0,-52.7175290541514,1.27579411563597e-12,396.2,322.276564048695
3391,434.62813929344594,0,0,0,-8.87599200697415,-267.049999999999,382.699812375729,327.85431892469103
3392,194.34441003621498,0,0,0,-19.2042266719439,-462.54416816126803,343.119264979395,332.973539890032
3393,72.03565367773109,0,0,0,-11.6471202796819,-534.1,280.15570670611,337.627067251303
3394,79.89884956360271,0,0,0,2.5346250951687,-462.544168161269,198.1,341.808392629703
3395,150.440018145453,0,0,0,-30.565755587765498,-267.05,102.544105669619,345.5116680636
3396,318.073338467256,0,0,0,-30.6583757201824,-3.92450313254761e-13,1.45561518546654e-13,348.731714187438
3397,494.40130658160103,0,0,0,-21.568615224326702,267.049999999999,-102.54410566961799,351.464027475547
3398,655.590944530615,0,0,0,37.4419898286178,462.54416816126803,-198.1,353.704786540728
3399,630.888637174323,0,0,0,21.493486401619897,534.1,-280.15570670611,355.450857478813
3400,437.411245567827,0,0,0,-38.7134558657549,462.544168161269,-343.119264979395,356.699798251708
3401,260.02818575068903,0,0,0,18.2281360236062,267.050000000002,-382.699812375729,357.44986210280996
3402,22.3405879254185,0,0,0,60.84058792541799,4.57858698797221e-13,-396.2,357.7
3403,-294.985916017107,0,0,0,-2.6859657441890903,-267.049999999999,-382.699812375729,357.44986210280996
3404,-471.193991709041,0,0,0,-22.230356820085696,-462.54416816126803,-343.119264979395,356.699798251708
3405,-489.158490133188,0,0,0,-30.3536409058914,-534.1,-280.15570670611,355.450857478813
3406,-315.895813048437,0,0,0,-8.956431427895051,-462.54416816126997,-198.100000000001,353.704786540728
3407,-12.507157143869,0,0,0,5.6229210502027405,-267.05,-102.544105669619,351.464027475547
3408,370.15606316986396,0,0,0,21.4243489824265,-5.23267084339681e-13,-1.94082024728873e-13,348.731714187438
3409,725.5981126108051,0,0,0,10.4923388775879,267.049999999999,102.54410566961799,345.5116680636
3410,1003.9246993822801,0,0,0,1.47213859130523,462.544168161269,198.1,341.808392629703
3411,1175.79160241172,0,0,0,23.9088284543075,534.1,280.15570670611,337.627067251303
3412,1191.86708841121,0,0,0,53.230115380518,462.544168161269,343.119264979395,332.973539890032
3413,960.9210823386189,0,0,0,-16.6830489618008,267.05,382.699812375729,327.85431892469103
3414,700.666957190479,0,0,0,-17.8096068582166,5.886754698821409e-13,396.2,322.276564048695
3415,369.58993592374003,0,0,0,-62.307952708587294,-267.050000000001,382.699812375729,316.248076256599
3416,242.814198162976,0,0,0,52.4618144111558,-462.54416816126803,343.119264979395,309.777286933694
3417,8.97088542627735,0,0,0,-39.958067343790496,-534.1,280.155706706111,302.87324606395697
3418,13.8401384666345,0,0,0,-17.2613029449283,-462.544168161269,198.1,295.545609572831
3419,128.48186939599702,0,0,0,5.18313790384062,-267.05,102.544105669619,287.804625822537
3420,337.851377350908,0,0,0,58.19025607209561,-2.55158823127195e-12,9.4639511068147e-13,279.661121278814
3421,384.054302962834,0,0,0,-51.5780767366749,267.049999999999,-102.54410566961799,271.126485369129
3422,535.9132129602469,0,0,0,9.2563902454498,462.54416816126803,-198.1,262.21265455352903
3423,541.79404958115,0,0,0,34.917660656832,534.1,-280.15570670611,252.93209563042802
3424,379.85488817620103,0,0,0,17.1321966936675,462.54416816126997,-343.119264979394,243.297788300658
3425,172.507184392201,0,0,0,54.8337897537452,267.05,-382.699812375729,233.323207014184
3426,-151.77931755642402,0,0,0,21.3983803187082,-1.17801213488029e-12,-396.2,223.02230212486901
3427,-505.283302368068,0,0,0,-67.9429703719817,-267.049999999999,-382.699812375729,212.409480379642
3428,-578.949226289906,0,0,0,25.2146220814002,-462.544168161269,-343.119264979395,201.499584769358
3429,-630.189610844048,0,0,0,-6.241777907472839,-534.1,-280.155706706111,190.30787376953603
3430,-451.834216027153,0,0,0,29.959952134116,-462.544168161269,-198.1,178.85
3431,-222.30920883789102,0,0,0,-19.857091501548,-267.049999999999,-102.54410566961799,167.141988333274
3432,178.637695388196,0,0,0,23.4374819058461,-7.84900626509522e-13,-2.9112303709330897e-13,155.200213482351
3433,535.420456239856,0,0,0,22.784973471069197,267.049999999997,102.54410566961799,143.041377099172
3434,749.792242842384,0,0,0,-41.5344097347429,462.54416816126803,198.1,130.682484415859
3435,926.293865168992,0,0,0,-6.102661998481441,534.1,280.15570670611,118.14082046136299
3436,892.5872521473559,0,0,0,-18.510106880088898,462.54416816126997,343.119264979394,105.43392588678101
3437,775.557453247549,0,0,0,33.2280684386482,267.05,382.699812375729,92.5795724331718
3438,467.072082372806,0,0,0,-8.72365570337072,2.74781338789933e-12,396.2,79.5957380761737
3439,233.805062334911,0,0,0,51.654668077006704,-267.049999999999,382.699812375729,66.5005818821745
3440,-47.1683325917109,0,0,0,18.944151978945698,-462.544168161269,343.119264979395,53.3124186112177
3441,-205.0704520473,0,0,0,8.82414814443568,-534.1,280.155706706111,40.0496931021533
3442,-266.01906427199,0,0,0,-28.3058505865847,-462.544168161271,198.100000000001,26.7309544758641
3443,-222.320838636253,0,0,0,-71.18977449851408,-267.049999999999,102.54410566961799,13.3748301926416
3444,-17.3219427070118,0,0,0,-17.3219427070112,-9.15717397594442e-13,3.39643543275527e-13,4.38056160055008e-14
3445,191.03954777255902,0,0,0,39.908483634819206,267.050000000001,-102.544105669619,-13.3748301926417
3446,181.150071591213,0,0,0,-56.56314209419121,462.54416816126803,-198.1,-26.7309544758639
3447,190.041708890365,0,0,0,-23.8528913013724,534.1,-280.155706706109,-40.0496931021532
3448,58.26786489842589,0,0,0,-7.844619672232279,462.54416816126997,-343.119264979394,-53.312418611217495
3449,-161.665258431898,0,0,0,20.4851358260044,267.050000000001,-382.699812375729,-66.5005818821746
3450,-453.685140296428,0,0,0,22.1105977797466,-9.16378592710446e-13,-396.2,-79.59573807617359
3451,-695.981100386256,0,0,0,46.3482844226439,-267.049999999999,-382.699812375729,-92.5795724331717
3452,-940.786731591362,0,0,0,-29.6893725639192,-462.544168161267,-343.119264979395,-105.43392588678002
3453,-956.068785134249,0,0,0,-23.672257966774996,-534.1,-280.155706706111,-118.14082046136299
3454,-837.5127661322391,0,0,0,-46.1861135551108,-462.544168161269,-198.1,-130.68248441586002
3455,-539.8653721445011,0,0,0,-27.2298893757123,-267.049999999999,-102.54410566961799,-143.041377099171
3456,-128.763224297549,0,0,0,26.436989184802698,-1.04653416867936e-12,-3.88164049457745e-13,-155.200213482351
3457,155.572662885598,0,0,0,-46.8794544507424,267.049999999997,102.54410566961799,-167.141988333274
3458,507.456118664981,0,0,0,25.6619505037135,462.54416816126803,198.099999999999,-178.85
3459,639.827532110996,0,0,0,15.8796991744219,534.1,280.15570670611,-190.30787376953603
3460,586.1718392158471,0,0,0,-17.9920091554582,462.54416816126803,343.119264979395,-201.499584769358
3461,438.490969637929,0,0,0,1.1506376418412299,267.050000000001,382.699812375729,-212.409480379641
3462,208.767023824371,0,0,0,35.5893259492373,3.00944693006917e-12,396.2,-223.02230212486901
3463,-85.285157271446,0,0,0,32.3882373670075,-267.049999999999,382.699812375729,-233.323207014184
3464,-340.040145162426,0,0,0,22.6825463201063,-462.544168161269,343.119264979395,-243.297788300658
3465,-508.683718626614,0,0,0,-1.80732970229608,-534.1,280.15570670611,-252.93209563042802
3466,-492.464026221781,0,0,0,34.1927964930164,-462.544168161269,198.1,-262.21265455352903
3467,-425.28935974006004,0,0,0,10.3430199594514,-267.050000000002,102.54410566962,-271.126485369129
3468,-292.108798024986,0,0,0,-12.4476767461714,-1.17735093976428e-12,4.3668455563996295e-13,-279.661121278814
3469,-129.083902765391,0,0,0,-5.785171273233829,267.049999999997,-102.54410566961799,-287.804625822537
3470,-12.5024471442887,0,0,0,18.5989942672737,462.54416816126997,-198.100000000001,-295.545609572831
3471,-46.2511177437667,0,0,0,2.67783502630065,534.1,-280.15570670611,-302.87324606395697
3472,-176.013082950049,0,0,0,14.339300801769099,462.54416816126997,-343.119264979394,-309.777286933694
3473,-429.697559577403,0,0,0,2.2003290549244303,267.050000000001,-382.699812375729,-316.248076256599
3474,-782.588880759966,0,0,0,-64.11231671127341,3.1402637011540897e-12,-396.2,-322.276564048695
3475,-1001.17830834209,0,0,0,-23.5741770416714,-267.050000000002,-382.699812375729,-327.85431892469103
3476,-1148.85875547103,0,0,0,-10.221782440331198,-462.544168161269,-343.119264979395,-332.973539890032
3477,-1164.39399870787,0,0,0,-12.5112247504533,-534.1,-280.155706706111,-337.627067251303
3478,-952.5505375061549,0,0,0,49.902023284817105,-462.544168161269,-198.1,-341.808392629702
3479,-712.246672466814,0,0,0,2.85910126640774,-267.050000000003,-102.54410566962,-345.5116680636
3480,-260.001306628402,0,0,0,88.7304075590436,-5.1031764625439e-12,-1.89279022136294e-12,-348.731714187438
3481,6.27867963813516,0,0,0,-11.851398555936699,267.05,102.544105669619,-351.464027475547
3482,300.57582927454,0,0,0,-6.36355234599871,462.54416816126803,198.099999999999,-353.704786540728
3483,479.11605507843495,0,0,0,20.3112058511393,534.1,280.155706706109,-355.450857478813
3484,355.77808582546305,0,0,0,-93.1855490634927,462.54416816126997,343.119264979394,-356.699798251708
3485,257.63756412306196,0,0,0,-34.662386149857,267.050000000001,382.699812375729,-357.44986210280996
3486,68.9549411460893,0,0,0,30.4549411460898,-5.23928279455685e-13,396.2,-357.7
3487,-269.739653018051,0,0,0,-27.939603290967604,-267.050000000002,382.699812375729,-357.44986210280996
3488,-447.87258687870496,0,0,0,28.252114554874,-462.544168161267,343.119264979395,-356.699798251708
3489,-644.893301586627,0,0,0,-35.4981508139247,-534.1,280.155706706111,-355.450857478813
3490,-576.425686056968,0,0,0,41.7232686450298,-462.544168161269,198.1,-353.704786540729
3491,-547.959047372277,0,0,0,-31.9891255663489,-267.049999999999,102.54410566961799,-351.464027475547
3492,-352.18111019036303,0,0,0,-3.44939600292589,2.35602426976057e-12,-8.73859591536359e-13,-348.731714187438
3493,-146.015938368961,0,0,0,34.9898353642592,267.049999999997,-102.54410566961701,-345.5116680636
3494,-55.738638255128095,0,0,0,21.625586213306104,462.54416816126803,-198.099999999999,-341.808392629703
3495,-69.55217558807779,0,0,0,14.1305983693354,534.1,-280.15570670611,-337.627067251303
3496,-219.21011581985198,0,0,0,-5.661479111693571,462.54416816126803,-343.119264979395,-332.973539890032
3497,-483.355116619031,0,0,0,-39.8509853186093,267.049999999998,-382.699812375729,-327.85431892469103
3498,-634.543477423658,0,0,0,83.9330866250341,3.40189724332393e-12,-396.2,-322.276564048695
3499,-970.576109485741,0,0,0,-4.578220853414019,-267.049999999998,-382.699812375729,-316.248076256599
3500,-1129.70702347497,0,0,0,-14.266303400616698,-462.544168161269,-343.119264979395,-309.777286933694
3501,-1122.4411901133699,0,0,0,-5.31223734330213,-534.1,-280.15570670611197,-302.87324606395697
3502,-978.6094594809531,0,0,0,-22.419681746855503,-462.544168161267,-198.099999999999,-295.545609572831
3503,-658.69022872355,0,0,0,-1.29149723138998,-267.050000000003,-102.54410566962,-287.804625822537
3504,-257.22881126720796,0,0,0,22.4323100116086,-1.5698012530190402e-12,-5.822460741866179e-13,-279.661121278814
3505,101.157477234832,0,0,0,2.68985693434206,267.05,102.544105669619,-271.126485369129
3506,359.47729429991796,0,0,0,-38.9542193078164,462.54416816126604,198.099999999998,-262.21265455352903
3507,535.122212256967,0,0,0,-26.201398818716196,534.1,280.155706706111,-252.93209563042802
3508,560.039950385066,0,0,0,-2.3256944549408702,462.54416816126997,343.119264979394,-243.297788300658
3509,386.647876038595,0,0,0,-29.7787293229509,267.050000000001,382.699812375729,-233.323207014184
3510,140.316320384828,0,0,0,-32.8613774903026,-2.6229473728584397e-13,396.2,-223.02230212486901
3511,-142.113277261071,0,0,0,-45.353609257163804,-267.049999999995,382.699812375729,-212.409480379642
3512,-297.570837620835,0,0,0,23.353650330394,-462.544168161267,343.119264979395,-201.499584769358
3513,-442.613996848311,0,0,0,1.63817021511418,-534.1,280.155706706111,-190.30787376953603
3514,-445.036701151222,0,0,0,-1.74253298995274,-462.544168161269,198.1,-178.85
3515,-349.031163417165,0,0,0,-17.3832807535098,-267.05,102.544105669619,-167.141988333274
3516,-179.39106877890399,0,0,0,-24.19085529655,-5.49562677579866e-12,2.03835173990959e-12,-155.200213482351
3517,50.1566892799077,0,0,0,28.6921720486999,267.049999999997,-102.54410566961701,-143.041377099172
3518,157.619253854368,0,0,0,23.857570108959,462.544168161267,-198.099999999999,-130.682484415859
3519,133.557823891016,0,0,0,-2.24564894151093,534.1,-280.15570670611,-118.14082046136299
3520,4.26058671606202,0,0,0,-9.730390579030859,462.54416816126803,-343.119264979395,-105.43392588678101
3521,-160.90274949015,0,0,0,47.3266353187451,267.050000000005,-382.699812375728,-92.5795724331717
3522,-477.320550513061,0,0,0,-1.5248124368903702,3.66353078549377e-12,-396.2,-79.5957380761738
3523,-749.206067550672,0,0,0,-32.9556732927703,-267.049999999998,-382.699812375729,-66.5005818821747
3524,-922.816872334292,0,0,0,-63.8410205824129,-462.544168161265,-343.119264979396,-53.3124186112179
3525,-837.631086234906,0,0,0,16.674313573359097,-534.1,-280.15570670611197,-40.049693102153604
3526,-651.256472392144,0,0,0,36.1186502449861,-462.544168161267,-198.099999999999,-26.7309544758638
3527,-362.29980511839204,0,0,0,20.6691307438636,-267.049999999996,-102.54410566961701,-13.3748301926417
3528,-19.1786614637902,0,0,0,-19.178661463787602,-1.8314347951888796e-12,-6.79287086551054e-13,-8.76112320110017e-14
3529,364.69124126621,0,0,0,-18.2776945960503,267.05,102.544105669619,13.374830192641802
3530,672.70182482598,0,0,0,-14.673297811153901,462.544168161269,198.1,26.730954475864
3531,821.8251760721009,0,0,0,-32.4802237361611,534.1,280.155706706109,40.0496931021531
3532,831.7068444432539,0,0,0,-27.2690073086272,462.54416816126997,343.119264979394,53.312418611217396
3533,697.0578086894859,0,0,0,-19.192585568418,267.050000000001,382.699812375729,66.5005818821743
3534,474.73319920548204,0,0,0,-1.0625388706991898,7.589356308273389e-12,396.2,79.59573807617359
3535,206.45494357529597,0,0,0,-1.7744412336097601,-267.049999999995,382.699812375729,92.5795724331715
3536,13.306453490318301,0,0,0,27.297430785409198,-462.54416816126604,343.119264979395,105.43392588678002
3537,-148.557103066736,0,0,0,-12.7536302342089,-534.1,280.155706706109,118.140820461364
3538,-147.636830963546,0,0,0,-13.875147218137,-462.544168161269,198.1,130.68248441586002
3539,-62.4858659433671,0,0,0,-41.0213487121573,-267.05,102.544105669619,143.041377099171
3540,89.3721986551354,0,0,0,-65.82801482721621,1.83275718542089e-12,-6.797775668074871e-13,155.20021348235
3541,306.62788997825,0,0,0,-25.019992685403103,267.049999999996,-102.54410566961701,167.141988333274
3542,435.61152560282005,0,0,0,-7.68264255844839,462.544168161267,-198.099999999999,178.85
3543,468.405585389787,0,0,0,24.1534183263614,534.1,-280.15570670611,190.30787376953603
3544,311.146080683413,0,0,0,-9.778407267823471,462.54416816127195,-343.119264979393,201.499584769357
3545,66.8215924480394,0,0,0,-29.9380755558783,267.050000000005,-382.699812375728,212.409480379641
3546,-148.65779655210198,0,0,0,24.519901323025397,3.9251643276636095e-12,-396.2,223.02230212486901
3547,-406.966751720187,0,0,0,9.45985364136151,-267.050000000005,-382.699812375728,233.323207014184
3548,-517.452716937745,0,0,0,44.912927902260506,-462.54416816126803,-343.119264979395,243.297788300658
3549,-530.026209062489,0,0,0,31.2974020131928,-534.1,-280.15570670611,252.93209563042802
3550,-398.00672847117204,0,0,0,0.42478513656584493,-462.544168161267,-198.099999999999,262.21265455352903
3551,-96.30273401379159,0,0,0,2.1648862867030902,-267.050000000003,-102.54410566962,271.126485369129
3552,244.280288709423,0,0,0,-35.380832569388794,-2.09306833735872e-12,-7.7632809891549e-13,279.661121278814
3553,653.133599312349,0,0,0,-4.26513217980637,267.05,102.544105669619,287.804625822537
3554,900.178046260417,0,0,0,-56.0117314736775,462.544168161265,198.099999999998,295.545609572831
3555,1094.23105636459,0,0,0,-22.8978964054797,534.1,280.155706706109,302.87324606395697
3556,1118.70042714298,0,0,0,3.2597070686183103,462.54416816126997,343.119264979394,309.777286933694
3557,942.192282610582,0,0,0,-23.805606021752897,267.050000000008,382.699812375728,316.248076256599
3558,802.0849403552111,0,0,0,83.60837630651541,2.60972347053837e-13,396.2,322.276564048695
3559,443.869319704888,0,0,0,0.365188404469645,-267.050000000001,382.699812375729,327.85431892469103
3560,206.735902080942,0,0,0,-6.81273462721403,-462.54416816126997,343.119264979394,332.973539890032
3561,43.727419853101594,0,0,0,-39.9553541043124,-534.1,280.155706706111,337.627067251303
3562,94.6117911602788,0,0,0,17.2475666918453,-462.54416816126997,198.100000000001,341.808392629702
3563,212.877433249672,0,0,0,31.8716595164532,-267.05,102.544105669619,345.5116680636
3564,373.43296912546,0,0,0,24.701254938025198,-6.01889386013834e-12,2.23243376463847e-12,348.731714187438
3565,547.200453468066,0,0,0,31.230531662140304,267.049999999996,-102.54410566961701,351.464027475547
3566,640.402534683661,0,0,0,22.2535799816645,462.544168161267,-198.099999999999,353.704786540728
3567,598.732162664555,0,0,0,-10.6629881081504,534.1,-280.155706706108,355.450857478813
3568,504.85990763755206,0,0,0,28.7352062039703,462.544168161269,-343.119264979395,356.699798251708
3569,281.24202104312303,0,0,0,39.44197131604329,267.049999999998,-382.699812375729,357.44986210280996
3570,-71.5754883832798,0,0,0,-33.0754883832764,-3.4032196335559397e-12,-396.2,357.7
3571,-259.99732875448797,0,0,0,32.3026215184282,-267.049999999998,-382.699812375729,357.44986210280996
3572,-478.101229034226,0,0,0,-29.1375941452713,-462.54416816126803,-343.119264979395,356.699798251708
3573,-448.65912965044004,0,0,0,10.1457195768576,-534.1,-280.15570670611,355.450857478813
3574,-289.657658707542,0,0,0,17.2817229130032,-462.544168161271,-198.10000000000198,353.704786540728
3575,-60.0553669119174,0,0,0,-41.925288717841,-267.050000000003,-102.54410566962,351.464027475547
3576,390.226755337702,0,0,0,41.49504115026671,-2.35470187952856e-12,-8.73369111279927e-13,348.731714187438
3577,696.648316303749,0,0,0,-18.457457429458998,267.04999999999296,102.54410566961599,345.5116680636
3578,999.9675214629871,0,0,0,-2.4850393279786096,462.544168161265,198.099999999998,341.808392629703
3579,1188.54865379057,0,0,0,36.6658798331565,534.1,280.155706706111,337.627067251303
3580,1112.54881164007,0,0,0,-26.088161390619103,462.544168161267,343.119264979395,332.973539890032
3581,931.066430364182,0,0,0,-46.5377009362387,267.050000000002,382.699812375729,327.85431892469103
3582,724.114125467967,0,0,0,5.63756141927086,5.22605889223677e-13,396.2,322.276564048695
3583,507.769313417371,0,0,0,75.87142478504379,-267.050000000001,382.699812375729,316.248076256599
3584,156.49280033931402,0,0,0,-33.8595834125096,-462.54416816126604,343.119264979396,309.777286933694
3585,33.6026029532553,0,0,0,-15.326349816813199,-534.1,280.155706706111,302.87324606395697
3586,37.769044646779,0,0,0,6.66760323521668,-462.54416816126997,198.100000000001,295.545609572831
3587,141.82710685099198,0,0,0,18.528375358839604,-267.050000000007,102.544105669622,287.804625822537
3588,301.021074891985,0,0,0,21.359953613174802,-6.2805274023081795e-12,2.3294747770029e-12,279.661121278814
3589,471.738770992097,0,0,0,36.106391292589,267.049999999996,-102.54410566961701,271.126485369129
3590,560.177041094876,0,0,0,33.5202183800779,462.544168161271,-198.100000000001,262.21265455352903
3591,499.87167726565104,0,0,0,-7.004711658667519,534.1,-280.15570670611,252.93209563042802
3592,389.277455280537,0,0,0,26.554763798005,462.544168161269,-343.119264979395,243.297788300658
3593,147.629107256651,0,0,0,29.955712618197303,267.049999999999,-382.699812375729,233.323207014184
3594,-117.77751253309201,0,0,0,55.4001853420349,4.44843141200329e-12,-396.2,223.02230212486901
3595,-461.529518394543,0,0,0,-24.1891863984585,-267.049999999998,-382.699812375729,212.409480379642
3596,-636.744814878351,0,0,0,-32.5809665070462,-462.54416816126803,-343.119264979395,201.499584769358
3597,-601.028935387959,0,0,0,22.9188975486165,-534.1,-280.15570670611197,190.30787376953603
3598,-516.465586047558,0,0,0,-34.6714178862848,-462.54416816127195,-198.10000000000198,178.850000000001
3599,-216.92580416483102,0,0,0,-14.4736868284813,-267.050000000004,-102.54410566962,167.141988333274
3600,165.204804978696,0,0,0,10.004591496359499,-1.02063529250878e-11,-3.78558044272588e-12,155.200213482351
3601,533.129514567738,0,0,0,20.494031798949102,267.049999999999,102.54410566961799,143.041377099172
3602,780.08344428745,0,0,0,-11.2432082896788,462.544168161269,198.1,130.682484415859
3603,931.878001691921,0,0,0,-0.5185254755526539,534.1,280.155706706111,118.14082046136299
3604,919.7763599291991,0,0,0,8.67900090175428,462.544168161271,343.119264979394,105.43392588678002
3605,771.253073030027,0,0,0,28.923688221124397,267.050000000002,382.699812375729,92.5795724331717
3606,495.64429861322304,0,0,0,19.848560537040502,8.37425693478291e-12,396.2,79.5957380761738
3607,156.903842842172,0,0,0,-25.246551415730902,-267.050000000001,382.699812375729,66.5005818821748
3608,-60.704671879686096,0,0,0,5.407812690966411,-462.54416816126604,343.119264979396,53.3124186112179
3609,-258.781466458995,0,0,0,-44.886866267261404,-534.1,280.155706706113,40.049693102153704
3610,-221.149316919579,0,0,0,16.563896765826097,-462.54416816126997,198.100000000001,26.7309544758645
3611,-165.603136591684,0,0,0,-14.4720724539477,-267.049999999994,102.54410566961599,13.3748301926417
3612,-0.839451999962371,0,0,0,-0.8394519999631609,1.04785655891137e-12,-3.88654529714178e-13,1.3141684801650198e-13
3613,144.607494983414,0,0,0,-6.52356915432339,267.049999999996,-102.54410566961701,-13.3748301926414
3614,181.519868628923,0,0,0,-56.19334505648229,462.544168161271,-198.100000000001,-26.7309544758636
3615,239.05386454773898,0,0,0,25.159264356001803,534.1,-280.15570670611,-40.0496931021534
3616,6.69006731527418,0,0,0,-59.4224172553876,462.544168161273,-343.119264979393,-53.3124186112177
3617,-175.39520244132802,0,0,0,6.75519181657626,267.049999999999,-382.699812375729,-66.5005818821745
3618,-484.29714671677596,0,0,0,-8.50140864060744,4.71006495417313e-12,-396.2,-79.59573807617349
3619,-761.72341053254,0,0,0,-19.3940257236482,-267.049999999991,-382.69981237573,-92.5795724331714
3620,-962.746007480962,0,0,0,-51.6486484535187,-462.54416816126803,-343.119264979395,-105.43392588678002
3621,-961.9964110219099,0,0,0,-29.5998838544355,-534.1,-280.15570670611197,-118.14082046136299
3622,-809.5148579797341,0,0,0,-18.1882054026072,-462.54416816126803,-198.1,-130.68248441586002
3623,-481.98610377812895,0,0,0,30.649378990667,-267.050000000004,-102.54410566962,-143.041377099171
3624,-143.559423366105,0,0,0,11.6407901162388,4.71204853952114e-12,1.7477191830727198e-12,-155.20021348235
3625,199.959944419421,0,0,0,-2.49217291692225,267.049999999999,102.54410566961799,-167.141988333274
3626,534.5857150167241,0,0,0,52.7915468554609,462.544168161265,198.099999999998,-178.85
3627,656.1481385560639,0,0,0,32.200305619489,534.1,280.155706706111,-190.30787376953603
3628,624.6589708632209,0,0,0,20.4951224919145,462.544168161271,343.119264979394,-201.499584769358
3629,434.337161254827,0,0,0,-3.00317074126829,267.050000000009,382.699812375728,-212.409480379642
3630,159.467599255243,0,0,0,-13.710098619889,1.0458729735633601e-12,396.2,-223.02230212486901
3631,-163.364537980631,0,0,0,-45.69114334218289,-267.049999999994,382.69981237573,-233.323207014184
3632,-336.17222132388696,0,0,0,26.550470158647,-462.54416816126997,343.119264979394,-243.297788300658
3633,-482.011404042782,0,0,0,24.8649848815351,-534.1,280.155706706111,-252.93209563042802
3634,-577.559572949968,0,0,0,-50.9027502351717,-462.54416816126604,198.099999999998,-262.21265455352903
3635,-440.71080436022993,0,0,0,-5.07842466071963,-267.050000000001,102.544105669619,-271.126485369129
3636,-282.597518006471,0,0,0,-2.9363967276526703,-6.80379448664786e-12,2.5235568017317797e-12,-279.661121278814
3637,-102.320791868965,0,0,0,20.97793962319,267.050000000002,-102.54410566962,-287.804625822537
3638,-33.9647406368177,0,0,0,-2.8632992252546,462.544168161267,-198.099999999999,-295.545609572831
3639,-41.9406915385245,0,0,0,6.98826123154015,534.1,-280.155706706108,-302.87324606395697
3640,-208.606053597584,0,0,0,-18.253669845765,462.544168161269,-343.119264979395,-309.777286933693
3641,-413.249899017409,0,0,0,18.6479896149126,267.050000000006,-382.699812375728,-316.248076256599
3642,-718.145504823136,0,0,0,0.33105922554659,1.25617159997324e-11,-396.2,-322.276564048695
3643,-968.4460062378951,0,0,0,9.15812506252167,-267.049999999997,-382.699812375729,-327.85431892469103
3644,-1138.32117819904,0,0,0,0.315794831661331,-462.54416816127195,-343.119264979394,-332.973539890032
3645,-1130.40202497425,0,0,0,21.480748983159103,-534.1,-280.15570670611,-337.627067251303
3646,-965.255509559633,0,0,0,37.1970512313435,-462.54416816127195,-198.10000000000198,-341.808392629703
3647,-672.9090846120839,0,0,0,42.1966891211306,-267.049999999998,-102.54410566961799,-345.5116680636
3648,-322.518647071129,0,0,0,26.2130671163134,-3.13960250603809e-12,-1.16449214837324e-12,-348.731714187438
3649,15.1003629573712,0,0,0,-3.0297152366891096,267.049999999992,102.544105669615,-351.464027475547
3650,306.272807374161,0,0,0,-0.666574246378984,462.544168161269,198.1,-353.704786540728
3651,463.493441825239,0,0,0,4.688592597943219,534.1,280.155706706109,-355.450857478813
3652,416.813136298282,0,0,0,-32.1504985906772,462.544168161275,343.119264979392,-356.699798251708
3653,307.035298676926,0,0,0,14.7353484040053,267.050000000003,382.699812375729,-357.44986210280996
3654,90.55765747296499,0,0,0,52.05765747297129,-6.28251098765619e-12,396.2,-357.7
3655,-263.060291813163,0,0,0,-21.2602420860817,-267.05,382.699812375729,-357.44986210280996
3656,-441.65222657657006,0,0,0,34.4724748570082,-462.54416816126604,343.119264979396,-356.699798251708
3657,-603.105362372713,0,0,0,6.289788399990321,-534.1,280.155706706109,-355.450857478813
3658,-576.6736253095211,0,0,0,41.4753293924767,-462.54416816126997,198.100000000001,-353.704786540728
3659,-531.214897631874,0,0,0,-15.2449758259411,-267.050000000007,102.544105669622,-351.464027475547
3660,-328.588167468775,0,0,0,20.1435467186631,5.245894745716879e-13,-1.94572504985305e-13,-348.731714187438
3661,-201.76514343681598,0,0,0,-20.7593697035945,267.049999999995,-102.54410566961701,-345.5116680636
3662,-41.2428427274912,0,0,0,36.1213817409448,462.544168161263,-198.099999999996,-341.808392629703
3663,-85.1620247487468,0,0,0,-1.47925079133401,534.1,-280.15570670611,-337.627067251303
3664,-240.420691487702,0,0,0,-26.8720547795498,462.544168161273,-343.119264979393,-332.973539890032
3665,-466.778014907378,0,0,0,-23.273883606957803,267.049999999999,-382.699812375729,-327.85431892469103
3666,-781.982551072969,0,0,0,-63.5059870242783,5.233332038512809e-12,-396.2,-322.276564048695
3667,-944.643322612976,0,0,0,21.354566019354998,-267.050000000003,-382.699812375729,-316.248076256599
3668,-1104.24228159934,0,0,0,11.1984384750201,-462.54416816126803,-343.119264979395,-309.777286933694
3669,-1104.15522516936,0,0,0,12.973727600710301,-534.1,-280.15570670611197,-302.87324606395697
3670,-919.418278059646,0,0,0,36.7714996744536,-462.54416816126803,-198.1,-295.545609572831
3671,-646.758590627161,0,0,0,10.6401408650017,-267.050000000004,-102.54410566962099,-287.804625822537
3672,-308.68502872498,0,0,0,-29.023907446150197,-1.09912535515973e-11,-4.0767034798191896e-12,-279.661121278814
3673,127.871768874517,0,0,0,29.4041485740295,267.049999999998,102.54410566961799,-271.126485369129
3674,430.19935756041605,0,0,0,31.7678439526832,462.544168161265,198.09999999999698,-262.21265455352903
3675,486.381768506251,0,0,0,-74.94184256943159,534.1,280.15570670611,-252.93209563042802
3676,562.334602033963,0,0,0,-0.0310428060437648,462.544168161271,343.119264979394,-243.297788300658
3677,421.433178455804,0,0,0,5.006573094262429,267.049999999996,382.699812375729,-233.323207014184
3678,147.653493053689,0,0,0,-25.524204821443,1.56914005790304e-12,396.2,-223.02230212486901
3679,-111.756837684513,0,0,0,-14.997169680607,-267.04999999999296,382.69981237573,-212.409480379642
3680,-354.448703305995,0,0,0,-33.5242153547615,-462.54416816126997,343.119264979394,-201.499584769358
3681,-437.185699826055,0,0,0,7.06646723736995,-534.1,280.155706706111,-190.30787376953603
3682,-353.52864241915705,0,0,0,89.7655257421136,-462.54416816127406,198.100000000003,-178.85
3683,-312.452891890583,0,0,0,19.1949907730731,-267.050000000001,102.544105669619,-167.141988333274
3684,-173.79588955958198,0,0,0,-18.595676077226898,-7.32706157098754e-12,2.7176388264606498e-12,-155.200213482351
3685,24.0213664195358,0,0,0,2.5568491883328903,267.04999999998796,-102.54410566961398,-143.041377099172
3686,102.75646866263399,0,0,0,-31.005215082774402,462.544168161267,-198.099999999999,-130.68248441586002
3687,95.1334612451473,0,0,0,-40.6700115873781,534.1,-280.155706706111,-118.14082046136299
3688,26.597974510339103,0,0,0,12.606997215235,462.544168161277,-343.119264979392,-105.43392588678101
3689,-255.208596017905,0,0,0,-46.9792112090109,267.050000000006,-382.699812375728,-92.5795724331718
3690,-506.950709208501,0,0,0,-31.154971132339696,1.3084983084072e-11,-396.2,-79.5957380761745
3691,-668.237481844692,0,0,0,48.012912413209,-267.049999999997,-382.699812375729,-66.5005818821748
3692,-871.579492755685,0,0,0,-12.6036410038024,-462.544168161271,-343.119264979394,-53.312418611217396
3693,-870.815701466593,0,0,0,-16.510301658329197,-534.1,-280.15570670611,-40.049693102153704
3694,-710.1653577752701,0,0,0,-22.7902351381447,-462.544168161265,-198.09999999999698,-26.7309544758639
3695,-369.39967453408997,0,0,0,13.5692613281861,-267.050000000011,-102.544105669623,-13.3748301926417
3696,6.331402551062469,0,0,0,6.33140255106766,-3.66286959037777e-12,-1.35857417310211e-12,-1.7522246402200303e-13
3697,379.13698945270795,0,0,0,-3.83194640954046,267.049999999992,102.544105669615,13.3748301926414
3698,631.743867535747,0,0,0,-55.631255101385705,462.54416816126803,198.1,26.730954475864202
3699,824.080435717987,0,0,0,-30.224964090274,534.1,280.155706706108,40.0496931021527
3700,779.37448762035,0,0,0,-79.60136413153029,462.544168161267,343.119264979395,53.3124186112176
3701,737.520868248863,0,0,0,21.2704739909459,267.050000000016,382.699812375727,66.5005818821739
3702,520.8338206483351,0,0,0,45.0380825721517,9.420791103462269e-12,396.2,79.59573807617349
3703,204.290729198126,0,0,0,-3.93865561077564,-267.05,382.699812375729,92.579572433172
3704,-18.169064735302697,0,0,0,-4.178087440213,-462.54416816126604,343.119264979396,105.43392588678002
3705,-121.19373943821199,0,0,0,14.609733394315601,-534.1,280.155706706109,118.14082046136299
3706,-142.161686516708,0,0,0,-8.40000277129796,-462.54416816126997,198.100000000001,130.682484415859
3707,-18.6243387253542,0,0,0,2.84017850585272,-267.049999999995,102.54410566961701,143.041377099171
3708,64.0695609492665,0,0,0,-91.1306525330744,-1.51787126165468e-11,5.629850157906599e-12,155.20021348235
3709,367.256337960512,0,0,0,35.6084552968601,267.049999999995,-102.54410566961701,167.141988333274
3710,450.626988600866,0,0,0,7.33282043959982,462.544168161263,-198.099999999996,178.85
3711,449.489037315571,0,0,0,5.236870252144469,534.1,-280.155706706109,190.30787376953603
3712,365.04673209708295,0,0,0,44.122244145846096,462.544168161273,-343.119264979393,201.499584769357
3713,75.1143243458168,0,0,0,-21.6453436580956,267.05,-382.699812375729,212.409480379642
3714,-175.250751437543,0,0,0,-2.07305356240246,-9.423435883926289e-12,-396.2,223.02230212486901
3715,-432.486843858415,0,0,0,-16.0602384968788,-267.04999999999,-382.69981237573,233.323207014184
3716,-599.497557705874,0,0,0,-37.1319128658698,-462.544168161267,-343.119264979395,243.297788300658
3717,-576.90869838847,0,0,0,-15.585087312785099,-534.1,-280.15570670611197,252.93209563042802
3718,-433.31639507199304,0,0,0,-34.8848814642535,-462.54416816126803,-198.1,262.21265455352903
3719,-118.99574076140301,0,0,0,-20.5281204609052,-267.050000000005,-102.54410566962099,271.126485369128
3720,315.94089945124,0,0,0,36.2797781724204,3.66551437084178e-12,1.3595551336149699e-12,279.661121278814
3721,705.447118566174,0,0,0,48.048387074039496,267.049999999985,102.54410566961201,287.804625822537
3722,943.503107176233,0,0,0,-12.6866705578598,462.544168161265,198.09999999999698,295.545609572831
3723,1133.97070985182,0,0,0,16.8417570817519,534.1,280.15570670611,302.87324606395697
3724,1090.4024421255301,0,0,0,-25.0382779488295,462.544168161271,343.119264979394,309.777286933694
3725,1016.16553273536,0,0,0,50.167644103034604,267.049999999997,382.699812375729,316.248076256599
3726,726.0788677308819,0,0,0,7.60230368218472,2.0924071422427203e-12,396.2,322.276564048695
3727,410.094664312779,0,0,0,-33.4094669876335,-267.050000000006,382.699812375728,327.85431892469103
3728,238.54976640329,0,0,0,25.001129695122398,-462.54416816126195,343.11926497939703,332.973539890032
3729,98.73461667059651,0,0,0,15.051842713181902,-534.1,280.155706706111,337.627067251303
3730,79.172149546781,0,0,0,1.8079250783491998,-462.54416816127406,198.100000000004,341.808392629702
3731,164.382827403179,0,0,0,-16.6229463300385,-267.050000000002,102.544105669619,345.5116680636
3732,342.32664760762697,0,0,0,-6.40506657980622,-7.850328655327219e-12,2.91172085118952e-12,348.731714187438
3733,493.12659815711703,0,0,0,-22.843323648812103,267.050000000001,-102.544105669619,351.464027475547
3734,616.533945819165,0,0,0,-1.61500888283463,462.54416816127406,-198.100000000003,353.704786540729
3735,585.234554472673,0,0,0,-24.160596300033003,534.1,-280.15570670610697,355.450857478813
3736,456.33857271768,0,0,0,-19.7861287159031,462.54416816126997,-343.119264979394,356.699798251708
3737,309.748050185449,0,0,0,67.9480004583608,267.050000000007,-382.699812375728,357.44986210280996
3738,-46.139973149007595,0,0,0,-7.63997314900599,-1.57178483836705e-12,-396.2,357.7
3739,-193.487223270846,0,0,0,98.8127270020694,-267.049999999996,-382.699812375729,357.44986210280996
3740,-453.621949162824,0,0,0,-4.65831427386753,-462.544168161271,-343.119264979394,356.699798251708
3741,-437.434495131823,0,0,0,21.3703540954781,-534.1,-280.155706706114,355.450857478813
3742,-330.08954805151296,0,0,0,-23.150166430966898,-462.54416816127195,-198.10000000000198,353.704786540728
3743,-8.986817155792961,0,0,0,9.14326103829471,-267.050000000012,-102.544105669624,351.464027475547
3744,354.405483929441,0,0,0,5.673769742008259,-4.18613667471745e-12,-1.55265619783098e-12,348.731714187438
3745,738.3091667515739,0,0,0,23.2033930183494,267.050000000004,102.54410566962099,345.5116680636
3746,1036.88967950963,0,0,0,34.437118718659804,462.54416816126803,198.1,341.808392629703
3747,1187.78516466805,0,0,0,35.902390710636894,534.1,280.15570670611197,337.627067251303
3748,1128.87452611978,0,0,0,-9.76244691092325,462.544168161275,343.119264979392,332.973539890032
3749,913.693192033724,0,0,0,-63.9109392666991,267.050000000003,382.699812375729,327.85431892469103
3750,708.128586010047,0,0,0,-10.347978038658802,9.944058187801949e-12,396.2,322.276564048695
3751,465.138891849055,0,0,0,33.241003216726305,-267.049999999999,382.699812375729,316.248076256599
3752,185.34891845549802,0,0,0,-5.00346529632629,-462.544168161265,343.119264979396,309.777286933694
3753,81.1717110843614,0,0,0,32.2427583142946,-534.1,280.15570670611,302.87324606395697
3754,49.5346391512329,0,0,0,18.4331977396732,-462.544168161278,198.100000000006,295.545609572832
3755,110.979665129293,0,0,0,-12.3190663628582,-267.050000000008,102.544105669622,287.804625822537
3756,319.93595510408403,0,0,0,40.2748338252706,-5.21944694107674e-13,1.9359154447244e-13,279.661121278814
3757,482.90160080948095,0,0,0,47.269221109974495,267.049999999994,-102.54410566961599,271.126485369129
3758,529.008673822505,0,0,0,2.3518511077066497,462.54416816126997,-198.100000000001,262.21265455352903
3759,547.898085662546,0,0,0,41.021696738227,534.1,-280.155706706109,252.93209563042802
3760,348.49357647837996,0,0,0,-14.2291150041483,462.54416816126604,-343.119264979396,243.297788300658
3761,100.670600979258,0,0,0,-17.0027936592127,267.05000000001303,-382.699812375727,233.323207014185
3762,-146.013038306527,0,0,0,27.164659568597198,6.27986620719218e-12,-396.2,223.02230212486901
3763,-418.75163153554803,0,0,0,18.588700460530102,-267.04999999998904,-382.69981237573,212.409480379642
3764,-648.923444916368,0,0,0,-44.75959654506389,-462.544168161267,-343.119264979395,201.499584769358
3765,-651.69330898465,0,0,0,-27.745476048073396,-534.1,-280.155706706113,190.30787376953603
3766,-468.672506804305,0,0,0,13.121661356963301,-462.544168161269,-198.1,178.85
3767,-215.539905182979,0,0,0,-13.0877878466461,-267.049999999992,-102.544105669615,167.141988333274
3768,110.408313675254,0,0,0,-44.7918998070802,-1.20377877202767e-11,-4.46486752927693e-12,155.200213482351
3769,522.663015674491,0,0,0,10.0275329057047,267.049999999998,102.54410566961799,143.041377099171
3770,803.536409636259,0,0,0,12.209757059137301,462.54416816126405,198.09999999999698,130.68248441586002
3771,900.708132656835,0,0,0,-31.6883945106389,534.1,280.15570670611,118.14082046136299
3772,900.617700815925,0,0,0,-10.4796582115213,462.54416816127195,343.119264979394,105.43392588678101
3773,741.4912619087011,0,0,0,-0.83812290019666,267.049999999997,382.699812375729,92.5795724331718
3774,494.18949175137,0,0,0,18.3937536751781,1.77957092333612e-11,396.2,79.5957380761745
3775,210.840808527799,0,0,0,28.6904142698867,-267.04999999999296,382.69981237573,66.5005818821749
3776,-42.4752530796614,0,0,0,23.637231490995603,-462.544168161269,343.119264979395,53.312418611217396
3777,-182.73353562185002,0,0,0,31.1610645698847,-534.1,280.15570670611197,40.049693102153796
3778,-291.48496670123404,0,0,0,-53.77175301583,-462.544168161267,198.099999999999,26.730954475864
3779,-186.541215202439,0,0,0,-35.4101510646987,-267.050000000002,102.54410566962,13.374830192641802
3780,23.5721377202735,0,0,0,23.572137720268998,6.8064392671118795e-12,-2.5245377622446403e-12,2.1902808002750398e-13
3781,148.520835615442,0,0,0,-2.61022852229046,267.04999999998796,-102.54410566961398,-13.3748301926414
3782,196.174296831982,0,0,0,-41.538916853421796,462.54416816126604,-198.099999999998,-26.730954475864202
3783,257.39784543503,0,0,0,43.50324524328939,534.1,-280.15570670610697,-40.0496931021527
3784,73.93330911548541,0,0,0,7.820824544827531,462.54416816126997,-343.119264979394,-53.3124186112176
3785,-185.20863981667,0,0,0,-3.0582455587745603,267.050000000007,-382.699812375728,-66.50058188217379
3786,-474.65786287464005,0,0,0,1.1378752015346498,-1.0485177540273701e-12,-396.2,-79.59573807617349
3787,-734.1033672586669,0,0,0,8.22601755024129,-267.050000000009,-382.699812375728,-92.579572433172
3788,-957.278659817564,0,0,0,-46.1813007901238,-462.544168161263,-343.11926497939703,-105.43392588678101
3789,-945.7824820972149,0,0,0,-13.3859549297406,-534.1,-280.155706706111,-118.14082046136299
3790,-794.836206701066,0,0,0,-3.50955412393123,-462.544168161273,-198.100000000003,-130.68248441586002
3791,-526.177766015733,0,0,0,-13.5422832469445,-267.049999999999,-102.54410566961799,-143.041377099171
3792,-146.292056104283,0,0,0,8.908157378074211,-4.70940375905713e-12,-1.74673822255985e-12,-155.20021348235
3793,209.773599196567,0,0,0,7.321481860217039,267.050000000004,102.54410566962,-167.141988333274
3794,503.265776143867,0,0,0,21.471607982611697,462.54416816126,198.099999999995,-178.85
3795,663.352383927452,0,0,0,39.4045509908791,534.1,280.155706706108,-190.30787376953498
3796,589.2698937062729,0,0,0,-14.893954665037699,462.544168161275,343.119264979392,-201.499584769357
3797,396.004582251712,0,0,0,-41.3357497443792,267.050000000004,382.699812375728,-212.409480379641
3798,202.243423322288,0,0,0,29.065725447162,-4.71270973463715e-12,396.2,-223.02230212486901
3799,-204.723810249473,0,0,0,-87.05041561101879,-267.049999999999,382.699812375729,-233.323207014184
3800,-331.629078557616,0,0,0,31.093612924921302,-462.544168161273,343.119264979393,-243.297788300658
3801,-553.56999705332,0,0,0,-46.6936081290059,-534.1,280.155706706114,-252.93209563042802
3802,-558.6328842338189,0,0,0,-31.9760615190204,-462.544168161271,198.100000000001,-262.21265455352903
3803,-483.426409125522,0,0,0,-47.7940294260073,-267.050000000009,102.544105669622,-271.126485369128
3804,-287.072919468158,0,0,0,-7.41179818934294,-1.0452117784473499e-12,3.87673569201312e-13,-279.661121278814
3805,-148.51906915041099,0,0,0,-25.2203376582516,267.049999999994,-102.54410566961599,-287.804625822537
3806,-41.3308801757519,0,0,0,-10.229438764189801,462.54416816126997,-198.100000000001,-295.545609572831
3807,4.25906356500738,0,0,0,53.188016335069506,534.1,-280.155706706105,-302.87324606395697
3808,-168.07047182336999,0,0,0,22.281911928442103,462.54416816127406,-343.119264979393,-309.777286933693
3809,-434.57440806566495,0,0,0,-2.67651943333821,267.050000000001,-382.699812375729,-316.248076256599
3810,-716.573268556163,0,0,0,1.9032954925250398,6.803133291531861e-12,-396.2,-322.276564048695
3811,-998.89129403086,0,0,0,-21.2871627304383,-267.050000000002,-382.699812375729,-327.85431892469103
3812,-1076.6279020598402,0,0,0,62.0090709708533,-462.544168161267,-343.119264979395,-332.973539890032
3813,-1170.02882588224,0,0,0,-18.146051924831,-534.1,-280.155706706109,-337.627067251303
3814,-1021.71185608726,0,0,0,-19.2592952962724,-462.544168161277,-198.100000000005,-341.808392629703
3815,-710.6797522920109,0,0,0,4.42602144121509,-267.050000000006,-102.54410566962099,-345.5116680636
3816,-321.162192178219,0,0,0,27.5695220092362,-1.2561054804616401e-11,-4.65894955400581e-12,-348.731714187438
3817,18.293787261315,0,0,0,0.163709067247612,267.049999999997,102.54410566961799,-351.464027475547
3818,330.857889558294,0,0,0,23.9185079377612,462.54416816126405,198.09999999999698,-353.704786540728
3819,435.809409235385,0,0,0,-22.995439991912303,534.1,280.15570670611,-355.450857478813
3820,507.97904330203596,0,0,0,59.0154084130832,462.54416816126405,343.119264979396,-356.699798251708
3821,275.649272739159,0,0,0,-16.6506775337693,267.050000000011,382.699812375728,-357.44986210280996
3822,-28.2284798601307,0,0,0,-66.7284798601339,3.13894131092208e-12,396.2,-357.7
3823,-208.98457311349,0,0,0,32.8154766135822,-267.049999999992,382.69981237573,-357.44986210280996
3824,-453.367551979384,0,0,0,22.7571494541987,-462.544168161269,343.119264979395,-356.699798251708
3825,-650.643674469871,0,0,0,-41.2485236971697,-534.1,280.15570670611197,-355.450857478813
3826,-627.762831414512,0,0,0,-9.61387671251512,-462.544168161267,198.099999999999,-353.704786540728
3827,-533.990169223679,0,0,0,-18.0202474177416,-267.050000000016,102.544105669625,-351.464027475547
3828,-344.61064038568395,0,0,0,4.12107380175955,-8.896862824006589e-12,3.2998849006472703e-12,-348.731714187438
3829,-146.40909252479202,0,0,0,34.5966812084343,267.049999999987,-102.544105669613,-345.5116680636
3830,-1557.6741707282501,1,0,0,15.797527057204,462.54416816126604,-198.099999999998,-341.808392629703
3831,-39.822886773245,0,0,0,43.859887184168905,534.1,-280.155706706111,-337.627067251303
3832,-262.140256666543,0,0,0,-48.591619958386495,462.54416816126997,-343.119264979394,-332.973539890032
3833,-396.661975007558,0,0,0,46.8421562928677,267.049999999994,-382.69981237573,-327.85431892469
3834,-734.140783736452,0,0,0,-15.6642196877709,1.46547843370911e-11,-396.2,-322.276564048696
3835,-1000.51871102282,0,0,0,-34.520822390498,-267.049999999995,-382.699812375729,-316.248076256599
3836,-1091.34314963347,0,0,0,24.097570440883302,-462.544168161263,-343.11926497939703,-309.777286933694
3837,-1102.5854729681,0,0,0,14.543479801968699,-534.1,-280.155706706111,-302.87324606395697
3838,-943.0535542725011,0,0,0,13.1362234616062,-462.544168161273,-198.100000000003,-295.545609572831
3839,-622.8460563707409,0,0,0,34.5526751214145,-267.049999999999,-102.54410566961799,-287.804625822537
3840,-286.419553466763,0,0,0,-6.7584321879203495,-2.04127058501756e-11,-7.57116088545176e-12,-279.661121278814
3841,137.888731761843,0,0,0,39.4211114613668,267.04999999999,102.544105669615,-271.126485369129
3842,417.970182653737,0,0,0,19.5386690459996,462.54416816126803,198.099999999999,-262.21265455352903
3843,554.167039517611,0,0,0,-7.156571558068731,534.1,280.155706706108,-252.932095630429
3844,561.067127808847,0,0,0,-1.29851703115917,462.54416816126803,343.119264979395,-243.297788300657
3845,425.231818632729,0,0,0,8.80521327118127,267.050000000004,382.699812375728,-233.323207014185
3846,114.98273924623699,0,0,0,-58.1949586288904,-4.18944265029747e-12,396.2,-223.02230212486901
3847,-148.768923262829,0,0,0,-52.009255258931596,-267.049999999985,382.69981237573097,-212.409480379642
3848,-287.05495269939,0,0,0,33.8695352518365,-462.544168161265,343.119264979396,-201.499584769357
3849,-445.831942425081,0,0,0,-1.57977536165743,-534.1,280.155706706114,-190.307873769537
3850,-424.05336645774497,0,0,0,19.2408017035247,-462.544168161271,198.10000000000198,-178.85
3851,-340.215562686445,0,0,0,-8.56768002279197,-267.049999999996,102.54410566961701,-167.141988333274
3852,-84.0864545820847,0,0,0,71.1137589002767,-1.67485138695658e-11,6.2120962320932196e-12,-155.200213482351
3853,-1.0352310489851,0,0,0,-22.4997482801908,267.04999999999296,-102.54410566961599,-143.041377099172
3854,148.107705043805,0,0,0,14.3460212983958,462.54416816126997,-198.100000000001,-130.68248441586002
3855,156.543816557586,0,0,0,20.7403437250628,534.1,-280.155706706113,-118.140820461364
3856,11.460373224035699,0,0,0,-2.53060407106446,462.54416816127406,-343.119264979393,-105.43392588678101
3857,-152.522248386071,0,0,0,55.707136422828,267.050000000001,-382.699812375729,-92.5795724331712
3858,-467.03762182738,0,0,0,8.75811624877228,2.25064353826503e-11,-396.2,-79.5957380761745
3859,-708.5994445611999,0,0,0,7.6509496966926696,-267.04999999998796,-382.69981237573,-66.5005818821743
3860,-849.5721773150391,0,0,0,9.40367443684162,-462.544168161267,-343.119264979395,-53.3124186112187
3861,-894.4480627188581,0,0,0,-40.1426629105957,-534.1,-280.155706706109,-40.0496931021532
3862,-618.428277271489,0,0,0,68.9468453656321,-462.54416816126195,-198.099999999995,-26.730954475864
3863,-368.123390268138,0,0,0,14.8455455941313,-267.050000000006,-102.54410566962099,-13.374830192641802
3864,19.6038345586835,0,0,0,19.603834558680898,2.09571311782274e-12,7.77309059428355e-13,-2.62833696033005e-13
3865,383.322431512,0,0,0,0.353495649763399,267.04999999998296,102.54410566961201,13.374830192641301
3866,684.518087412125,0,0,0,-2.8570352249992697,462.54416816126405,198.09999999999698,26.7309544758635
3867,866.59922168625,0,0,0,12.293821877987599,534.1,280.15570670611,40.0496931021527
3868,885.923436865457,0,0,0,26.947585113579198,462.544168161265,343.119264979396,53.3124186112169
3869,657.1342693654731,0,0,0,-59.116124892440006,267.050000000011,382.699812375728,66.50058188217379
3870,478.171739941652,0,0,0,2.37600186547456,3.6622083952617595e-12,396.2,79.595738076174
3871,209.564766453372,0,0,0,1.33538164444881,-267.049999999978,382.69981237573097,92.5795724331707
3872,-3.25919577591098,0,0,0,10.7317815191717,-462.544168161261,343.119264979398,105.43392588678101
3873,-137.354073550494,0,0,0,-1.55060071796945,-534.1,280.15570670611197,118.14082046136299
3874,-110.927373831217,0,0,0,22.8343099141915,-462.544168161267,198.099999999999,130.682484415859
3875,-2.3164710152068397,0,0,0,19.1480462159973,-267.04999999999,102.544105669615,143.041377099171
3876,145.25272942351802,0,0,0,-9.94748405882675,-9.420129908346269e-12,3.49396692537614e-12,155.20021348235
3877,309.28586363696604,0,0,0,-22.3620190266893,267.05,-102.544105669619,167.141988333274
3878,395.804641614515,0,0,0,-47.4895265467498,462.544168161258,-198.09999999999297,178.85
3879,470.345293766856,0,0,0,26.0931267034271,534.1,-280.15570670610697,190.30787376953498
3880,309.755850245341,0,0,0,-11.1686377058925,462.54416816126997,-343.119264979394,201.499584769357
3881,97.10744256252008,0,0,0,0.347774558613872,267.049999999995,-382.699812375729,212.409480379641
3882,-215.15896562768,0,0,0,-41.981267752563795,1.51780514214308e-11,-396.2,223.02230212486802
3883,-477.15637309217993,0,0,0,-60.7297677306398,-267.049999999995,-382.699812375729,233.323207014184
3884,-556.223185959431,0,0,0,6.142458880575651,-462.54416816126997,-343.119264979394,243.297788300658
3885,-540.786315324674,0,0,0,20.5372957510133,-534.1,-280.155706706115,252.93209563042802
3886,-399.748330877661,0,0,0,-1.31681726991344,-462.544168161273,-198.100000000003,262.21265455352903
3887,-78.86041654817691,0,0,0,19.607203752313,-267.05,-102.544105669619,271.126485369128
3888,292.588039259595,0,0,0,12.926917980768302,9.424097079042288e-12,3.4954383661454396e-12,279.661121278814
3889,2192.6168941210103,1,0,0,39.110689311845796,267.04999999999,102.544105669615,287.804625822537
3890,918.465569353712,0,0,0,-37.7242083803854,462.544168161267,198.099999999999,295.545609572831
3891,1160.47783220446,0,0,0,43.3488794343981,534.1,280.155706706104,302.87324606395697
3892,1088.23003509062,0,0,0,-27.2106849837398,462.544168161276,343.119264979392,309.777286933693
3893,977.6998353863311,0,0,0,11.7019467539987,267.050000000005,382.699812375728,316.248076256599
3894,779.350478843009,0,0,0,60.8739147943175,-3.66617556595779e-12,396.2,322.276564048695
3895,420.026258944591,0,0,0,-23.477872355816498,-267.050000000011,382.699812375728,327.85431892469103
3896,256.779880133133,0,0,0,43.2312434249689,-462.544168161265,343.119264979396,332.973539890032
3897,49.6154114793454,0,0,0,-34.0673624780677,-534.1,280.15570670611,337.627067251303
3898,5.74328288503085,0,0,0,-71.62094158339941,-462.544168161279,198.10000000000701,341.808392629703
3899,146.613829960172,0,0,0,-34.3919437730408,-267.05000000001,102.544105669623,345.5116680636
3900,347.081253108206,0,0,0,-1.6504610792307601,-2.0917459471267202e-12,7.75837618659058e-13,348.731714187438
3901,-975.131719177491,1,0,0,5.00583233359861,267.050000000006,-102.54410566962099,351.464027475547
3902,606.621149938421,0,0,0,-11.527804763573698,462.54416816126195,-198.099999999995,353.704786540728
3903,656.210625170435,0,0,0,46.815474397730895,534.1,-280.155706706109,355.450857478813
3904,472.596349351773,0,0,0,-3.52835208180674,462.544168161267,-343.119264979395,356.699798251708
3905,285.36175525806,0,0,0,43.5617055309622,267.050000000015,-382.699812375727,357.44986210280996
3906,-55.8194846615324,0,0,0,-17.319484661540198,7.84966746021122e-12,-396.2,357.7
3907,-314.55258690602,0,0,0,-22.2526366331007,-267.050000000001,-382.699812375729,357.44986210280996
3908,-496.947787369,0,0,0,-47.984152480041104,-462.54416816127406,-343.119264979393,356.699798251708
3909,-450.24218842740896,0,0,0,8.56266079989074,-534.1,-280.155706706113,355.450857478813
3910,-269.65178703464403,0,0,0,37.2875945858972,-462.54416816126997,-198.100000000001,353.704786540729
3911,52.455223529610606,0,0,0,70.58530172370979,-267.05000000002,-102.544105669627,351.464027475547
3912,370.934526885061,0,0,0,22.2028126976416,-1.36075889732957e-11,-5.04711360346355e-12,348.731714187438
3913,672.9593571505841,0,0,0,-42.146416582628795,267.049999999996,102.54410566961701,345.5116680636
3914,950.4985554672729,0,0,0,-51.9540053237018,462.544168161271,198.10000000000198,341.808392629703
3915,1133.26694141041,0,0,0,-18.615832547009802,534.1,280.155706706114,337.627067251303
3916,1125.14322693659,0,0,0,-13.493746094107001,462.54416816127195,343.119264979393,332.973539890032
3917,928.539632362604,0,0,0,-49.0644989378134,267.049999999998,382.699812375729,327.85431892469
3918,680.155358266764,0,0,0,-38.321205781951,1.93655104863802e-11,396.2,322.276564048696
3919,408.136138131179,0,0,0,-23.7617505011583,-267.049999999991,382.69981237573,316.248076256599
3920,193.445281978802,0,0,0,3.09289822698086,-462.54416816126803,343.119264979395,309.777286933694
3921,9.54138465220456,0,0,0,-39.3875681178607,-534.1,280.155706706108,302.87324606395697
3922,73.7947296043061,0,0,0,42.693288192745705,-462.544168161275,198.100000000004,295.545609572831
3923,132.492682779343,0,0,0,9.19395128718922,-267.050000000003,102.54410566962,287.804625822537
3924,269.14958389047297,0,0,0,-10.5115373883259,-2.51234319994647e-11,9.31838958826805e-12,279.661121278815
3925,437.121856028959,0,0,0,1.48947632945667,267.049999999986,-102.544105669613,271.126485369129
3926,526.716342435485,0,0,0,0.0595197206894066,462.544168161265,-198.099999999998,262.212654553528
3927,484.355730311289,0,0,0,-22.520658613028697,534.1,-280.155706706111,252.932095630429
3928,467.208472172863,0,0,0,104.485780690339,462.544168161263,-343.11926497939703,243.297788300657
3929,129.765454665466,0,0,0,12.0920600270011,267.050000000008,-382.699812375728,233.323207014185
3930,-168.87426836587798,0,0,0,4.30342950925227,5.212834989916699e-13,-396.2,223.02230212486901
3931,-452.582155643688,0,0,0,-15.241823647618402,-267.049999999981,-382.69981237573097,212.409480379642
3932,-544.47058096158,0,0,0,59.6932674097221,-462.54416816126195,-343.11926497939703,201.499584769358
3933,-633.435285873609,0,0,0,-9.48745293703467,-534.1,-280.155706706111,190.307873769537
3934,-520.113061715419,0,0,0,-38.3188935541548,-462.54416816126604,-198.099999999998,178.85
3935,-268.37462560212003,0,0,0,-65.9225082657568,-267.05000000001303,-102.544105669624,167.141988333274
3936,91.1161712241475,0,0,0,-64.0840422581947,-6.2792050120761695e-12,-2.32898429674647e-12,155.200213482351
3937,484.950156278239,0,0,0,-27.6853264905546,267.050000000003,102.54410566962,143.041377099172
3938,767.3097022206979,0,0,0,-24.0169503564155,462.54416816126,198.099999999994,130.68248441586002
3939,904.806084218854,0,0,0,-27.5904429486158,534.1,280.155706706108,118.14082046136299
3940,908.021238950448,0,0,0,-3.07612007699642,462.544168161269,343.119264979395,105.43392588678101
3941,774.977952572696,0,0,0,32.6485677638026,267.049999999992,382.69981237573,92.5795724331713
3942,430.55975329738,0,0,0,-45.235984778806895,1.20371265251607e-11,396.2,79.5957380761746
3943,223.57158424944302,0,0,0,41.4211899915366,-267.049999999998,382.699812375729,66.5005818821743
3944,-104.206603442563,0,0,0,-38.094118871924,-462.544168161257,343.119264979399,53.3124186112187
3945,-174.15914044972197,0,0,0,39.735459742010796,-534.1,280.155706706114,40.0496931021532
3946,-237.75310543980302,0,0,0,-0.0398917543982846,-462.54416816127195,198.10000000000198,26.730954475865303
3947,-141.752443542839,0,0,0,9.37862059489874,-267.049999999997,102.54410566961799,13.3748301926419
3948,12.863618344410801,0,0,0,12.8636183444025,1.2565021975312401e-11,-4.6604209947751e-12,3.06639312038506e-13
3949,133.52753609045,0,0,0,-17.6035280472855,267.04999999999296,-102.54410566961599,-13.374830192641301
3950,211.70804100896598,0,0,0,-26.005172676439802,462.544168161269,-198.1,-26.7309544758634
3951,238.596014050912,0,0,0,24.701413859169502,534.1,-280.155706706105,-40.0496931021526
3952,4.05452066949094,0,0,0,-62.057963901173004,462.544168161275,-343.119264979392,-53.3124186112181
3953,-174.966324618608,0,0,0,7.1840696392927805,267.050000000002,-382.699812375729,-66.5005818821737
3954,-511.662833109999,0,0,0,-35.8670950338181,-6.807100462227879e-12,-396.2,-79.595738076174
3955,-821.2709847284891,0,0,0,-78.9415999196007,-267.04999999998796,-382.69981237573,-92.5795724331707
3956,-936.510691761561,0,0,0,-25.413332734119,-462.54416816126604,-343.119264979396,-105.43392588678101
3957,-963.2549581879781,0,0,0,-30.8584310204988,-534.1,-280.155706706117,-118.140820461362
3958,-778.9086036889819,0,0,0,12.4180488881602,-462.544168161277,-198.100000000006,-130.682484415859
3959,-509.35839920799697,0,0,0,3.27708356080257,-267.050000000007,-102.544105669622,-143.041377099171
3960,-174.828234882957,0,0,0,-19.628021400608002,1.04917894914338e-12,3.8914500997061e-13,-155.20021348235
3961,176.887975520608,0,0,0,-25.564141815748897,267.050000000009,102.544105669622,-167.141988333274
3962,455.215479468722,0,0,0,-26.5786886925379,462.544168161263,198.099999999996,-178.85
3963,631.836692682073,0,0,0,7.888859745498429,534.1,280.15570670611,-190.30787376953498
3964,600.832918940049,0,0,0,-3.3309294312647997,462.54416816127997,343.11926497939,-201.499584769357
3965,399.223248936588,0,0,0,-38.1170830595101,267.050000000012,382.699812375728,-212.409480379642
3966,226.29375687501098,0,0,0,53.116058999874895,4.7087425639411294e-12,396.2,-223.02230212486802
3967,-80.6292258602074,0,0,0,37.0441687782521,-267.050000000004,382.699812375728,-233.323207014184
3968,-400.183098613854,0,0,0,-37.4604071313345,-462.54416816126,343.119264979398,-243.297788300657
3969,-559.612296862537,0,0,0,-52.735907938221104,-534.1,280.15570670611197,-252.93209563042802
3970,-519.017878561277,0,0,0,7.638944153520651,-462.54416816126803,198.1,-262.21265455352903
3971,-402.766149163641,0,0,0,32.866230535879005,-267.050000000017,102.544105669626,-271.126485369128
3972,-280.865728160993,0,0,0,-1.20460688217278,-1.04666640770256e-11,3.88213097483388e-12,-279.661121278814
3973,-179.05372488319,0,0,0,-55.7549933910339,267.049999999999,-102.54410566961799,-287.804625822537
3974,0.8913699410027399,0,0,0,31.992811352563802,462.544168161273,-198.100000000003,-295.545609572831
3975,-54.3855754462586,0,0,0,-5.45662267619497,534.1,-280.15570670610697,-302.87324606395697
3976,-232.15350666409302,0,0,0,-41.8011229122767,462.544168161271,-343.119264979394,-309.777286933693
3977,-445.295124514849,0,0,0,-13.3972358825464,267.050000000022,-382.699812375726,-316.248076256599
3978,-701.591359506499,0,0,0,16.88520454218,1.62245855901101e-11,-396.2,-322.276564048695
3979,-1024.23720461873,0,0,0,-46.633073318319504,-267.049999999994,-382.69981237573,-327.85431892469103
3980,-1164.08246215882,0,0,0,-25.445489128124102,-462.54416816126997,-343.119264979394,-332.973539890032
3981,-1177.69518687494,0,0,0,-25.8124129175345,-534.1,-280.15570670610697,-337.627067251303
3982,-1003.68749806745,0,0,0,-1.23493727646627,-462.54416816127406,-198.100000000003,-341.808392629703
3983,-706.813900060949,0,0,0,8.29187367227062,-267.050000000001,-102.544105669619,-345.5116680636
3984,-337.365358253541,0,0,0,11.3663559339274,-2.19825071031946e-11,-8.153406959638379e-12,-348.731714187438
3985,82.52080506029709,0,0,0,64.3907268662413,267.04999999998904,102.54410566961398,-351.464027475547
3986,236.665877966468,0,0,0,-70.2735036540692,462.544168161267,198.099999999999,-353.704786540728
3987,470.74614755390604,0,0,0,11.941298326607402,534.1,280.15570670611197,-355.450857478813
3988,452.151425630632,0,0,0,3.1877907416714595,462.544168161277,343.119264979392,-356.699798251708
3989,289.793551888266,0,0,0,-2.5063983846575697,267.050000000006,382.699812375728,-357.44986210280996
3990,-2.6222304555417995,0,0,0,-41.1222304555392,-2.61964139727842e-12,396.2,-357.7
3991,-257.09525008289,0,0,0,-15.2952003558268,-267.04999999998404,382.69981237573097,-357.44986210280996
3992,-450.76871377810204,0,0,0,25.3559876554735,-462.54416816126405,343.119264979396,-356.699798251708
3993,-627.561549817066,0,0,0,-18.166399044362898,-534.1,280.15570670611,-355.450857478813
3994,-627.592307395336,0,0,0,-9.443352693340609,-462.54416816126405,198.09999999999698,-353.704786540729
3995,-529.591623168874,0,0,0,-13.621701362939,-267.050000000011,102.544105669623,-351.464027475547
3996,-375.300233000869,0,0,0,-26.568518813428604,-3.13828011580608e-12,1.1640016681168001e-12,-348.731714187438
3997,-163.947496967969,0,0,0,17.0582767652621,267.049999999979,-102.54410566961,-345.5116680636
3998,-57.2495632951495,0,0,0,20.1146611732872,462.544168161261,-198.099999999995,-341.808392629703
3999,-125.77867977898501,0,0,0,-42.0959058215729,534.1,-280.155706706109,-337.627067251303
4000,-214.48672169854802,0,0,0,-0.93808499038787,462.544168161267,-343.119264979395,-332.973539890032
4001,-383.90352901825696,0,0,0,59.6006022821743,267.04999999998904,-382.69981237573,-327.85431892469
4002,-711.5736493126379,0,0,0,6.90291473604866,8.89620162889058e-12,-396.2,-322.276564048696
4003,-971.4931830464341,0,0,0,-5.4952944141063,-267.05,-382.699812375729,-316.248076256599
4004,-1157.87359794607,0,0,0,-42.4328778717166,-462.544168161258,-343.119264979399,-309.777286933694
4005,-1138.91264862824,0,0,0,-21.783695858169605,-534.1,-280.155706706113,-302.87324606395697
4006,-925.168026736498,0,0,0,31.0217509976041,-462.54416816126997,-198.100000000001,-295.545609572831
4007,-610.50539687822,0,0,0,46.893334613928204,-267.049999999994,-102.54410566961599,-287.804625822537
4008,-279.492518307259,0,0,0,0.168602971575156,-1.4654123141975097e-11,-5.4352776529212995e-12,-279.661121278815
4009,87.7556732171111,0,0,0,-10.711947083372001,267.049999999995,102.54410566961701,-271.126485369129
4010,362.304048033165,0,0,0,-36.1274655745527,462.544168161255,198.09999999999098,-262.21265455352903
4011,579.3014829502359,0,0,0,17.977871874558698,534.1,280.155706706106,-252.932095630429
4012,549.389964491516,0,0,0,-12.975680348491599,462.544168161273,343.119264979393,-243.297788300658
4013,452.973426410055,0,0,0,36.5468210485102,267.049999999999,382.699812375729,-233.323207014184
4014,179.339627617058,0,0,0,6.16192974193712,-9.948025358497971e-12,396.2,-223.02230212486901
4015,-105.423898813528,0,0,0,-8.66423080962557,-267.04999999999,382.69981237573,-212.409480379642
4016,-307.133545346572,0,0,0,13.7909426046383,-462.54416816125297,343.119264979401,-201.49958476935902
4017,-454.623724287424,0,0,0,-10.3715572239963,-534.1,280.155706706108,-190.30787376953603
4018,-499.429353826353,0,0,0,-56.1351856650818,-462.544168161276,198.100000000005,-178.85
4019,-301.437167968331,0,0,0,30.2107146953269,-267.050000000004,102.54410566962099,-167.141988333274
4020,-180.134194055129,0,0,0,-24.9339805727609,-2.61699661681441e-11,9.706553637725789e-12,-155.200213482352
4021,34.095057135424106,0,0,0,12.630539904207803,267.050000000012,-102.544105669624,-143.041377099172
4022,182.10868012364799,0,0,0,48.346996378240604,462.544168161265,-198.09999999999698,-130.68248441586002
4023,90.82636922263741,0,0,0,-44.977103609896204,534.1,-280.155706706103,-118.140820461364
4024,-36.964843291364296,0,0,0,-50.9558205864512,462.544168161263,-343.11926497939703,-105.43392588678002
4025,-205.057839951379,0,0,0,3.1715448575111496,267.050000000009,-382.699812375728,-92.5795724331713
4026,-493.96984919568,0,0,0,-18.174111119507,1.56781766767103e-12,-396.2,-79.5957380761746
4027,-683.556751181819,0,0,0,32.6936430760676,-267.04999999997995,-382.69981237573097,-66.5005818821756
4028,-888.9806826765849,0,0,0,-30.004830924699203,-462.544168161277,-343.119264979392,-53.312418611217495
4029,-868.422619436426,0,0,0,-14.117219628161699,-534.1,-280.155706706111,-40.0496931021533
4030,-673.4762006642479,0,0,0,13.8989219729058,-462.54416816128196,-198.100000000008,-26.7309544758641
4031,-425.73189724522695,0,0,0,-42.7629613829451,-267.050000000014,-102.544105669625,-13.374830192643199
4032,21.886203517568603,0,0,0,21.886203517579002,-7.325739180755531e-12,-2.71714834620422e-12,-3.50444928044007e-13
4033,405.874033738441,0,0,0,22.9050978761785,267.050000000002,102.544105669619,13.374830192641198
4034,701.2580954568871,0,0,0,13.8829728197711,462.544168161259,198.099999999994,26.7309544758634
4035,864.7651157936181,0,0,0,10.4597159853485,534.1,280.155706706115,40.049693102153796
4036,889.246562432285,0,0,0,30.2707106804038,462.544168161269,343.119264979394,53.3124186112181
4037,748.775305883094,0,0,0,32.5249116251746,267.050000000019,382.699812375727,66.5005818821737
4038,455.190915364217,0,0,0,-20.6048227119688,1.3083660693839999e-11,396.2,79.59573807617271
4039,198.01318045468997,0,0,0,-10.2162043542147,-267.049999999997,382.699812375729,92.5795724331719
4040,-53.85066444759279,0,0,0,-39.8596871524956,-462.544168161271,343.119264979394,105.43392588678101
4041,-122.102825484672,0,0,0,13.7006473478521,-534.1,280.155706706114,118.140820461362
4042,-139.495059985594,0,0,0,-5.733376240177259,-462.544168161287,198.10000000001202,130.682484415858
4043,-37.9032616535893,0,0,0,-16.438744422380303,-267.049999999998,102.54410566961799,143.041377099171
4044,150.28046143871,0,0,0,-4.919752043628231,-1.8841582206924502e-11,6.98842433100871e-12,155.20021348235
4045,321.622024741853,0,0,0,-10.025857921797401,267.049999999992,-102.544105669615,167.141988333274
4046,486.133463460955,0,0,0,42.839295299686206,462.54416816126803,-198.1,178.850000000001
4047,493.554799877276,0,0,0,49.3026328138535,534.1,-280.15570670611197,190.30787376953498
4048,333.016464866231,0,0,0,12.0919769149916,462.544168161275,-343.119264979392,201.499584769357
4049,55.469759198530205,0,0,0,-41.28990880541421,267.050000000029,-382.699812375726,212.409480379641
4050,-182.939479245629,0,0,0,-9.76178137049235,-5.76056629354852e-12,-396.2,223.02230212486901
4051,-464.38889159537,0,0,0,-47.9622862338366,-267.049999999987,-382.69981237573,233.323207014184
4052,-553.3133315233999,0,0,0,9.05231331660463,-462.54416816126604,-343.119264979396,243.297788300657
4053,-589.4276455604261,0,0,0,-28.104034484735397,-534.1,-280.155706706117,252.93209563042703
4054,-366.149836295285,0,0,0,32.2816773124452,-462.544168161263,-198.099999999996,262.21265455352903
4055,-119.296078378232,0,0,0,-20.8284580777301,-267.050000000008,-102.544105669622,271.126485369128
4056,309.347529409663,0,0,0,29.686408130890698,-3.03574252330935e-11,-1.1259700315813199e-11,279.661121278814
4057,653.198497821026,0,0,0,-4.20023367114224,267.050000000008,102.544105669622,287.804625822538
4058,904.5282237289771,0,0,0,-51.661554005113004,462.544168161263,198.099999999996,295.545609572831
4059,1161.81827029476,0,0,0,44.689317524689706,534.1,280.155706706109,302.87324606395697
4060,1114.90530389395,0,0,0,-0.535416180413371,462.544168161281,343.11926497939,309.777286933693
4061,950.2531643351621,0,0,0,-15.7447242971544,267.049999999987,382.69981237573,316.248076256599
4062,733.924854495767,0,0,0,15.4482904470661,5.75527673262049e-12,396.2,322.276564048695
4063,441.827643183448,0,0,0,-1.67648811699689,-267.049999999977,382.69981237573097,327.85431892469
4064,254.447565990814,0,0,0,40.898929282644296,-462.54416816126,343.119264979398,332.973539890031
4065,71.7719085839967,0,0,0,-11.910865373418801,-534.1,280.15570670611197,337.627067251303
4066,78.1958322354528,0,0,0,0.8316077670188751,-462.54416816126803,198.1,341.808392629702
4067,117.506631231417,0,0,0,-63.4991425017906,-267.05000000001803,102.544105669626,345.511668063599
4068,318.176386648699,0,0,0,-30.5553275387516,1.88468717678526e-11,-6.990386252034441e-12,348.73171418743897
4069,462.73979288567,0,0,0,-53.230128920256995,267.049999999998,-102.54410566961799,351.464027475547
4070,652.328404107691,0,0,0,34.1794494056976,462.544168161257,-198.09999999999198,353.704786540728
4071,611.3749929648191,0,0,0,1.9798421921124099,534.1,-280.155706706106,355.450857478813
4072,423.029490769148,0,0,0,-53.095210664438,462.544168161271,-343.119264979394,356.699798251708
4073,259.354071332198,0,0,0,17.55402160512,267.049999999997,-382.699812375729,357.44986210280996
4074,-45.530902617021205,0,0,0,-7.03090261703848,1.72711197587895e-11,-396.2,357.7
4075,-320.977292037079,0,0,0,-28.6773417641432,-267.050000000019,-382.699812375727,357.44986210280996
4076,-440.889265404077,0,0,0,8.07436948487829,-462.544168161269,-343.119264979394,356.699798251708
4077,-471.272143722907,0,0,0,-12.467294495604401,-534.1,-280.155706706115,355.450857478813
4078,-288.497761312688,0,0,0,18.4416203078611,-462.54416816127406,-198.100000000004,353.704786540729
4079,-32.2037389915978,0,0,0,-14.073660797524,-267.050000000002,-102.544105669619,351.464027475547
4080,336.12517064608,0,0,0,-12.606543541368302,7.33102874168356e-12,2.7191102672299503e-12,348.731714187438
4081,695.361223334183,0,0,0,-19.7445503990183,267.04999999998796,102.54410566961398,345.5116680636
4082,1012.28933660703,0,0,0,9.836775816089721,462.544168161251,198.09999999998902,341.808392629703
4083,1150.39656388665,0,0,0,-1.4862100707638801,534.1,280.155706706111,337.627067251303
4084,1128.31609729728,0,0,0,-10.3208757334196,462.544168161277,343.119264979392,332.973539890032
4085,992.116859001233,0,0,0,14.512727700807801,267.050000000007,382.699812375728,327.85431892469103
4086,687.653861768992,0,0,0,-30.822702279702202,-1.57310722859906e-12,396.2,322.276564048695
4087,467.683135246866,0,0,0,35.785246614548996,-267.050000000009,382.699812375728,316.248076256599
4088,220.826310778182,0,0,0,30.4739270263551,-462.544168161263,343.11926497939703,309.777286933694
4089,58.9318089955685,0,0,0,10.002856225492,-534.1,280.155706706119,302.873246063958
4090,27.688432893650102,0,0,0,-3.41300851791408,-462.544168161265,198.09999999999698,295.545609572831
4091,89.568027674405,0,0,0,-33.7307038177444,-267.050000000012,102.544105669624,287.804625822537
4092,272.217332431098,0,0,0,-7.443788847713571,-4.184814284485441e-12,1.55216571757455e-12,279.661121278815
4093,413.428535319561,0,0,0,-22.2038443799369,267.049999999978,-102.54410566961,271.12648536912997
4094,484.26331248537497,0,0,0,-42.393510229424706,462.544168161276,-198.100000000005,262.212654553528
4095,560.056152052511,0,0,0,53.179763128191205,534.1,-280.155706706108,252.932095630429
4096,380.764884610989,0,0,0,18.042193128437,462.54416816128304,-343.119264979389,243.297788300658
4097,119.684260805602,0,0,0,2.01086616715805,267.04999999999,-382.69981237573,233.323207014184
4098,-127.826394753024,0,0,0,45.351303122097704,9.94273579756994e-12,-396.2,223.02230212486901
4099,-474.443398190022,0,0,0,-37.1030661939361,-267.049999999999,-382.699812375729,212.409480379642
4100,-598.967365370531,0,0,0,5.1964830007668095,-462.544168161258,-343.119264979399,201.49958476935902
4101,-667.950138730065,0,0,0,-44.0023057934955,-534.1,-280.155706706106,190.30787376953603
4102,-502.362950856468,0,0,0,-20.568782695196603,-462.544168161271,-198.100000000001,178.85
4103,-212.49414978897,0,0,0,-10.0420324525951,-267.050000000022,-102.544105669628,167.14198833327498
4104,134.112391581427,0,0,0,-21.0878219009035,-1.57006573106544e-11,-5.82344170237904e-12,155.200213482352
4105,531.41864892797,0,0,0,18.7831661591892,267.049999999994,102.54410566961599,143.041377099171
4106,843.4668593615179,0,0,0,52.1402067843868,462.54416816126997,198.100000000001,130.68248441586002
4107,919.496565023826,0,0,0,-12.8999621436432,534.1,280.155706706105,118.140820461364
4108,909.590274580026,0,0,0,-1.50708444741028,462.544168161258,343.119264979399,105.43392588678002
4109,790.4421237023289,0,0,0,48.1127388934283,267.05,382.699812375729,92.5795724331713
4110,401.65633706380095,0,0,0,-74.1394010123952,2.1458578823738998e-11,396.2,79.59573807617471
4111,200.944754795382,0,0,0,18.7943605374653,-267.04999999998904,382.69981237573,66.50058188217571
4112,-93.5297730117344,0,0,0,-27.417288441080103,-462.544168161267,343.119264979395,53.3124186112176
4113,-238.866787546729,0,0,0,-24.9721873549912,-534.1,280.155706706109,40.0496931021533
4114,-250.434405733758,0,0,0,-12.7211920483507,-462.544168161276,198.100000000005,26.7309544758641
4115,-48.4036036638229,0,0,0,102.727460473934,-267.050000000032,102.544105669632,13.374830192643199
4116,48.8629758373895,0,0,0,48.862975837387104,3.1435696767341098e-12,-1.16596358914253e-12,3.94250544049507e-13
4117,146.001064716719,0,0,0,-5.12999942101161,267.04999999998404,-102.54410566961201,-13.374830192641198
4118,287.733268222569,0,0,0,50.020054537164896,462.54416816126405,-198.09999999999698,-26.7309544758634
4119,237.38577740358699,0,0,0,23.4911772118507,534.1,-280.15570670611,-40.049693102153796
4120,45.737073328257296,0,0,0,-20.375411242392303,462.54416816126405,-343.119264979396,-53.31241861121801
4121,-176.358507033028,0,0,0,5.79188722486369,267.05000000001,-382.699812375728,-66.5005818821736
4122,-474.19323773492005,0,0,0,1.60250034121984,3.2974421849908e-11,-396.2,-79.59573807617271
4123,-727.900245708062,0,0,0,14.4291391008441,-267.050000000006,-382.699812375728,-92.5795724331718
4124,-910.9976062544349,0,0,0,0.0997527730040088,-462.544168161261,-343.11926497939703,-105.43392588678002
4125,-911.9368179905659,0,0,0,20.4597091769078,-534.1,-280.15570670611197,-118.140820461362
4126,-715.714229902894,0,0,0,75.612422674255,-462.54416816128196,-198.100000000009,-130.682484415858
4127,-522.647299748695,0,0,0,-10.0118169799212,-267.04999999998904,-102.54410566961398,-143.041377099171
4128,-217.996042566652,0,0,0,-62.7958290842906,-8.3722733494349e-12,-3.10531239566196e-12,-155.20021348235
4129,194.68720565345,0,0,0,-7.7649116828586795,267.049999999974,102.544105669608,-167.141988333274
4130,477.944622001663,0,0,0,-3.84954615961321,462.54416816127406,198.100000000003,-178.850000000001
4131,663.450731310754,0,0,0,39.5028983741835,534.1,280.15570670610697,-190.30787376953603
4132,617.0599818249659,0,0,0,12.896133453659,462.54416816126997,343.119264979394,-201.499584769357
4133,459.09577425823,0,0,0,21.7554422621243,267.05000000002,382.699812375727,-212.409480379641
4134,135.795553322838,0,0,0,-37.382144552277005,-1.6229875151038198e-11,396.2,-223.02230212486901
4135,-137.347716033808,0,0,0,-19.6743213953576,-267.049999999996,382.699812375729,-233.323207014184
4136,-314.127183279338,0,0,0,48.5955082031754,-462.54416816125604,343.119264979399,-243.297788300657
4137,-518.0407699566999,0,0,0,-11.1643810323872,-534.1,280.155706706115,-252.93209563042703
4138,-562.335814921095,0,0,0,-35.6789922062964,-462.544168161273,198.100000000003,-262.21265455352903
4139,-441.235740322735,0,0,0,-5.603360623226121,-267.049999999999,102.54410566961799,-271.126485369128
4140,-284.223715990384,0,0,0,-4.56259471155727,-1.9888116375603898e-11,7.37658838046645e-12,-279.661121278814
4141,-184.012442791059,0,0,0,-60.713711298912706,267.050000000017,-102.544105669626,-287.804625822538
4142,-84.0675941426487,0,0,0,-52.966152731086,462.54416816126803,-198.1,-295.545609572831
4143,-75.1364704979094,0,0,0,-26.207517727848302,534.1,-280.155706706104,-302.87324606395697
4144,-160.41374552242598,0,0,0,29.938638229384303,462.544168161275,-343.119264979392,-309.777286933693
4145,-428.393646412681,0,0,0,3.50424221964248,267.050000000004,-382.699812375728,-316.248076256599
4146,-713.913708331281,0,0,0,4.5628557174196205,-4.71403212486916e-12,-396.2,-322.276564048695
4147,-1006.82046965062,0,0,0,-29.216338350211,-267.049999999986,-382.69981237573097,-327.85431892469
4148,-1185.01511444905,0,0,0,-46.3781414183664,-462.54416816125,-343.11926497940203,-332.973539890031
4149,-1160.24658850429,0,0,0,-8.36381454687325,-534.1,-280.15570670611,-337.627067251303
4150,-1003.9571309829801,0,0,0,-1.50457019198894,-462.544168161278,-198.100000000006,-341.808392629702
4151,-692.557149150491,0,0,0,22.548624582739702,-267.050000000009,-102.544105669622,-345.511668063599
4152,-332.272377068087,0,0,0,16.459337119353002,-1.04388938821535e-12,-3.8718308894488e-13,-348.73171418743897
4153,18.1593166793317,0,0,0,0.0292384852502701,267.050000000007,102.544105669622,-351.464027475547
4154,359.473923435389,0,0,0,52.5345418148596,462.54416816126195,198.099999999996,-353.704786540728
4155,479.72982059807504,0,0,0,20.9249713707871,534.1,280.155706706101,-355.450857478813
4156,454.11737610504304,0,0,0,5.1537412160898,462.54416816126604,343.119264979396,-356.699798251708
4157,1775.3094740016898,1,0,0,-13.097949588264301,267.050000000014,382.699812375727,-357.44986210280996
4158,24.0681045340207,0,0,0,-14.431895465986099,6.80181090129985e-12,396.2,-357.7
4159,-262.014762205657,0,0,0,-20.214712478603,-267.049999999976,382.69981237573194,-357.44986210280996
4160,-504.636175665971,0,0,0,-28.511474232380902,-462.544168161275,343.119264979392,-356.699798251708
4161,-626.946183796369,0,0,0,-17.551033023668403,-534.1,280.155706706113,-355.450857478813
4162,-652.084195094101,0,0,0,-33.9352403920984,-462.544168161284,198.10000000001,-353.704786540729
4163,-526.0058391625689,0,0,0,-10.0359173566446,-267.04999999999296,102.54410566961599,-351.464027475547
4164,-404.35367418337006,0,0,0,-55.6219599959235,-1.25597324143844e-11,4.65845907374937e-12,-348.731714187438
4165,-165.05577632596902,0,0,0,15.949997407251198,267.049999999997,-102.54410566961799,-345.5116680636
4166,-64.7256080436313,0,0,0,12.638616424807301,462.54416816125604,-198.09999999999198,-341.808392629703
4167,-80.5794612720129,0,0,0,3.10331268540412,534.1,-280.155706706114,-337.627067251303
4168,-224.783055364876,0,0,0,-11.2344186567224,462.54416816127195,-343.119264979393,-332.973539890032
4169,-412.670880422705,0,0,0,30.833250877688602,267.050000000024,-382.699812375726,-327.85431892469103
4170,-776.404921044014,0,0,0,-57.928356995335996,1.8317653927468898e-11,-396.2,-322.276564048696
4171,-1033.51093954002,0,0,0,-67.5130509077024,-267.049999999992,-382.69981237573,-316.248076256599
4172,-1023.6187299002199,0,0,0,91.82199017414129,-462.544168161269,-343.119264979395,-309.777286933694
4173,-1096.7261969144502,0,0,0,20.402755855621198,-534.1,-280.155706706116,-302.873246063958
4174,-934.4402910799901,0,0,0,21.7494866540952,-462.54416816126,-198.099999999994,-295.545609572831
4175,-666.171716302558,0,0,0,-8.77298481039811,-267.050000000003,-102.54410566962,-287.804625822537
4176,-249.85789707000703,0,0,0,29.8032242088409,-2.40755754405534e-11,-8.929735058553869e-12,-279.661121278815
4177,140.971094711684,0,0,0,42.503474411213006,267.049999999987,102.544105669613,-271.12648536912997
4178,367.770374213321,0,0,0,-30.6611393944147,462.54416816126604,198.099999999998,-262.212654553528
4179,502.390271841384,0,0,0,-58.933339234299005,534.1,280.155706706111,-252.932095630429
4180,511.85710415594497,0,0,0,-50.50854068406589,462.544168161278,343.119264979391,-243.297788300659
4181,432.169476852127,0,0,0,15.7428714905529,267.050000000034,382.699812375725,-233.323207014185
4182,200.67128204558603,0,0,0,27.4935841704554,-5.265730599196989e-13,396.2,-223.02230212486901
4183,-113.522532906518,0,0,0,-16.762864902625,-267.049999999982,382.69981237573097,-212.409480379641
4184,-295.40441179881697,0,0,0,25.520076152408105,-462.544168161263,343.11926497939703,-201.49958476935902
4185,-400.830374952471,0,0,0,43.42179211095429,-534.1,280.155706706111,-190.30787376953603
4186,-457.841626187818,0,0,0,-14.547458026549801,-462.544168161265,198.099999999998,-178.85
4187,-333.843472274355,0,0,0,-2.19558961069162,-267.050000000012,102.544105669624,-167.14198833327498
4188,-182.706046047739,0,0,0,-27.505832565364,-3.55914184667224e-11,1.32010110433584e-11,-155.200213482352
4189,22.6206253671904,0,0,0,1.15610813597772,267.050000000003,-102.54410566962,-143.041377099171
4190,113.373776198677,0,0,0,-20.387907546728602,462.54416816126,-198.099999999994,-130.68248441586002
4191,117.42901808025299,0,0,0,-18.374454752274698,534.1,-280.155706706108,-118.140820461364
4192,48.7198598290777,0,0,0,34.7288825339843,462.54416816126803,-343.119264979395,-105.43392588678002
4193,-215.111930147421,0,0,0,-6.88254533851048,267.049999999991,-382.69981237573,-92.5795724331714
4194,-461.46104085591105,0,0,0,14.3346972202527,1.09892699662493e-11,-396.2,-79.59573807617471
4195,-662.7038691293831,0,0,0,53.5465251284964,-267.049999999972,-382.69981237573194,-66.50058188217571
4196,-847.955693482804,0,0,0,11.020158269078697,-462.54416816127195,-343.119264979393,-53.3124186112176
4197,-895.068430141622,0,0,0,-40.763030333355,-534.1,-280.155706706114,-40.0496931021533
4198,-688.769014647091,0,0,0,-1.39389200995428,-462.544168161271,-198.10000000000198,-26.730954475864202
4199,-410.965933855017,0,0,0,-27.996997992723102,-267.050000000022,-102.544105669628,-13.374830192643302
4200,35.9437600565125,0,0,0,35.9437600564943,1.36128785342238e-11,5.0490755244892806e-12,-4.3805616005500795e-13
4201,368.66629767703904,0,0,0,-14.3026381852121,267.04999999999296,102.54410566961599,13.374830192641099
4202,659.74749021481,0,0,0,-27.6276324222982,462.544168161254,198.09999999999098,26.7309544758633
4203,860.494605150903,0,0,0,6.189205342636059,534.1,280.155706706113,40.049693102153704
4204,835.8663594534779,0,0,0,-23.1094922984065,462.54416816127406,343.119264979393,53.31241861121801
4205,673.4018490185131,0,0,0,-42.848545239391,267.050000000001,382.699812375729,66.5005818821736
4206,490.400994652199,0,0,0,14.6052565760041,2.25051129924183e-11,396.2,79.5957380761726
4207,218.600443293092,0,0,0,10.3710584842076,-267.050000000015,382.699812375727,92.5795724331718
4208,-12.6827205438366,0,0,0,1.30825675125421,-462.544168161267,343.119264979395,105.43392588678002
4209,-121.72621302805,0,0,0,14.0772598044697,-534.1,280.155706706117,118.14082046136299
4210,-76.5320958527802,0,0,0,57.2295878926333,-462.544168161277,198.100000000005,130.682484415858
4211,-11.4445078869502,0,0,0,10.0200093442636,-267.050000000006,102.54410566962099,143.041377099171
4212,133.521080218575,0,0,0,-21.6791332637767,2.09703550805475e-12,-7.77799539684788e-13,155.20021348235
4213,298.482271815917,0,0,0,-33.1656108477284,267.04999999998296,-102.54410566961201,167.141988333274
4214,383.051296253351,0,0,0,-60.2428719079215,462.544168161279,-198.10000000000701,178.850000000001
4215,465.060915945764,0,0,0,20.8087488823376,534.1,-280.15570670611,190.30787376953603
4216,326.766921304773,0,0,0,5.84243335352549,462.54416816127997,-343.119264979391,201.499584769358
4217,59.9603616407081,0,0,0,-36.7993063632162,267.050000000011,-382.699812375728,212.409480379641
4218,-222.08016616413602,0,0,0,-48.9024682890092,3.66088600502976e-12,-396.2,223.02230212486901
4219,-439.64050976377604,0,0,0,-23.2139044022257,-267.050000000005,-382.699812375728,233.323207014183
4220,-552.114044137287,0,0,0,10.2516007027133,-462.544168161261,-343.119264979398,243.297788300658
4221,-615.6970290606359,0,0,0,-54.37341798494371,-534.1,-280.15570670612004,252.93209563042703
4222,-312.783259160948,0,0,0,85.64825444678971,-462.544168161267,-198.099999999999,262.21265455352903
4223,-118.231791360863,0,0,0,-19.764171060349,-267.050000000016,-102.544105669625,271.126485369128
4224,243.885765332165,0,0,0,-35.7753559466361,-9.41880751811426e-12,-3.49347644511971e-12,279.661121278814
4225,691.696836398695,0,0,0,34.2981049065388,267.05,102.544105669619,287.804625822538
4226,944.305133760053,0,0,0,-11.8846439740539,462.544168161273,198.100000000003,295.545609572831
4227,1151.7115429217401,0,0,0,34.5825901516782,534.1,280.15570670610697,302.873246063958
4228,1045.65285320383,0,0,0,-69.7878668705345,462.54416816128503,343.119264979388,309.777286933693
4229,1007.5205181808699,0,0,0,41.5226295485474,267.049999999995,382.699812375729,316.248076256599
4230,745.831546481454,0,0,0,27.354982432744197,1.5176729031198802e-11,396.2,322.276564048695
4231,421.214832188415,0,0,0,-22.289299112010003,-267.049999999995,382.699812375729,327.85431892469103
4232,199.44033402758302,0,0,0,-14.1083026805929,-462.544168161255,343.1192649794,332.973539890031
4233,51.414345840889204,0,0,0,-32.2684281165208,-534.1,280.15570670610697,337.627067251303
4234,125.180992655263,0,0,0,47.816768186831204,-462.544168161273,198.100000000003,341.808392629702
4235,181.53923564397098,0,0,0,0.533461910767975,-267.050000000026,102.54410566963001,345.5116680636
4236,357.187525605605,0,0,0,8.4558114181602,9.4254194692743e-12,-3.4959288464018703e-12,348.73171418743897
4237,484.73236951088404,0,0,0,-31.237552295039002,267.04999999999,-102.544105669615,351.464027475547
4238,632.413794696849,0,0,0,14.2648399948525,462.544168161267,-198.099999999999,353.704786540729
4239,647.111515788457,0,0,0,37.7163650157484,534.1,-280.155706706104,355.450857478813
4240,488.461199511916,0,0,0,12.336498078343999,462.544168161261,-343.119264979398,356.699798251708
4241,307.4716965192,0,0,0,65.6716467921133,267.050000000005,-382.699812375728,357.44986210280996
4242,-75.71541135389259,0,0,0,-37.21541135391929,2.66925720573678e-11,-396.2,357.7
4243,-266.321043747055,0,0,0,25.9789065258507,-267.049999999985,-382.69981237573097,357.44986210280996
4244,-469.832763886827,0,0,0,-20.8691289978746,-462.544168161265,-343.119264979396,356.699798251708
4245,-418.043109691745,0,0,0,40.761739535551705,-534.1,-280.15570670611,355.450857478813
4246,-286.97156437544703,0,0,0,19.967817245110396,-462.544168161279,-198.10000000000701,353.704786540729
4247,7.61205005622589,0,0,0,25.7421282502741,-267.04999999998296,-102.54410566961201,351.464027475547
4248,328.33249082892104,0,0,0,-20.3992233585145,-2.09042355689471e-12,-7.75347138402625e-13,348.731714187438
4249,726.905109457509,0,0,0,11.7993357243182,267.04999999997995,102.54410566961,345.5116680636
4250,968.354382145636,0,0,0,-34.098178645324204,462.54416816126195,198.099999999995,341.808392629703
4251,1154.39339707368,0,0,0,2.51062311627038,534.1,280.155706706109,337.627067251303
4252,1208.2204694787101,0,0,0,69.5834964480148,462.544168161267,343.119264979395,332.973539890032
4253,997.206686554482,0,0,0,19.6025552540499,267.050000000015,382.699812375727,327.85431892469
4254,675.7025287479689,0,0,0,-42.7740353007648,3.8208415083536795e-11,396.2,322.276564048696
4255,388.15346231995903,0,0,0,-43.7444263123672,-267.050000000001,382.699812375729,316.248076256599
4256,180.384046756376,0,0,0,-9.968336995458301,-462.544168161259,343.119264979398,309.777286933694
4257,83.2521695042817,0,0,0,34.3232167342113,-534.1,280.155706706113,302.87324606395697
4258,79.98068715761941,0,0,0,48.8792457460575,-462.54416816126997,198.100000000001,295.545609572831
4259,136.996873945218,0,0,0,13.6981424530581,-267.04999999999296,102.54410566961599,287.804625822538
4260,282.173556989929,0,0,0,2.51243571112197,-1.3606266583063699e-11,5.04662312320712e-12,279.661121278815
4261,426.057145061141,0,0,0,-9.57523463835153,267.04999999997,-102.544105669606,271.126485369129
4262,519.431991185492,0,0,0,-7.22483152930619,462.544168161271,-198.10000000000198,262.21265455352903
4263,527.866237478775,0,0,0,20.9898485544523,534.1,-280.155706706106,252.932095630429
4264,388.337890227715,0,0,0,25.615198745178,462.54416816127195,-343.119264979393,243.297788300658
4265,100.179532198077,0,0,0,-17.4938624404066,267.05000000002497,-382.699812375726,233.323207014185
4266,-186.81747165746998,0,0,0,-13.6397737823276,-1.09958819174093e-11,-396.2,223.02230212486901
4267,-422.48177434732696,0,0,0,14.858557648751301,-267.049999999991,-382.69981237573,212.40948037964299
4268,-573.6593135130901,0,0,0,30.5045348582056,-462.54416816125297,-343.1192649794,201.499584769358
4269,-667.4744154397661,0,0,0,-43.5265825031928,-534.1,-280.155706706108,190.30787376953498
4270,-498.62595405297697,0,0,0,-16.8317858916977,-462.544168161275,-198.100000000004,178.85
4271,-181.07522744916199,0,0,0,21.3768898871855,-267.050000000003,-102.54410566962,167.141988333276
4272,159.197500561179,0,0,0,3.9972870788624704,-2.5122109609232702e-11,-9.317899108011608e-12,155.200213482351
4273,-955.962192255221,1,0,0,27.5097982929939,267.050000000012,102.544105669624,143.041377099171
4274,841.3373400845461,0,0,0,50.0106875074225,462.544168161265,198.099999999998,130.68248441586002
4275,919.7194828504302,0,0,0,-12.6770443170385,534.1,280.155706706103,118.140820461365
4276,916.5375158192551,0,0,0,5.44015679180468,462.544168161278,343.119264979391,105.43392588678101
4277,754.715667806858,0,0,0,12.386282997950198,267.050000000008,382.699812375728,92.5795724331714
4278,509.590406240403,0,0,0,33.794668164227296,5.199611087596629e-13,396.2,79.5957380761748
4279,225.450629669924,0,0,0,43.3002354119992,-267.049999999981,382.69981237573097,66.5005818821745
4280,-17.199418336906,0,0,0,48.91306623376389,-462.544168161278,343.119264979391,53.3124186112164
4281,-164.84035795155899,0,0,0,49.0542422401769,-534.1,280.155706706111,40.0496931021534
4282,-277.414293126269,0,0,0,-39.701079440861,-462.544168161281,198.100000000008,26.730954475865502
4283,-161.319256573747,0,0,0,-10.1881924360003,-267.05000000001303,102.544105669624,13.3748301926421
4284,20.5308203498978,0,0,0,20.5308203499026,-6.277882621844169e-12,2.32849381649004e-12,-7.8894390684643e-13
4285,203.51145599939,0,0,0,52.38039186164829,267.050000000003,-102.54410566962,-13.374830192641099
4286,212.993876503404,0,0,0,-24.719337181999002,462.54416816126,-198.099999999994,-26.730954475862003
4287,260.77714581325597,0,0,0,46.8825456215084,534.1,-280.15570670610003,-40.0496931021524
4288,74.5740722771848,0,0,0,8.46158770652878,462.544168161269,-343.119264979395,-53.31241861121801
4289,-172.447888569969,0,0,0,9.702505687912561,267.05000000001803,-382.699812375727,-66.5005818821735
4290,-483.743340903687,0,0,0,-7.9476028275249,1.20358041349287e-11,-396.2,-79.5957380761738
4291,-724.103200405846,0,0,0,18.226184403054,-267.049999999998,-382.699812375729,-92.57957243317301
4292,-907.552445632049,0,0,0,3.54491339539715,-462.54416816127195,-343.119264979393,-105.43392588678002
4293,-927.8712965729269,0,0,0,4.52523059454891,-534.1,-280.155706706114,-118.140820461362
4294,-851.7242491525999,0,0,0,-60.3975965754429,-462.544168161287,-198.10000000001202,-130.682484415859
4295,-534.160269593462,0,0,0,-21.5247868246756,-267.049999999997,-102.54410566961799,-143.041377099172
4296,-171.895183202009,0,0,0,-16.6949697196344,-1.77937256480132e-11,-6.59976980129453e-12,-155.20021348235
4297,197.821985591669,0,0,0,-4.63013174466649,267.04999999999296,102.54410566961599,-167.141988333273
4298,469.69274716248003,0,0,0,-12.101420998764699,462.544168161254,198.09999999999002,-178.849999999999
4299,651.0441024595269,0,0,0,27.096269522950102,534.1,280.155706706113,-190.30787376953603
4300,589.526041616169,0,0,0,-14.6378067551408,462.544168161275,343.119264979392,-201.499584769357
4301,432.14075499618303,0,0,0,-5.199576999931169,267.050000000028,382.699812375726,-212.40948037964
4302,175.521970989089,0,0,0,2.34427311396552,-6.808422852459889e-12,396.2,-223.02230212487004
4303,-94.56070377905809,0,0,0,23.1126908593832,-267.04999999998796,382.69981237573,-233.323207014184
4304,-330.51498424976603,0,0,0,32.2077072327611,-462.54416816126604,343.119264979396,-243.297788300657
4305,-498.54562220949504,0,0,0,8.330766714816281,-534.1,280.155706706117,-252.93209563042802
4306,-562.822966034896,0,0,0,-36.166143320100296,-462.54416816126195,198.099999999996,-262.21265455352994
4307,-401.223978451391,0,0,0,34.40840124812269,-267.050000000007,102.544105669622,-271.126485369128
4308,-300.112751377686,0,0,0,-20.4516300988547,-2.93095686741822e-11,1.0871045786099e-11,-279.661121278813
4309,-64.4012656551288,0,0,0,58.897465837037004,267.04999999998296,-102.54410566961201,-287.804625822537
4310,-10.0918189923246,0,0,0,21.0096224192405,462.544168161263,-198.099999999996,-295.545609572832
4311,-68.9084843950063,0,0,0,-19.979531624939803,534.1,-280.15570670611,-302.87324606395697
4312,-231.047512148079,0,0,0,-40.695128396276004,462.54416816127997,-343.11926497939,-309.777286933693
4313,-398.121522546508,0,0,0,33.7763660858361,267.049999999986,-382.69981237573097,-316.2480762566
4314,-692.130444322958,0,0,0,26.346119725732397,4.70742017370912e-12,-396.2,-322.276564048695
4315,-991.205874661539,0,0,0,-13.601743361140402,-267.049999999978,-382.69981237573097,-327.85431892469
4316,-1170.0528096144901,0,0,0,-31.415836583797898,-462.54416816126,-343.119264979398,-332.973539890032
4317,-1133.31956326675,0,0,0,18.563210690665898,-534.1,-280.15570670611197,-337.627067251303
4318,-999.2476622586411,0,0,0,3.20489853232862,-462.54416816126803,-198.1,-341.808392629702
4319,-747.334001038387,0,0,0,-32.2282273051447,-267.050000000017,-102.544105669626,-345.511668063599
4320,-336.829628266858,0,0,0,11.9020859206364,-4.08254117003512e-11,-1.51423217709035e-11,-348.731714187438
4321,54.0195658193769,0,0,0,35.889487625307105,267.049999999999,102.54410566961799,-351.464027475547
4322,285.83735649581,0,0,0,-21.102025124712302,462.544168161257,198.09999999999297,-353.704786540728
4323,463.910132335094,0,0,0,5.10528310780009,534.1,280.15570670610697,-355.450857478813
4324,477.642477831885,0,0,0,28.6788429429281,462.544168161271,343.119264979394,-356.699798251708
4325,344.50563816679,0,0,0,52.20568789387529,267.049999999996,382.699812375729,-357.44986210280996
4326,1541.5363492579902,1,0,0,6.92887594095641,1.62232631998781e-11,396.2,-357.7
4327,-237.96844520006303,0,0,0,3.83160452698238,-267.049999999968,382.69981237573194,-357.44986210280996
4328,-410.001387718677,0,0,0,66.1233137149064,-462.54416816126997,343.119264979394,-356.699798251708
4329,-573.9916266841269,0,0,0,35.4035240885704,-534.1,280.155706706115,-355.450857478813
4330,-661.118672396173,0,0,0,-42.9697176941739,-462.54416816127406,198.100000000003,-353.704786540729
4331,-512.901058638805,0,0,0,3.0688631671236895,-267.050000000001,102.544105669619,-351.464027475547
4332,-350.89748453537004,0,0,0,-2.1657703479372903,8.37888530059493e-12,-3.10776479694412e-12,-348.731714187438
4333,-190.68363431171502,0,0,0,-9.67786057849026,267.04999999998904,-102.54410566961398,-345.5116680636
4334,-56.13047312604711,0,0,0,21.233751342393397,462.544168161252,-198.09999999998902,-341.808392629703
4335,-13.4033154781386,0,0,0,70.2794584792765,534.1,-280.15570670611197,-337.627067251303
4336,-242.187129526901,0,0,0,-28.638492818754397,462.544168161277,-343.119264979392,-332.973539890032
4337,-474.96194022524804,0,0,0,-31.4578089248345,267.050000000006,-382.699812375728,-327.85431892469103
4338,-745.569987841044,0,0,0,-27.0934237923753,2.77391062260471e-11,-396.2,-322.276564048696
4339,-1007.1196919637401,0,0,0,-41.1218033314249,-267.04999999998404,-382.69981237573097,-316.24807625659804
4340,-1141.83545334836,0,0,0,-26.394733274007802,-462.54416816126405,-343.119264979396,-309.777286933694
4341,-1130.78040622368,0,0,0,-13.651453453612001,-534.1,-280.15570670611,-302.873246063958
4342,-958.688132444842,0,0,0,-2.4983547107494504,-462.54416816126405,-198.09999999999698,-295.545609572832
4343,-707.636878107942,0,0,0,-50.238146615808404,-267.04999999998404,-102.54410566961201,-287.804625822537
4344,-235.27084922893602,0,0,0,44.3902720499245,-3.34970277391316e-11,-1.24241924641864e-11,-279.661121278815
4345,65.8050091249053,0,0,0,-32.6626111755539,267.049999999979,102.54410566961,-271.12648536912997
4346,400.917251288823,0,0,0,2.4857376810958702,462.544168161261,198.099999999995,-262.21265455352903
4347,570.649935935489,0,0,0,9.32632485980798,534.1,280.155706706109,-252.93209563042802
4348,530.690373381373,0,0,0,-31.6752714586309,462.544168161267,343.119264979395,-243.297788300659
4349,385.429522026915,0,0,0,-30.997083334665604,267.050000000042,382.69981237572404,-233.32320701418598
4350,172.431774542067,0,0,0,-0.7459233330421209,-2.1465190774898998e-11,396.2,-223.02230212487004
4351,-49.12662762134979,0,0,0,47.633040382534,-267.049999999974,382.69981237573194,-212.409480379642
4352,-337.615238624247,0,0,0,-16.6907506730281,-462.544168161258,343.119264979399,-201.49958476935902
4353,-465.427995890895,0,0,0,-21.1758288274723,-534.1,280.155706706113,-190.30787376953603
4354,-449.873325801305,0,0,0,-6.57915764003711,-462.54416816126997,198.100000000001,-178.849999999999
4355,-305.268987853561,0,0,0,26.3788948100912,-267.049999999994,102.54410566961599,-167.14198833327498
4356,-111.59506425606001,0,0,0,43.6051492263206,-4.50128707653006e-11,1.6695468448990902e-11,-155.200213482352
4357,46.431054706621296,0,0,0,24.9665374753993,267.050000000022,-102.544105669628,-143.041377099172
4358,160.703863168652,0,0,0,26.9421794232475,462.544168161255,-198.09999999999098,-130.682484415859
4359,160.03678169070298,0,0,0,24.233308858172304,534.1,-280.155706706106,-118.140820461364
4360,79.75992522983009,0,0,0,65.76894793473289,462.544168161273,-343.119264979393,-105.43392588678302
4361,-202.898335076715,0,0,0,5.33104973218745,267.049999999999,-382.699812375729,-92.5795724331727
4362,-411.14627613115096,0,0,0,64.6494619450321,-9.94934774872998e-12,-396.2,-79.59573807617359
4363,-719.086581976469,0,0,0,-2.83618771859599,-267.049999999964,-382.699812375733,-66.5005818821758
4364,-900.780476183685,0,0,0,-41.804624431795396,-462.54416816128304,-343.119264979389,-53.3124186112177
4365,-828.607898888684,0,0,0,25.6975009195851,-534.1,-280.155706706116,-40.049693102152204
4366,-685.028055314572,0,0,0,2.3470673225723298,-462.544168161276,-198.100000000005,-26.7309544758643
4367,-374.494932076266,0,0,0,8.47400378600192,-267.050000000004,-102.54410566962099,-13.3748301926434
4368,24.870657923484202,0,0,0,24.870657923478998,4.19142623564548e-12,1.55461811885671e-12,-5.2566739206601e-13
4369,361.975637012673,0,0,0,-20.9932988496043,267.050000000012,102.544105669624,13.3748301926423
4370,688.527313438616,0,0,0,1.1521908015153401,462.54416816125,198.09999999998797,26.7309544758632
4371,834.567964457679,0,0,0,-19.7374353505746,534.1,280.155706706103,40.0496931021511
4372,801.517306835359,0,0,0,-57.458544916527,462.544168161279,343.119264979391,53.31241861121671
4373,640.6515763237339,0,0,0,-75.5988179341775,267.050000000009,382.699812375728,66.5005818821748
4374,441.404828769845,0,0,0,-34.390909306329,1.56649527743902e-12,396.2,79.59573807617251
4375,170.84339301946198,0,0,0,-37.3859917894318,-267.050000000007,382.699812375728,92.5795724331717
4376,37.61350211107779,0,0,0,51.604479406184204,-462.544168161277,343.119264979392,105.43392588677901
4377,-115.901090656231,0,0,0,19.9023821762865,-534.1,280.155706706119,118.14082046136299
4378,-149.49409809829902,0,0,0,-15.732414352883598,-462.54416816128196,198.100000000008,130.682484415858
4379,-14.7182503064479,0,0,0,6.746266924770759,-267.050000000014,102.544105669625,143.041377099171
4380,166.421936339452,0,0,0,11.221722857105801,-7.32441679052353e-12,2.7166578659477795e-12,155.200213482351
4381,284.961448891471,0,0,0,-46.686433772185104,267.050000000002,-102.544105669619,167.141988333274
4382,444.533075284191,0,0,0,1.23890712293246,462.544168161244,-198.09999999998402,178.849999999998
4383,395.83048497543297,0,0,0,-48.4216820879866,534.1,-280.155706706115,190.30787376953498
4384,320.403475775957,0,0,0,-0.521012175295989,462.544168161284,-343.119264979389,201.499584769358
4385,67.0957997778722,0,0,0,-29.6638682260611,267.050000000019,-382.699812375727,212.409480379641
4386,-140.76880429663998,0,0,0,32.408893578478306,1.3082338303608001e-11,-396.2,223.02230212486901
4387,-418.12774236190694,0,0,0,-1.7011370003641297,-267.049999999997,-382.699812375729,233.323207014183
4388,-568.792990124771,0,0,0,-6.427345284764139,-462.544168161271,-343.119264979394,243.297788300658
4389,-538.38374516422,0,0,0,22.9398659114753,-534.1,-280.15570670612203,252.93209563042703
4390,-428.956080606881,0,0,0,-30.524566999160104,-462.544168161257,-198.09999999999198,262.21265455352903
4391,-133.674433269982,0,0,0,-35.2068129694579,-267.050000000024,-102.544105669629,271.126485369129
4392,293.923566973478,0,0,0,14.262445694690301,-1.88402598166925e-11,-6.98793385075228e-12,279.661121278814
4393,684.524686207078,0,0,0,27.125954714934696,267.049999999992,102.544105669615,287.804625822536
4394,976.10270450294,0,0,0,19.912926768841103,462.54416816126803,198.1,295.545609572831
4395,1075.93930462881,0,0,0,-41.189648141263106,534.1,280.15570670611197,302.87324606395697
4396,1114.2271283259402,0,0,0,-1.21359174842855,462.54416816129003,343.119264979387,309.777286933693
4397,924.0580715774989,0,0,0,-41.9398170548081,267.049999999977,382.69981237573097,316.248076256599
4398,750.678253131617,0,0,0,32.2016890828977,2.4598181329776998e-11,396.2,322.276564048695
4399,467.17284930598,0,0,0,23.668718005545696,-267.049999999987,382.69981237573,327.85431892469103
4400,255.216042565247,0,0,0,41.6674058570856,-462.54416816126604,343.119264979396,332.973539890031
4401,94.9807237903787,0,0,0,11.297949832966198,-534.1,280.155706706109,337.627067251303
4402,30.0223733068887,0,0,0,-47.3418511615469,-462.544168161263,198.099999999996,341.808392629702
4403,154.744230533307,0,0,0,-26.2615431998914,-267.050000000034,102.54410566963301,345.5116680636
4404,367.142530112686,0,0,0,18.4108159252667,-3.03561028428615e-11,1.1259209835556801e-11,348.731714187438
4405,498.020143291603,0,0,0,-17.9497785143144,267.049999999982,-102.544105669611,351.464027475547
4406,585.981571891763,0,0,0,-32.167382810232,462.544168161263,-198.099999999996,353.704786540729
4407,674.264266902001,0,0,0,64.8691161292976,534.1,-280.155706706109,355.450857478813
4408,523.844642454853,0,0,0,47.7199410212751,462.54416816126604,-343.119264979396,356.699798251708
4409,208.621022790223,0,0,0,-33.1790269368432,267.049999999987,-382.69981237573,357.44986210280996
4410,-84.36971182939091,0,0,0,-45.869711829427004,3.6114024355946e-11,-396.2,357.7
4411,-311.725369736489,0,0,0,-19.4254194635905,-267.049999999977,-382.69981237573097,357.44986210280996
4412,-446.13293052883796,0,0,0,2.8307043601116697,-462.54416816126,-343.119264979398,356.699798251708
4413,-419.907590594144,0,0,0,38.897258633155204,-534.1,-280.15570670611197,355.450857478813
4414,-320.495991821118,0,0,0,-13.556610200578302,-462.54416816126803,-198.1,353.704786540729
4415,-50.3184281331834,0,0,0,-32.1883499390498,-267.050000000044,-102.54410566963699,351.464027475548
4416,379.44128829016097,0,0,0,30.7095741026969,1.88481941580846e-11,6.99087673229087e-12,348.731714187438
4417,722.768515192397,0,0,0,7.662741459218429,267.049999999972,102.54410566960699,345.5116680636
4418,968.171312158188,0,0,0,-34.2812486327645,462.544168161257,198.09999999999198,341.808392629703
4419,1135.55960674746,0,0,0,-16.3231672099494,534.1,280.155706706106,337.627067251303
4420,1089.4006834082902,0,0,0,-49.2362896224055,462.544168161271,343.119264979394,332.973539890032
4421,959.9264306088811,0,0,0,-17.677700691535698,267.049999999997,382.699812375729,327.85431892469
4422,709.820240375578,0,0,0,-8.656323673165609,4.7629867382115e-11,396.2,322.276564048696
4423,380.439748436565,0,0,0,-51.4581401957418,-267.050000000019,382.699812375727,316.248076256599
4424,134.904918267465,0,0,0,-55.44746548437511,-462.544168161254,343.1192649794,309.777286933694
4425,66.2017523250931,0,0,0,17.272799555020303,-534.1,280.155706706115,302.87324606395697
4426,84.5477048993407,0,0,0,53.446263487779,-462.54416816127406,198.100000000004,295.545609572832
4427,70.512586951087,0,0,0,-52.786144541068495,-267.050000000002,102.544105669619,287.804625822538
4428,313.490520039964,0,0,0,33.8293987611435,7.33235113191557e-12,-2.71960074748638e-12,279.661121278815
4429,-1041.76947160129,1,0,0,18.7056220162407,267.049999999962,-102.544105669603,271.126485369129
4430,539.946045746024,0,0,0,13.2892230312225,462.54416816128196,-198.100000000008,262.21265455352903
4431,490.92829565404196,0,0,0,-15.948093270283,534.1,-280.155706706103,252.932095630429
4432,321.369384763245,0,0,0,-41.3533067192987,462.544168161277,-343.119264979392,243.297788300658
4433,123.82976943174101,0,0,0,6.15637479327747,267.050000000007,-382.699812375728,233.323207014185
4434,-165.46722470618,0,0,0,7.71047316895247,-1.57442961883107e-12,-396.2,223.02230212486901
4435,-404.993581335289,0,0,0,32.3467506608061,-267.050000000009,-382.699812375728,212.40948037964299
4436,-638.529313312991,0,0,0,-34.3654649416988,-462.544168161248,-343.11926497940203,201.499584769358
4437,-630.5008299870369,0,0,0,-6.5529970504562405,-534.1,-280.155706706118,190.307873769537
4438,-468.356611650202,0,0,0,13.4375565110846,-462.54416816127997,-198.10000000000701,178.85
4439,-228.807422593406,0,0,0,-26.3553052570465,-267.050000000012,-102.544105669624,167.141988333276
4440,177.430432396461,0,0,0,22.2302189141154,-4.18349189425343e-12,-1.5516752373181202e-12,155.200213482351
4441,443.373219262098,0,0,0,-69.26226350669779,267.050000000004,102.54410566962099,143.041377099171
4442,832.316458118022,0,0,0,40.989805540881,462.544168161276,198.100000000005,130.68248441586002
4443,902.894038081871,0,0,0,-29.5024890855927,534.1,280.15570670610003,118.14082046136299
4444,914.140261695414,0,0,0,3.04290266796077,462.54416816128304,343.119264979389,105.43392588678101
4445,768.1013873349041,0,0,0,25.772002525988697,267.050000000017,382.699812375727,92.5795724331715
4446,496.834192655578,0,0,0,21.038454579393,9.941413407337939e-12,396.2,79.5957380761748
4447,155.67910526101002,0,0,0,-26.4712889968942,-267.049999999999,382.699812375729,66.5005818821746
4448,-77.0466016687358,0,0,0,-10.9341170980725,-462.544168161273,343.119264979393,53.3124186112165
4449,-181.179624341716,0,0,0,32.7149758500248,-534.1,280.155706706106,40.049693102153505
4450,-210.83302331168,0,0,0,26.8801903737291,-462.544168161286,198.100000000011,26.7309544758656
4451,-155.09975342196,0,0,0,-3.9686892842078,-267.050000000022,102.544105669628,13.3748301926421
4452,2.41184915560938,0,0,0,2.4118491556199504,-1.56993349204224e-11,5.822951222122611e-12,-7.01332674835429e-13
4453,149.324763152272,0,0,0,-1.80630098546457,267.049999999994,-102.54410566961599,-13.374830192641001
4454,241.214934771442,0,0,0,3.50172108603522,462.54416816126997,-198.100000000001,-26.730954475861896
4455,205.807376274069,0,0,0,-8.08722391768172,534.1,-280.15570670609696,-40.0496931021523
4456,17.2095414696814,0,0,0,-48.9029431009605,462.544168161258,-343.119264979399,-53.3124186112179
4457,-197.639760683341,0,0,0,-15.489366425468399,267.050000000027,-382.699812375726,-66.5005818821735
4458,-477.08846728813796,0,0,0,-1.29272921198567,2.1457256433506898e-11,-396.2,-79.5957380761737
4459,-766.3961170937739,0,0,0,-24.066732284882,-267.04999999998904,-382.69981237573,-92.57957243317291
4460,-906.2447998999099,0,0,0,4.85255912753273,-462.544168161267,-343.119264979395,-105.43392588678002
4461,-917.8887096697999,0,0,0,14.507817497670699,-534.1,-280.155706706109,-118.140820461362
4462,-751.8181118264191,0,0,0,39.508540750745894,-462.544168161291,-198.100000000015,-130.682484415859
4463,-507.449569078212,0,0,0,5.185913690549099,-267.049999999979,-102.54410566961,-143.041377099172
4464,-176.346388802822,0,0,0,-21.1461753204344,-2.72151779465914e-11,-1.00942272069271e-11,-155.20021348235
4465,210.136500265858,0,0,0,7.68438292953415,267.04999999998404,102.54410566961201,-167.141988333273
4466,444.929091213873,0,0,0,-36.8650769473891,462.54416816126405,198.09999999999698,-178.849999999999
4467,651.93936488583,0,0,0,27.9915319492555,534.1,280.15570670611,-190.30787376953603
4468,621.0125789939219,0,0,0,16.8487306226184,462.54416816126405,343.119264979396,-201.499584769357
4469,423.79444952799895,0,0,0,-13.5458824681209,267.050000000037,382.699812375725,-212.409480379642
4470,210.08109472540798,0,0,0,36.9033968503056,-2.77470405674392e-11,396.2,-223.02230212487004
4471,-101.477830825587,0,0,0,16.1955638128453,-267.049999999979,382.69981237573097,-233.323207014184
4472,-351.647602253237,0,0,0,11.0750892292838,-462.544168161261,343.11926497939703,-243.297788300657
4473,-519.986517186397,0,0,0,-13.110128262080801,-534.1,280.15570670611197,-252.93209563042802
4474,-498.99767113203103,0,0,0,27.659151582766498,-462.544168161267,198.099999999999,-262.21265455352903
4475,-356.290407937454,0,0,0,79.3419717620495,-267.04999999998904,102.54410566961398,-271.126485369128
4476,-275.35119208097,0,0,0,4.30992919786788,-3.8731020972760496e-11,1.43655031917316e-11,-279.661121278813
4477,-124.05623842888001,0,0,0,-0.757506936709477,267.049999999974,-102.544105669608,-287.804625822537
4478,-57.420245726771896,0,0,0,-26.3188043152052,462.544168161258,-198.09999999999297,-295.545609572832
4479,-2.62925665904915,0,0,0,46.299696111014796,534.1,-280.15570670610697,-302.87324606395697
4480,-183.897500128737,0,0,0,6.45488362307993,462.54416816126997,-343.119264979394,-309.777286933693
4481,-436.483960095858,0,0,0,-4.58607146352301,267.049999999994,-382.69981237573,-316.2480762566
4482,-732.7944774696131,0,0,0,-14.317913420901698,-1.6231197541270197e-11,-396.2,-322.276564048695
4483,-935.8126996470951,0,0,0,41.7914316532961,-267.049999999969,-382.69981237573194,-327.85431892469
4484,-1185.6905111255699,0,0,0,-47.053538094883606,-462.54416816125604,-343.119264979399,-332.973539890032
4485,-1165.88486406758,0,0,0,-14.0020901101666,-534.1,-280.155706706115,-337.627067251303
4486,-1004.4207490290302,0,0,0,-1.9681882380536002,-462.544168161273,-198.100000000003,-341.808392629702
4487,-697.031264510454,0,0,0,18.074509222762497,-267.049999999999,-102.54410566961799,-345.511668063599
4488,-312.79679888817003,0,0,0,35.9349152993374,-5.02468639989295e-11,-1.86367791765361e-11,-348.731714187438
4489,69.194144773429,0,0,0,51.0640665793335,267.050000000017,102.544105669626,-351.464027475547
4490,311.648847340102,0,0,0,4.70946571958784,462.54416816125297,198.09999999999002,-353.704786540728
4491,426.998889983128,0,0,0,-31.805959244163798,534.1,280.155706706104,-355.450857478813
4492,443.099571930341,0,0,0,-5.864062958618231,462.544168161275,343.119264979392,-356.699798251708
4493,340.19985935100203,0,0,0,47.89990907807999,267.050000000004,382.699812375728,-357.44986210280996
4494,34.7724238182425,0,0,0,-3.72757618175282,-4.7153545151011606e-12,396.2,-357.7
4495,-261.49824793603403,0,0,0,-19.698198208997397,-267.04999999995897,382.699812375733,-357.44986210280996
4496,-471.37162907745795,0,0,0,4.75307235613992,-462.54416816127997,343.11926497939,-356.699798251708
4497,-555.220460292677,0,0,0,54.1746904800179,-534.1,280.155706706118,-355.450857478813
4498,-566.559292349972,0,0,0,51.589662352028704,-462.544168161278,198.100000000006,-353.704786540729
4499,-563.8119156451011,0,0,0,-47.8419938391677,-267.050000000009,102.544105669622,-351.464027475547
4500,-387.865956410699,0,0,0,-39.134242223259704,-1.0425669979833399e-12,3.8669260868844704e-13,-348.731714187438
4501,-221.592762747902,0,0,0,-40.586989014687795,267.050000000007,-102.544105669622,-345.5116680636
4502,-50.817194191510296,0,0,0,26.547030276932002,462.544168161247,-198.099999999986,-341.808392629703
4503,-84.9311536196065,0,0,0,-1.24837966218599,534.1,-280.155706706117,-337.627067251303
4504,-192.352522207487,0,0,0,21.1961145006539,462.544168161281,-343.11926497939,-332.973539890032
4505,-455.226033608328,0,0,0,-11.721902307924,267.050000000014,-382.699812375727,-327.85431892469103
4506,-677.777609727597,0,0,0,40.6989543210922,6.80048851106784e-12,-396.2,-322.276564048696
4507,-956.304457282475,0,0,0,9.693431349854471,-267.050000000002,-382.699812375729,-316.24807625659804
4508,-1070.65878315775,0,0,0,44.7819369166107,-462.544168161275,-343.119264979392,-309.777286933694
4509,-1159.57142128403,0,0,0,-42.442468513947794,-534.1,-280.155706706121,-302.873246063958
4510,-982.679519089661,0,0,0,-26.489741355535198,-462.544168161284,-198.10000000001,-295.545609572832
4511,-697.904550652138,0,0,0,-40.505819159956395,-267.050000000019,-102.544105669627,-287.804625822537
4512,-259.321333561251,0,0,0,20.3397877175807,-1.25584100241523e-11,-4.65796859349294e-12,-279.661121278815
4513,83.8587566808348,0,0,0,-14.6088636196499,267.049999999997,102.54410566961799,-271.12648536912997
4514,415.029516652755,0,0,0,16.5980030450115,462.54416816127195,198.10000000000198,-262.21265455352903
4515,596.690618734567,0,0,0,35.367007658880894,534.1,280.155706706114,-252.93209563042802
4516,586.940557949478,0,0,0,24.5749131094618,462.544168161287,343.119264979388,-243.297788300659
4517,392.512546900067,0,0,0,-23.914058461497504,267.050000000024,382.699812375726,-233.32320701418598
4518,123.515598715503,0,0,0,-49.662099159647596,1.83163315372368e-11,396.2,-223.02230212486802
4519,-109.481691161391,0,0,0,-12.7220231574876,-267.049999999992,382.69981237573,-212.409480379642
4520,-305.090278091899,0,0,0,15.834209859333901,-462.544168161269,343.119264979395,-201.49958476935902
4521,-433.720227838106,0,0,0,10.5319392253068,-534.1,280.155706706124,-190.30787376953603
4522,-443.5565494361401,0,0,0,-0.26238127487483603,-462.54416816126,198.099999999994,-178.849999999999
4523,-337.198058669736,0,0,0,-5.55017600606358,-267.050000000029,102.54410566963101,-167.14198833327498
4524,-172.25308076578997,0,0,0,-17.0528672834224,-2.40742530503214e-11,8.929244578297439e-12,-155.200213482352
4525,49.87325799572229,0,0,0,28.4087407645206,267.049999999987,-102.544105669613,-143.041377099172
4526,91.9673142748033,0,0,0,-41.794369470605204,462.54416816126604,-198.099999999998,-130.682484415859
4527,107.86066754677499,0,0,0,-27.942805285749397,534.1,-280.155706706111,-118.140820461364
4528,15.809998939630699,0,0,0,1.81902164450622,462.54416816129304,-343.119264979386,-105.43392588678302
4529,-182.81603541974098,0,0,0,25.4133493891819,267.049999999981,-382.69981237573097,-92.5795724331728
4530,-517.6878238248539,0,0,0,-41.892085748710606,2.9832174563405895e-11,-396.2,-79.59573807617359
4531,-730.481595146775,0,0,0,-14.2312008888863,-267.049999999982,-382.69981237573097,-66.5005818821759
4532,-814.919498063084,0,0,0,44.056353688795795,-462.544168161263,-343.11926497939703,-53.312418611220295
4533,-851.9438021627659,0,0,0,2.36159764549694,-534.1,-280.155706706111,-40.0496931021523
4534,-683.690920760757,0,0,0,3.6842018763702,-462.544168161265,-198.099999999998,-26.730954475864397
4535,-356.615148006835,0,0,0,26.3537878554815,-267.050000000039,-102.54410566963499,-13.374830192643499
4536,-5.4206943651239,0,0,0,-5.42069436515774,2.5130043950624802e-11,9.32084198955021e-12,-6.13278624077012e-13
4537,371.697071566439,0,0,0,-11.2718642957894,267.049999999977,102.544105669609,13.3748301926422
4538,662.812570075673,0,0,0,-24.562552561445102,462.54416816126,198.099999999994,26.730954475863104
4539,846.159208553918,0,0,0,-8.14619125434107,534.1,280.155706706108,40.049693102151
4540,837.463904973288,0,0,0,-21.5119467785912,462.54416816126803,343.119264979395,53.3124186112166
4541,757.7948050932001,0,0,0,41.544410835304106,267.049999999991,382.69981237573,66.5005818821747
4542,531.281761034631,0,0,0,55.4860229584169,4.13480175895749e-11,396.2,79.59573807617251
4543,261.755773130397,0,0,0,53.526388321468296,-267.049999999972,382.69981237573194,92.5795724331691
4544,-30.002650282330197,0,0,0,-16.0116729872534,-462.544168161257,343.119264979399,105.43392588678101
4545,-73.77203100378419,0,0,0,62.031441828739005,-534.1,280.155706706114,118.14082046136299
4546,1353.05495340339,1,0,0,-9.29083616821722,-462.544168161271,198.10000000000198,130.682484415858
4547,-18.173267497273603,0,0,0,3.29124973393452,-267.049999999996,102.54410566961701,143.041377099171
4548,184.951725844431,0,0,0,29.7515123620711,1.3614200924455799e-11,-5.04956600474571e-12,155.200213482351
4549,308.151375111571,0,0,0,-23.4965075520645,267.049999999967,-102.544105669605,167.141988333274
4550,458.08841734629306,0,0,0,14.7942491850312,462.544168161254,-198.09999999999098,178.849999999998
4551,466.804553024935,0,0,0,22.552385961504697,534.1,-280.155706706105,190.30787376953498
4552,282.96535217541,0,0,0,-37.959135775829395,462.54416816127406,-343.119264979393,201.499584769358
4553,52.0089527038554,0,0,0,-44.750715300057706,267.050000000001,-382.699812375729,212.409480379641
4554,-219.55774345090302,0,0,0,-46.3800455758229,5.2863860615743895e-11,-396.2,223.02230212486697
4555,-413.43484664138,0,0,0,2.9917587201789506,-267.050000000015,-382.699812375727,233.323207014183
4556,-582.36961929622,0,0,0,-20.0039744562253,-462.544168161251,-343.119264979401,243.297788300658
4557,-557.297632220474,0,0,0,4.02597885521568,-534.1,-280.155706706117,252.93209563042703
4558,-402.12909215405097,0,0,0,-3.6975785462971698,-462.544168161277,-198.100000000005,262.21265455352903
4559,1352.55918682679,1,0,0,-45.0806661897354,-267.050000000006,-102.54410566962099,271.126485369129
4560,271.915612521684,0,0,0,-7.74550875713307,2.09835789828675e-12,7.782900199412209e-13,279.661121278814
4561,693.8978394946499,0,0,0,36.499108002555296,267.049999999957,102.544105669601,287.804625822536
4562,966.341170713942,0,0,0,10.1513929798259,462.544168161279,198.10000000000701,295.545609572831
4563,1070.2397366339699,0,0,0,-46.889216136094504,534.1,280.15570670610197,302.87324606395697
4564,1119.0560544492998,0,0,0,3.6153343749377598,462.54416816127997,343.119264979391,309.777286933693
4565,940.238959197598,0,0,0,-25.758929434739,267.050000000011,382.699812375728,316.24807625659804
4566,686.71304572892,0,0,0,-31.7635183197782,3.65956361479775e-12,396.2,322.276564048695
4567,431.477603569429,0,0,0,-12.026527730985501,-267.050000000005,382.699812375728,327.85431892469
4568,185.362548925178,0,0,0,-28.186087783010997,-462.54416816124603,343.119264979403,332.973539890031
4569,95.2866296596684,0,0,0,11.6038557022615,-534.1,280.155706706104,337.627067251303
4570,62.6006757947422,0,0,0,-14.763548673687,-462.54416816128304,198.100000000009,341.808392629703
4571,164.440802592419,0,0,0,-16.564971140790302,-267.050000000016,102.544105669625,345.5116680636
4572,327.645458233027,0,0,0,-21.086255954405104,-9.41748512788225e-12,3.49298596486327e-12,348.731714187438
4573,561.152210180188,0,0,0,45.1822883742599,267.05,-102.544105669619,351.464027475547
4574,636.735005147258,0,0,0,18.5860504452589,462.544168161273,-198.100000000003,353.704786540729
4575,586.675552990189,0,0,0,-22.7195977825251,534.1,-280.155706706099,355.450857478813
4576,504.931547825194,0,0,0,28.806846391589104,462.54416816128503,-343.119264979388,356.699798251708
4577,263.038993036187,0,0,0,21.2389433090829,267.05000000002104,-382.699812375727,357.44986210280996
4578,21.7046781116157,0,0,0,60.2046781116005,1.5175406640966802e-11,-396.2,357.7
4579,-267.480379248415,0,0,0,24.819571024499,-267.049999999995,-382.699812375729,357.44986210280996
4580,-458.802427903339,0,0,0,-9.83879301438338,-462.54416816126997,-343.119264979394,356.699798251708
4581,-459.089853867702,0,0,0,-0.285004640408325,-534.1,-280.15570670610697,355.450857478813
4582,-283.86977175471196,0,0,0,23.0696098658604,-462.544168161288,-198.100000000013,353.704786540729
4583,-81.7075672117995,0,0,0,-63.577489017691406,-267.050000000026,-102.54410566963001,351.464027475548
4584,385.089615902059,0,0,0,36.357901714649,-2.09333281540513e-11,-7.76426194966777e-12,348.731714187438
4585,681.499035302139,0,0,0,-33.606738431065104,267.04999999999,102.544105669615,345.5116680636
4586,1037.2916868371,0,0,0,34.8391260461342,462.544168161267,198.099999999999,341.808392629703
4587,1095.7050535644698,0,0,0,-56.1777203929481,534.1,280.15570670611197,337.627067251303
4588,1118.64079128092,0,0,0,-19.9961817497691,462.544168161261,343.119264979398,332.973539890032
4589,960.780736272364,0,0,0,-16.823395028083,267.050000000031,382.699812375725,327.85431892469
4590,681.992931025732,0,0,0,-36.483633022991,2.6691249667135802e-11,396.2,322.276564048696
4591,432.91869511770403,0,0,0,1.02080648535917,-267.049999999985,382.69981237573097,316.248076256599
4592,122.263903644016,0,0,0,-68.0884801078098,-462.544168161265,343.119264979396,309.777286933694
4593,48.695615696356604,0,0,0,-0.233337073710817,-534.1,280.15570670611,302.87324606395697
4594,-2.9014758407121097,0,0,0,-34.0029172522667,-462.544168161294,198.100000000016,295.545609572832
4595,202.01785660236303,0,0,0,78.7191251101969,-267.04999999998296,102.54410566961201,287.804625822538
4596,269.08034587871003,0,0,0,-10.580775400083999,-3.2449171180220304e-11,1.2035537934472302e-11,279.661121278814
4597,451.079294581437,0,0,0,15.446914881938401,267.04999999997995,-102.54410566961,271.126485369129
4598,604.027666355659,0,0,0,77.37084364086391,462.54416816126195,-198.099999999995,262.21265455352903
4599,470.22229398235396,0,0,0,-36.6540949419664,534.1,-280.155706706109,252.932095630429
4600,364.65660449352697,0,0,0,1.9339130109980902,462.544168161267,-343.119264979395,243.297788300658
4601,92.44584982660021,0,0,0,-25.2275448119014,267.050000000041,-382.69981237572404,233.323207014185
4602,-213.17805829061902,0,0,0,-40.0003604154656,-2.25130473338104e-11,-396.2,223.02230212486901
4603,-413.73165722836404,0,0,0,23.6086747677003,-267.049999999975,-382.69981237573194,212.40948037964299
4604,-615.535600929431,0,0,0,-11.371752558131599,-462.544168161259,-343.119264979398,201.499584769358
4605,-689.699114770766,0,0,0,-65.7512818341901,-534.1,-280.155706706113,190.307873769537
4606,-486.519673679544,0,0,0,-4.72550551827397,-462.54416816126997,-198.100000000001,178.85
4607,-212.41669583637298,0,0,0,-9.9645785000395,-267.04999999999296,-102.54410566961599,167.141988333276
4608,146.089464171273,0,0,0,-9.11074931101814,-4.39650142063893e-11,-1.63068139192768e-11,155.200213482351
4609,600.6724028426651,0,0,0,88.03692007384359,267.050000000022,102.544105669628,143.041377099171
4610,793.604742801954,0,0,0,2.27809022484618,462.54416816125604,198.09999999999198,130.68248441586002
4611,965.455376621775,0,0,0,33.0588494543062,534.1,280.155706706106,118.14082046136299
4612,909.6190672778109,0,0,0,-1.47829174963642,462.54416816127195,343.119264979393,105.43392588678101
4613,765.2185577606099,0,0,0,22.889172951710897,267.049999999998,382.699812375729,92.57957243317159
4614,520.9515650332511,0,0,0,45.1558269570874,-1.09972043076414e-11,396.2,79.59573807617491
4615,184.899556883554,0,0,0,2.7491626256115897,-267.049999999965,382.699812375733,66.5005818821747
4616,-112.50681138702801,0,0,0,-46.3943268163941,-462.54416816125297,343.1192649794,53.3124186112191
4617,-185.272833723791,0,0,0,28.621766467939896,-534.1,280.155706706116,40.049693102153604
4618,-267.20062557419,0,0,0,-29.4874118887848,-462.544168161275,198.100000000004,26.730954475865698
4619,-115.59732011860201,0,0,0,35.533744019139206,-267.050000000003,102.54410566962,13.3748301926422
4620,11.8939641831915,0,0,0,11.893964183188801,5.239282794556849e-12,-1.94327264857089e-12,-6.13721442824427e-13
4621,182.709974613807,0,0,0,31.5789104760592,267.050000000012,-102.544105669624,-13.3748301926409
4622,197.52310583807,0,0,0,-40.1901078473273,462.54416816125,-198.09999999998797,-26.730954475864397
4623,233.40511287442,0,0,0,19.5105126826746,534.1,-280.155706706103,-40.0496931021523
4624,58.5305013813186,0,0,0,-7.58198318935059,462.544168161278,-343.119264979391,-53.312418611217794
4625,-238.018574053011,0,0,0,-55.8681797951178,267.050000000008,-382.699812375728,-66.50058188217339
4626,-495.272537887547,0,0,0,-19.476799811373603,5.186387185276551e-13,-396.2,-79.59573807617359
4627,-732.2169770397729,0,0,0,10.1124077690858,-267.049999999955,-382.69981237573404,-92.5795724331703
4628,-870.173509415586,0,0,0,40.9238496118633,-462.544168161278,-343.119264979391,-105.43392588678002
4629,-899.788437500368,0,0,0,32.608089667113106,-534.1,-280.155706706119,-118.140820461362
4630,-704.084553372852,0,0,0,87.24209920429571,-462.544168161281,-198.100000000008,-130.682484415859
4631,-466.725070282237,0,0,0,45.91041248657311,-267.05000000001303,-102.544105669624,-143.041377099172
4632,-135.213881943148,0,0,0,19.986331539210997,-6.27656023161216e-12,-2.32800333623361e-12,-155.20021348235
4633,207.826025004875,0,0,0,5.37390766852497,267.050000000003,102.54410566962,-167.141988333272
4634,471.632973916661,0,0,0,-10.161194244568199,462.544168161244,198.09999999998402,-178.849999999999
4635,551.223065748388,0,0,0,-72.7247671881911,534.1,280.155706706116,-190.30787376953603
4636,615.332237626859,0,0,0,11.1683892555424,462.544168161284,343.119264979389,-201.499584769357
4637,459.341034710672,0,0,0,22.0007027145679,267.05000000001803,382.699812375727,-212.409480379642
4638,170.803062370254,0,0,0,-2.37463550489028,1.20344817446967e-11,396.2,-223.02230212486802
4639,-132.173623336353,0,0,0,-14.500228697901,-267.049999999998,382.699812375729,-233.323207014184
4640,-396.593899691359,0,0,0,-33.8712082088236,-462.54416816127195,343.119264979393,-243.297788300657
4641,-568.008874828629,0,0,0,-61.132485904323595,-534.1,280.15570670612203,-252.93209563042802
4642,-542.255984362095,0,0,0,-15.599161647301099,-462.54416816125604,198.09999999999198,-262.21265455352903
4643,-419.176389791708,0,0,0,16.455989907815002,-267.050000000023,102.544105669628,-271.126485369128
4644,-359.124435255445,0,0,0,-79.46331397662041,-1.77924032577812e-11,6.5992793210381e-12,-279.661121278813
4645,-135.715614158964,0,0,0,-12.4168826668044,267.04999999999296,-102.54410566961599,-287.804625822537
4646,-66.7640407513143,0,0,0,-35.662599339751395,462.544168161269,-198.1,-295.545609572832
4647,-56.012768054484994,0,0,0,-7.083815284415519,534.1,-280.155706706113,-302.87324606395697
4648,-214.40921575991902,0,0,0,-24.0568320081277,462.54416816129003,-343.119264979387,-309.777286933694
4649,-471.95039991814,0,0,0,-40.0525112858446,267.050000000028,-382.699812375726,-316.24807625659804
4650,-731.5056892686259,0,0,0,-13.0291252199546,2.35503247708657e-11,-396.2,-322.276564048695
4651,-1001.8105237465302,0,0,0,-24.2063924461194,-267.04999999998796,-382.69981237573,-327.85431892469
4652,-1140.60511447292,0,0,0,-1.96814144222296,-462.54416816126604,-343.119264979396,-332.973539890032
4653,-1228.55667546324,0,0,0,-76.6739015058267,-534.1,-280.155706706109,-337.627067251303
4654,-981.1958244108009,0,0,0,21.256736380159897,-462.54416816126195,-198.099999999996,-341.808392629702
4655,-703.3660300153219,0,0,0,11.7397437179427,-267.050000000033,-102.54410566963301,-345.511668063599
4656,-412.063765583012,0,0,0,-63.332051395533504,-2.9308246283950194e-11,-1.0870555305842599e-11,-348.731714187438
4657,16.308677051927,0,0,0,-1.8214011421197,267.04999999998296,102.54410566961201,-351.464027475547
4658,335.63563854201,0,0,0,28.6962569214787,462.544168161263,198.099999999996,-353.704786540728
4659,450.768354110783,0,0,0,-8.036495116514079,534.1,280.15570670611,-355.450857478813
4660,488.945723784378,0,0,0,39.9820888954061,462.54416816129503,343.119264979385,-356.699798251708
4661,287.875538623784,0,0,0,-4.42441164912203,267.049999999986,382.69981237573097,-357.44986210280996
4662,15.4385652833567,0,0,0,-23.0614347166784,3.50661677970347e-11,396.2,-357.7
4663,-266.560309762472,0,0,0,-24.760260035416003,-267.049999999978,382.69981237573097,-357.44986210280996
4664,-494.002449380614,0,0,0,-17.8777479470429,-462.54416816126,343.119264979398,-356.699798251708
4665,-584.043630806892,0,0,0,25.351519965808897,-534.1,280.15570670611197,-355.450857478813
4666,-588.1795693710769,0,0,0,29.9693853309198,-462.54416816126803,198.1,-353.704786540728
4667,-504.243412319223,0,0,0,11.7265094867312,-267.050000000043,102.54410566963699,-351.464027475547
4668,-405.159674080377,0,0,0,-56.4279598929514,1.9896050716995898e-11,-7.379531262005049e-12,-348.731714187438
4669,-199.702852458102,0,0,0,-18.697078724866603,267.049999999973,-102.54410566960699,-345.511668063601
4670,-74.2400951252439,0,0,0,3.1241293431947406,462.544168161257,-198.09999999999297,-341.808392629703
4671,-83.9656635135182,0,0,0,-0.282889556108893,534.1,-280.15570670610697,-337.627067251303
4672,-211.460675786937,0,0,0,2.08796092117686,462.54416816130095,-343.119264979383,-332.973539890033
4673,-460.961582398536,0,0,0,-17.457451098111,267.049999999996,-382.699812375729,-327.85431892469103
4674,-704.1709461075751,0,0,0,14.305617941135,-1.41381292039114e-11,-396.2,-322.276564048695
4675,-958.5105170304751,0,0,0,7.48737160182463,-267.049999999968,-382.69981237573194,-316.2480762566
4676,-1105.92643679978,0,0,0,9.514283274572369,-462.544168161255,-343.1192649794,-309.777286933694
4677,-1103.53438332206,0,0,0,13.5945694479983,-534.1,-280.155706706099,-302.87324606395697
4678,-897.300088049216,0,0,0,58.889689684892204,-462.54416816127406,-198.100000000003,-295.545609572832
4679,-647.4859007597889,0,0,0,9.91283073236758,-267.050000000001,-102.544105669619,-287.804625822537
4680,-235.1401465682,0,0,0,44.5209747106885,-5.23399323362882e-11,-1.94131072754516e-11,-279.661121278816
4681,91.27633514210821,0,0,0,-7.191285158327769,267.049999999963,102.544105669603,-271.12648536912997
4682,372.513270353283,0,0,0,-25.9182432544778,462.54416816128196,198.100000000009,-262.21265455352903
4683,547.1347835729,0,0,0,-14.1888275027735,534.1,280.155706706104,-252.93209563042998
4684,588.400796496789,0,0,0,26.0351516567793,462.544168161277,343.119264979392,-243.297788300659
4685,370.32973320333997,0,0,0,-46.0968721582102,267.050000000006,382.699812375728,-233.323207014184
4686,204.02297873703998,0,0,0,30.845280861851602,5.80978538493727e-11,396.2,-223.02230212487004
4687,-134.445258461353,0,0,0,-37.68559045742929,-267.05000000001,382.699812375728,-212.409480379642
4688,-319.801117104447,0,0,0,1.12337084679803,-462.544168161279,343.119264979391,-201.499584769357
4689,-469.81360582339994,0,0,0,-25.5614387599815,-534.1,280.155706706118,-190.30787376953603
4690,-432.15907101652397,0,0,0,11.135097144747801,-462.544168161279,198.10000000000701,-178.849999999999
4691,-363.797562587105,0,0,0,-32.1496799234092,-267.050000000063,102.544105669645,-167.141988333277
4692,-91.5297821912843,0,0,0,63.670431291069995,-3.13563533534206e-12,1.16302070760394e-12,-155.200213482352
4693,18.104397499107897,0,0,0,-3.36011973210435,267.050000000005,-102.54410566962099,-143.041377099172
4694,139.664311486661,0,0,0,5.90262774126246,462.54416816124603,-198.09999999998502,-130.682484415862
4695,123.31893838911999,0,0,0,-12.484534443415,534.1,-280.155706706101,-118.140820461364
4696,19.2892902356023,0,0,0,5.29831294053151,462.544168161252,-343.119264979401,-105.43392588678002
4697,-204.50780967650502,0,0,0,3.72157513237926,267.050000000016,-382.699812375727,-92.57957243317291
4698,-502.316052523069,0,0,0,-26.520314446904397,8.893556848426571e-12,-396.2,-79.5957380761737
4699,-667.985295477349,0,0,0,48.2650987805536,-267.05,-382.699812375729,-66.5005818821735
4700,-823.74919330131,0,0,0,35.226658450555206,-462.54416816124296,-343.11926497940397,-53.3124186112179
4701,-817.9710913858399,0,0,0,36.334308422417294,-534.1,-280.155706706105,-40.0496931021523
4702,-732.449609991952,0,0,0,-45.0744873547894,-462.54416816128503,-198.100000000011,-26.730954475866998
4703,-390.84836300325,0,0,0,-7.87942714095889,-267.05000000002104,-102.544105669627,-13.374830192643499
4704,-60.06328786284929,0,0,0,-60.0632878628285,-1.4651478361511098e-11,-5.43429669240843e-12,-7.008898560880129e-13
4705,367.071779372899,0,0,0,-15.897156489277801,267.049999999943,102.544105669595,13.3748301926396
4706,665.694313096262,0,0,0,-21.680809540872396,462.544168161271,198.100000000001,26.730954475863104
4707,841.504291897397,0,0,0,-12.8011079108696,534.1,280.155706706114,40.049693102153505
4708,871.992497733528,0,0,0,13.0166459816357,462.544168161288,343.119264979387,53.3124186112165
4709,678.481034236967,0,0,0,-37.7693600209589,267.050000000026,382.699812375726,66.5005818821746
4710,419.71167392761396,0,0,0,-56.084064148521,-4.03107401525196e-11,396.2,79.5957380761748
4711,180.138854801268,0,0,0,-28.0905300076408,-267.04999999999,382.69981237573,92.5795724331691
4712,24.9017902534187,0,0,0,38.89276754851,-462.54416816126803,343.119264979395,105.43392588678101
4713,-189.93639017883999,0,0,0,-54.132917346324795,-534.1,280.155706706124,118.140820461361
4714,-102.140285462999,0,0,0,31.621398282419502,-462.544168161291,198.100000000014,130.682484415858
4715,29.147043948741498,0,0,0,50.611561179939,-267.049999999978,102.54410566961,143.041377099171
4716,162.605120597091,0,0,0,7.404907114758379,-2.61673213876801e-11,9.70557267721293e-12,155.200213482349
4717,346.573720827343,0,0,0,14.9258381636972,267.049999999985,-102.544105669613,167.141988333274
4718,400.069352271961,0,0,0,-43.2248158893064,462.544168161265,-198.09999999999698,178.85
4719,450.77254173098396,0,0,0,6.52037466754323,534.1,-280.15570670609503,190.30787376953498
4720,271.243646476652,0,0,0,-49.6808414745723,462.544168161263,-343.11926497939703,201.499584769358
4721,93.6895092720742,0,0,0,-3.07015873182065,267.04999999998296,-382.69981237573097,212.40948037964299
4722,-223.307210451954,0,0,0,-50.129512576853294,3.1925242900764596e-11,-396.2,223.02230212486697
4723,-379.93361679095,0,0,0,36.4929885705767,-267.04999999997995,-382.69981237573097,233.323207014185
4724,-560.410979101153,0,0,0,1.9546657388315098,-462.544168161232,-343.119264979408,243.297788300656
4725,-586.683475394609,0,0,0,-25.3598643189248,-534.1,-280.155706706111,252.93209563042703
4726,-419.654684557491,0,0,0,-21.2231709497549,-462.54416816126604,-198.099999999999,262.21265455352903
4727,-139.76433075467898,0,0,0,-41.2967104541304,-267.050000000041,-102.544105669636,271.126485369127
4728,302.649770752878,0,0,0,22.9886494741155,-3.76831644138491e-11,-1.39768486620174e-11,279.661121278814
4729,695.0945558029409,0,0,0,37.6958243107457,267.050000000028,102.54410566963001,287.804625822538
4730,961.523711331855,0,0,0,5.33393359777143,462.544168161259,198.099999999994,295.545609572831
4731,1137.43067323052,0,0,0,20.301720460450802,534.1,280.15570670610697,302.87324606395697
4732,1090.64071990779,0,0,0,-24.800000166564104,462.544168161269,343.119264979394,309.777286933694
4733,898.649867456327,0,0,0,-67.3480211760407,267.050000000046,382.69981237572404,316.24807625659804
4734,707.9144742408121,0,0,0,-10.562089807865501,-1.72790541001815e-11,396.2,322.276564048695
4735,470.811030361122,0,0,0,27.3068990606706,-267.04999999997,382.69981237573194,327.854318924689
4736,222.523948870136,0,0,0,8.97531216196189,-462.54416816125604,343.119264979399,332.973539890031
4737,66.6753939228188,0,0,0,-17.007380034598597,-534.1,280.155706706114,337.627067251303
4738,81.639633077248,0,0,0,4.27540860882672,-462.544168161302,198.10000000002202,341.808392629702
4739,172.24365539027198,0,0,0,-8.76211834294721,-267.049999999998,102.54410566961799,345.5116680636
4740,369.408986546662,0,0,0,20.6772723592166,1.1521132587097e-11,-4.27323790583023e-12,348.731714187438
4741,548.0609573841169,0,0,0,32.091035578209,267.049999999965,-102.544105669604,351.464027475547
4742,582.77772833444,0,0,0,-35.3712263675515,462.54416816125297,-198.09999999999002,353.704786540729
4743,643.6544035076271,0,0,0,34.259252734934,534.1,-280.15570670612004,355.450857478813
4744,452.004352313609,0,0,0,-24.120349119981498,462.544168161275,-343.119264979392,356.699798251708
4745,228.12176520965,0,0,0,-13.678284517434099,267.050000000003,-382.699812375729,357.44986210280996
4746,-59.1149656477299,0,0,0,-20.6149656477848,5.49569289531026e-11,-396.2,357.7
4747,-281.022549941001,0,0,0,11.2774003318821,-267.04999999996,-382.699812375733,357.44986210280996
4748,-385.945411357125,0,0,0,63.0182235318374,-462.544168161281,-343.11926497939,356.699798251708
4749,-543.033012438161,0,0,0,-84.22816321085641,-534.1,-280.155706706117,355.450857478813
4750,-329.610723233738,0,0,0,-22.671341613182303,-462.544168161278,-198.100000000006,353.704786540729
4751,-32.5927689343132,0,0,0,-14.4626907402303,-267.050000000008,-102.544105669622,351.464027475547
4752,341.6307612766,0,0,0,-7.100952910755191,-6.07148504661871e-11,-2.2519400631626398e-11,348.73171418743897
4753,670.673130963815,0,0,0,-44.4326427694145,267.050000000008,102.544105669622,345.5116680636
4754,1021.0694595722999,0,0,0,18.6168987813187,462.544168161278,198.100000000006,341.808392629702
4755,1157.01665945735,0,0,0,5.133885499946531,534.1,280.155706706101,337.627067251304
4756,1129.6506845659,0,0,0,-8.98628846480341,462.544168161281,343.11926497939,332.973539890032
4757,1023.8656568926401,0,0,0,46.2615255921605,267.050000000066,382.699812375722,327.854318924692
4758,695.8898150145,0,0,0,-22.586749034201997,5.75263195215647e-12,396.2,322.276564048696
4759,430.44041431388496,0,0,0,-1.4574743184394399,-267.050000000003,382.699812375729,316.248076256599
4760,221.652868195645,0,0,0,31.300484443791397,-462.54416816124495,343.11926497940397,309.777286933695
4761,46.509031255266,0,0,0,-2.41992151481181,-534.1,280.15570670612004,302.87324606395697
4762,137.191432200129,0,0,0,106.089990788561,-462.54416816125297,198.09999999999002,295.545609572831
4763,155.38120040727,0,0,0,32.0824689151228,-267.05000000001803,102.544105669626,287.804625822539
4764,330.394054466189,0,0,0,50.7329331873824,-1.1510553465241e-11,4.2693140637787595e-12,279.661121278814
4765,398.960972604794,0,0,0,-36.671407094713295,267.049999999998,-102.54410566961799,271.126485369127
4766,558.484177859572,0,0,0,31.8273551447821,462.544168161242,-198.099999999983,262.21265455352994
4767,464.067441431678,0,0,0,-42.8089474926365,534.1,-280.155706706114,252.932095630429
4768,363.973436763351,0,0,0,1.25074528079323,462.544168161287,-343.119264979388,243.29778830066002
4769,125.43429432761299,0,0,0,7.76089968913127,267.050000000023,-382.699812375726,233.323207014185
4770,-177.87450334291,0,0,0,-4.69680546779645,1.72684749783255e-11,-396.2,223.02230212486901
4771,-384.277799742242,0,0,0,53.0625322537907,-267.04999999994,-382.69981237573603,212.40948037964299
4772,-633.159081496109,0,0,0,-28.9952331248031,-462.544168161269,-343.119264979394,201.499584769358
4773,-597.655859786438,0,0,0,26.2919731501343,-534.1,-280.15570670610697,190.30787376953498
4774,-495.04532469695505,0,0,0,-13.2511565356551,-462.544168161289,-198.100000000013,178.850000000003
4775,-167.835709752399,0,0,0,34.6164075839853,-267.050000000028,-102.54410566963001,167.141988333274
4776,157.440691745075,0,0,0,2.2404782626745,3.76937435357051e-11,1.39807725040689e-11,155.200213482349
4777,556.962749133212,0,0,0,44.327266364437,267.04999999998796,102.54410566961398,143.041377099173
4778,768.4434306145711,0,0,0,-22.883221962553897,462.54416816126604,198.099999999999,130.68248441586002
4779,926.4870443129751,0,0,0,-5.909482854499051,534.1,280.155706706111,118.14082046136299
4780,943.038423833904,0,0,0,31.941064806444302,462.544168161292,343.119264979386,105.43392588678199
4781,694.3541589019161,0,0,0,-47.975225906966706,267.04999999997995,382.69981237573097,92.5795724331717
4782,464.1948930490099,0,0,0,-11.6008450271938,2.8784318004494497e-11,396.2,79.595738076175
4783,258.865926146249,0,0,0,76.71553188832621,-267.04999999998296,382.69981237573097,66.5005818821748
4784,1434.55238999333,1,0,0,4.55740124696301,-462.544168161263,343.11926497939703,53.31241861121671
4785,-186.43741896574502,0,0,0,27.4571812259727,-534.1,280.155706706126,40.049693102156205
4786,-252.93572813749802,0,0,0,-15.222514452096801,-462.544168161265,198.09999999999698,26.730954475865804
4787,-175.16699928626,0,0,0,-24.035935148527305,-267.049999999985,102.544105669613,13.374830192639802
4788,-9.248911411992179,0,0,0,-9.248911411972461,-3.4542239517579e-11,1.2811866033387801e-11,2.01550115500045e-12
4789,136.37340749280798,0,0,0,-14.7576566449195,267.049999999978,-102.54410566961,-13.3748301926408
4790,234.024893269313,0,0,0,-3.6883204160993,462.544168161291,-198.100000000014,-26.7309544758643
4791,132.962885201366,0,0,0,-80.9317149903732,534.1,-280.155706706108,-40.049693102152204
4792,20.4199515687117,0,0,0,-45.69253300194329,462.54416816126803,-343.119264979395,-53.3124186112177
4793,-148.594979643121,0,0,0,33.5554146147338,267.050000000043,-382.69981237572404,-66.5005818821733
4794,-413.206244717665,0,0,0,62.5894933584687,4.0300161030663496e-11,-396.2,-79.59573807617359
4795,-739.9259572678551,0,0,0,2.4034275410691097,-267.050000000026,-382.699812375726,-92.5795724331727
4796,-874.259426810567,0,0,0,36.8379322168676,-462.544168161258,-343.119264979399,-105.433925886778
4797,-973.562600117534,0,0,0,-41.166072950059096,-534.1,-280.155706706114,-118.140820461362
4798,-822.855090700937,0,0,0,-31.528438123803898,-462.544168161271,-198.100000000001,-130.68248441586098
4799,-483.14349608182897,0,0,0,29.491986687027396,-267.050000000048,-102.544105669639,-143.04137709917
4800,-155.19873161552601,0,0,0,0.00148186680428465,1.46620574833671e-11,5.438220534459889e-12,-155.20021348235
4801,228.579621368891,0,0,0,26.127504032517802,267.05000000002104,102.544105669627,-167.14198833327498
4802,503.916823065534,0,0,0,22.1226549042875,462.544168161255,198.09999999999098,-178.849999999999
4803,627.110291954159,0,0,0,3.1624590175900096,534.1,280.155706706105,-190.30787376953603
4804,580.271193847237,0,0,0,-23.892654524091302,462.544168161304,343.119264979382,-201.499584769357
4805,499.65938990252295,0,0,0,62.3190579064356,267.05,382.699812375729,-212.409480379642
4806,139.453318159375,0,0,0,-33.7243797157461,-8.90413597028263e-12,396.2,-223.02230212487004
4807,-90.6181553447124,0,0,0,27.055239293699497,-267.049999999963,382.699812375733,-233.323207014182
4808,-327.349280643822,0,0,0,35.373410838686205,-462.544168161252,343.119264979401,-243.297788300657
4809,-481.57140828856694,0,0,0,25.304980635760497,-534.1,280.155706706101,-252.93209563042802
4810,-508.192665810081,0,0,0,18.4641569047183,-462.544168161276,198.100000000005,-262.212654553528
4811,-430.42597405695,0,0,0,5.2064056425622605,-267.050000000005,102.54410566962099,-271.126485369128
4812,-315.528557338719,0,0,0,-35.8674360599066,3.14621445719812e-12,-1.1669445496554e-12,-279.661121278815
4813,-145.955403245801,0,0,0,-22.6566717536205,267.049999999958,-102.544105669601,-287.804625822537
4814,4.3872999491543,0,0,0,35.4887413607134,462.544168161279,-198.10000000000701,-295.545609572832
4815,-41.0793208262158,0,0,0,7.849631943841901,534.1,-280.15570670610197,-302.873246063955
4816,-202.241685315159,0,0,0,-11.8893015633532,462.544168161279,-343.119264979391,-309.777286933694
4817,-421.479136261601,0,0,0,10.418752370716302,267.05000000001,-382.699812375728,-316.2480762566
4818,-741.5264726688999,0,0,0,-23.0499086202692,6.33318470830015e-11,-396.2,-322.276564048694
4819,-1001.0325117693599,0,0,0,-23.428380468938304,-267.050000000006,-382.699812375728,-327.85431892469
4820,-1176.07857106958,0,0,0,-37.4415980388806,-462.544168161277,-343.119264979392,-332.973539890032
4821,-1159.6780964580198,0,0,0,-7.79532250059526,-534.1,-280.15570670612004,-337.627067251303
4822,-987.57529298024,0,0,0,14.8772678107529,-462.54416816128196,-198.100000000009,-341.808392629702
4823,-754.0320461132719,0,0,0,-38.9262723801063,-267.049999999963,-102.544105669603,-345.5116680636
4824,-337.983531539304,0,0,0,10.748182648145402,-8.369628568970881e-12,-3.1043314351491e-12,-348.731714187438
4825,32.0423924729916,0,0,0,13.9123142789192,267.050000000001,102.544105669619,-351.464027475547
4826,321.06025874852,0,0,0,14.120877128020599,462.54416816124296,198.09999999998402,-353.704786540728
4827,497.270953427941,0,0,0,38.4661042006545,534.1,280.155706706099,-355.450857478813
4828,401.744919899161,0,0,0,-47.21871498978479,462.544168161255,343.1192649794,-356.699798251708
4829,259.423160175827,0,0,0,-32.8767900971093,267.05000000002,382.699812375727,-357.44986210280996
4830,31.4047179395434,0,0,0,-7.095282060470709,1.41275500820554e-11,396.2,-357.7
4831,-293.720327468508,0,0,0,-51.92027774143121,-267.049999999996,382.699812375729,-357.44986210280996
4832,-512.342935568378,0,0,0,-36.2182341348339,-462.54416816124,343.119264979405,-356.699798251708
4833,-588.720659060708,0,0,0,20.674491711998197,-534.1,280.15570670610697,-355.450857478813
4834,-575.570492599868,0,0,0,42.5784621021249,-462.544168161257,198.09999999999297,-353.704786540728
4835,-489.527812470104,0,0,0,26.4421093358394,-267.05000000002497,102.544105669629,-351.464027475547
4836,-371.419031281148,0,0,0,-22.6873170936972,-1.98854715951399e-11,7.37560741995359e-12,-348.731714187438
4837,-219.959911356306,0,0,0,-38.9541376230508,267.049999999938,-102.544105669593,-345.511668063601
4838,-131.70532180957198,0,0,0,-54.34109734113711,462.54416816126803,-198.1,-341.808392629703
4839,-93.39350496342631,0,0,0,-9.710731006011551,534.1,-280.15570670611197,-337.627067251303
4840,-256.857902397841,0,0,0,-43.309265689712,462.544168161291,-343.119264979386,-332.973539890033
4841,-454.38088485931394,0,0,0,-10.8767535589274,267.05000000002997,-382.699812375726,-327.85431892469103
4842,-724.210479634742,0,0,0,-5.73391558601117,-3.50767469188907e-11,-396.2,-322.276564048695
4843,-957.203647841464,0,0,0,8.794240790852259,-267.049999999986,-382.69981237573097,-316.2480762566
4844,-1060.4661052805,0,0,0,54.974614793854506,-462.544168161265,-343.119264979396,-309.777286933694
4845,-1149.5398566018598,0,0,0,-32.410903831791,-534.1,-280.15570670611,-302.87324606395697
4846,-938.775609324942,0,0,0,17.4141684091994,-462.544168161294,-198.100000000016,-295.545609572832
4847,-653.712127481264,0,0,0,3.6866040108664704,-267.04999999998296,-102.54410566961201,-287.804625822537
4848,-256.64803557151197,0,0,0,23.013085707347003,-3.14013146213089e-11,-1.16468834047581e-11,-279.661121278816
4849,136.437404144773,0,0,0,37.9697838443118,267.049999999981,102.544105669611,-271.12648536912997
4850,344.18998366721297,0,0,0,-54.241529940517594,462.54416816126195,198.099999999996,-262.212654553528
4851,588.4414476535401,0,0,0,27.117836577876897,534.1,280.155706706093,-252.93209563042998
4852,569.973349694789,0,0,0,7.607704854786499,462.54416816126604,343.119264979396,-243.297788300659
4853,448.42677807597505,0,0,0,32.000172714441,267.04999999998796,382.69981237573,-233.323207014184
4854,174.578417203904,0,0,0,1.4007193287365902,3.7159236134393394e-11,396.2,-223.02230212487004
4855,-95.3837797805549,0,0,0,1.375888223331,-267.049999999976,382.69981237573194,-212.409480379642
4856,-254.776859987798,0,0,0,66.1476279634616,-462.54416816129003,343.119264979387,-201.499584769357
4857,-491.94537498917504,0,0,0,-47.6932079257518,-534.1,280.155706706113,-190.30787376953603
4858,-481.318675880383,0,0,0,-38.0245077191151,-462.544168161269,198.1,-178.849999999999
4859,-351.590218994646,0,0,0,-19.942336330961197,-267.05000000004503,102.54410566963699,-167.141988333277
4860,-167.885627737043,0,0,0,-12.6854142546632,-4.29171576474779e-11,1.59181593895626e-11,-155.200213482352
4861,-6.396309860900849,0,0,0,-27.8608270921237,267.050000000023,-102.544105669628,-143.041377099172
4862,124.042534972531,0,0,0,-9.719148772871712,462.54416816125604,-198.09999999999198,-130.682484415862
4863,94.534540321653,0,0,0,-41.2689325108766,534.1,-280.155706706106,-118.140820461364
4864,48.315295458735,0,0,0,34.324318163637,462.54416816127195,-343.119264979393,-105.43392588678002
4865,-176.649706810569,0,0,0,31.5796779982773,267.05000000005003,-382.699812375723,-92.57957243317301
4866,-428.47245191955597,0,0,0,47.32328615662949,-1.2045060866552698e-11,-396.2,-79.5957380761738
4867,-703.593259809486,0,0,0,12.6571344484323,-267.05000000001803,-382.699812375727,-66.5005818821735
4868,-856.830144959394,0,0,0,2.14570679247736,-462.544168161254,-343.1192649794,-53.31241861121801
4869,-810.7124612489571,0,0,0,43.592938559310795,-534.1,-280.155706706116,-40.0496931021524
4870,-683.146503677826,0,0,0,4.22861895937006,-462.544168161305,-198.10000000002302,-26.7309544758671
4871,-390.38081523142,0,0,0,-7.41187936915435,-267.050000000003,-102.54410566962,-13.3748301926436
4872,0.845756598444983,0,0,0,0.8457565984371519,6.2871393534682195e-12,2.3319271782850696e-12,-7.88501088099015e-13
4873,332.927002410151,0,0,0,-50.041933452052206,267.049999999961,102.544105669603,13.374830192639502
4874,690.0227326929789,0,0,0,2.64761005587716,462.544168161251,198.09999999998797,26.730954475862998
4875,-682.40035905337,1,0,0,-40.5982855446207,534.1,280.155706706119,40.0496931021534
4876,883.644524995796,0,0,0,24.6686732439112,462.544168161278,343.119264979391,53.3124186112164
4877,683.7795597085379,0,0,0,-32.4708345493716,267.050000000007,382.699812375728,66.5005818821745
4878,473.183615144314,0,0,0,-2.6121229318598798,-5.29217840383714e-13,396.2,79.5957380761748
4879,205.60317057167302,0,0,0,-2.6262142372762205,-267.049999999956,382.69981237573404,92.5795724331714
4880,2.9645845760199703,0,0,0,16.9555618711256,-462.544168161278,343.119264979391,105.43392588678101
4881,-90.4768764279563,0,0,0,45.326596404564505,-534.1,280.155706706119,118.14082046136002
4882,-110.25088018887699,0,0,0,23.5108035565382,-462.54416816127997,198.100000000008,130.682484415858
4883,-64.76725312332711,0,0,0,-43.302735892109204,-267.050000000012,102.544105669624,143.041377099171
4884,138.012730091135,0,0,0,-17.1874833911725,-6.59488436998159e-11,2.44607113591716e-11,155.200213482349
4885,353.335964886344,0,0,0,21.6880822226866,267.050000000003,-102.54410566962,167.141988333274
4886,456.77365095216203,0,0,0,13.479482790891199,462.544168161275,-198.100000000004,178.85
4887,457.89562504417,0,0,0,13.643457980734999,534.1,-280.15570670610003,190.30787376953498
4888,349.672409637239,0,0,0,28.7479216859871,462.54416816128304,-343.119264979389,201.499584769358
4889,105.38703499365499,0,0,0,8.62736698978045,267.049999999965,-382.699812375733,212.40948037964299
4890,-133.400772348961,0,0,0,39.7769255261614,1.0986625185785301e-11,-396.2,223.02230212486697
4891,-415.884953226841,0,0,0,0.541652134701475,-267.049999999998,-382.699812375729,233.323207014185
4892,-554.8195297074531,0,0,0,7.54611513253766,-462.544168161242,-343.119264979405,243.297788300656
4893,-526.967093925526,0,0,0,34.3565171501688,-534.1,-280.15570670612203,252.93209563042703
4894,-369.6152261375,0,0,0,28.816287470219102,-462.54416816125604,-198.09999999999198,262.21265455352903
4895,-100.505958631338,0,0,0,-2.03833833081456,-267.050000000022,-102.544105669628,271.126485369127
4896,257.214548313483,0,0,0,-22.446572965307602,-1.67445466988698e-11,-6.21062479132392e-12,279.661121278814
4897,657.4048831490429,0,0,0,0.00615165689611662,267.04999999999296,102.54410566961599,287.804625822538
4898,1014.4353576295401,0,0,0,58.2455798954894,462.544168161239,198.099999999981,295.545609572831
4899,1115.4618819938698,0,0,0,-1.66707077619775,534.1,280.155706706113,302.87324606395697
4900,1110.9102653151801,0,0,0,-4.5304547591711,462.544168161259,343.119264979398,309.777286933694
4901,983.9487968419501,0,0,0,17.9509082095995,267.050000000027,382.699812375726,316.24807625659804
4902,710.0439520895509,0,0,0,-8.43261195916699,2.25024682119543e-11,396.2,322.276564048696
4903,468.882410307976,0,0,0,25.3782790074866,-267.049999999936,382.69981237573603,327.854318924689
4904,208.010289864591,0,0,0,-5.53834684356856,-462.544168161267,343.119264979395,332.973539890031
4905,68.1590469999937,0,0,0,-15.523726957418098,-534.1,280.155706706109,337.627067251303
4906,64.86454397409311,0,0,0,-12.499680494331901,-462.544168161292,198.100000000015,341.808392629702
4907,146.611613681672,0,0,0,-34.3941600515272,-267.050000000032,102.544105669632,345.5116680636
4908,341.591417293279,0,0,0,-7.140296894180111,3.24597503020763e-11,-1.2039461776523699e-11,348.731714187438
4909,496.810007462856,0,0,0,-19.159914343063,267.04999999998296,-102.54410566961201,351.464027475547
4910,582.086042370066,0,0,0,-36.0629123319294,462.54416816126405,-198.09999999999698,353.704786540729
4911,647.4920473289051,0,0,0,38.0968965562014,534.1,-280.15570670611,355.450857478813
4912,451.421027038759,0,0,0,-24.703674394858602,462.54416816129503,-343.119264979385,356.699798251708
4913,305.774655659697,0,0,0,63.9746059326326,267.049999999985,-382.69981237573097,357.44986210280996
4914,-32.342935976575305,0,0,0,6.15706402339075,3.4018311238123304e-11,-396.2,357.7
4915,-374.598744665381,0,0,0,-82.2987943924812,-267.049999999978,-382.69981237573097,357.44986210280996
4916,-443.12364822440003,0,0,0,5.839986664549731,-462.544168161261,-343.119264979398,356.699798251708
4917,-438.351733406751,0,0,0,20.453115820563397,-534.1,-280.155706706128,355.450857478813
4918,-359.547769974309,0,0,0,-52.6083883537712,-462.544168161267,-198.099999999999,353.704786540729
4919,-24.581849788801303,0,0,0,-6.451771594744071,-267.04999999999,-102.544105669615,351.464027475547
4920,344.643633591191,0,0,0,-4.08808059619317,-3.9776232751207796e-11,-1.47531767609329e-11,348.73171418743897
4921,681.4563401119191,0,0,0,-33.6494336212617,267.049999999974,102.544105669608,345.5116680636
4922,1041.4361773288,0,0,0,38.9836165378009,462.544168161288,198.100000000013,341.808392629702
4923,1209.57433732656,0,0,0,57.6915633691452,534.1,280.15570670610697,337.627067251304
4924,1143.33743261443,0,0,0,4.7004595837337595,462.54416816126997,343.119264979394,332.973539890032
4925,937.3690602155181,0,0,0,-40.2350710849446,267.050000000047,382.69981237572404,327.854318924692
4926,2254.8725213145003,1,0,0,40.2884839487401,4.5534154264292294e-11,396.2,322.276564048696
4927,385.712199196932,0,0,0,-46.1856894353732,-267.05000000002104,382.699812375727,316.248076256599
4928,233.544528834286,0,0,0,43.19214508244679,-462.544168161255,343.1192649794,309.777286933695
4929,8.04848108144358,0,0,0,-40.880471688628894,-534.1,280.155706706115,302.873246063958
4930,26.8349259460414,0,0,0,-4.26651546551944,-462.544168161273,198.100000000003,295.545609572831
4931,162.556242250043,0,0,0,39.257510757917295,-267.05000000005197,102.54410566964,287.804625822538
4932,223.578441191393,0,0,0,-56.0826800874269,9.428064249738311e-12,-3.49690980691473e-12,279.661121278814
4933,432.270080642854,0,0,0,-3.3622990566641895,267.050000000016,-102.544105669625,271.126485369128
4934,560.164077348823,0,0,0,33.5072546340299,462.544168161252,-198.09999999998902,262.21265455352994
4935,501.800055293471,0,0,0,-5.07633363085401,534.1,-280.155706706104,252.932095630429
4936,358.22288022987397,0,0,0,-4.49981125271166,462.544168161306,-343.119264979381,243.29778830066002
4937,53.9183252228473,0,0,0,-63.7550694156141,267.050000000005,-382.699812375728,233.323207014185
4938,-204.673659630239,0,0,0,-31.495961755104,-3.6701427366538095e-12,-396.2,223.02230212486901
4939,-349.607324899373,0,0,0,87.73300709667672,-267.04999999995897,-382.699812375733,212.40948037964299
4940,-600.123327742426,0,0,0,4.04052062886704,-462.544168161249,-343.11926497940203,201.499584769358
4941,-612.675251543542,0,0,0,11.2725813930247,-534.1,-280.15570670610197,190.30787376953498
4942,-470.488574652247,0,0,0,11.3055935090361,-462.544168161279,-198.10000000000701,178.850000000003
4943,-179.919535939428,0,0,0,22.5325813969309,-267.05000000001,-102.544105669623,167.141988333274
4944,78.66532042647121,0,0,0,-76.534893055875,-2.08777877643069e-12,-7.7436617788976e-13,155.200213482349
4945,500.068734975251,0,0,0,-12.566747793475802,267.04999999995397,102.54410566959999,143.041377099173
4946,822.4480788578951,0,0,0,31.121426280752896,462.544168161277,198.100000000005,130.68248441586002
4947,948.556885952537,0,0,0,16.160358785070002,534.1,280.155706706101,118.140820461366
4948,909.101174102901,0,0,0,-1.99618492455206,462.54416816128196,343.11926497939,105.43392588678199
4949,779.315629146365,0,0,0,36.9862443374514,267.050000000015,382.699812375727,92.5795724331718
4950,479.602082308676,0,0,0,3.80634423243227,6.856584031663029e-11,396.2,79.5957380761751
4951,170.01034796557101,0,0,0,-12.140046292331801,-267.050000000001,382.699812375729,66.5005818821749
4952,-81.48988581069808,0,0,0,-15.3774012400336,-462.54416816127406,343.119264979393,53.31241861121671
4953,-201.143998507253,0,0,0,12.7506016844697,-534.1,280.155706706121,40.0496931021563
4954,-312.561661967377,0,0,0,-74.848448281966,-462.54416816128503,198.10000000001,26.7309544758633
4955,-141.642823662262,0,0,0,9.4882404754601,-267.049999999967,102.544105669605,13.3748301926399
4956,-16.2759866063415,0,0,0,-16.2759866063351,-1.36036218025997e-11,5.04564216269425e-12,2.10311238701146e-12
4957,127.602867081976,0,0,0,-23.5281970557627,267.049999999996,-102.54410566961701,-13.374830192640701
4958,196.741701963316,0,0,0,-40.9715117220805,462.544168161241,-198.099999999982,-26.7309544758616
4959,253.800267030249,0,0,0,39.9056668384992,534.1,-280.155706706098,-40.0496931021521
4960,64.474471027887,0,0,0,-1.63801354275367,462.544168161257,-343.119264979399,-53.3124186112176
4961,-216.09731693966597,0,0,0,-33.9469226817911,267.05000000002497,-382.699812375726,-66.50058188217321
4962,-488.691214850953,0,0,0,-12.895476774799302,1.9361543315684198e-11,-396.2,-79.59573807617349
4963,-709.960797484791,0,0,0,32.3685873241022,-267.049999999991,-382.69981237573,-92.57957243317259
4964,-951.557100402484,0,0,0,-40.4597413750621,-462.544168161238,-343.119264979406,-105.433925886778
4965,-933.8646070772239,0,0,0,-1.46807990975434,-534.1,-280.155706706108,-118.140820461362
4966,-811.4411572945489,0,0,0,-20.114504717433398,-462.54416816126,-198.099999999994,-130.68248441586098
4967,-522.499923045318,0,0,0,-9.86444027648832,-267.05000000002997,-102.54410566963101,-143.04137709917
4968,-124.400060267007,0,0,0,30.800153215376803,-2.51194648287687e-11,-9.316918147498751e-12,-155.20021348235
4969,199.127271921732,0,0,0,-3.3248454145206203,267.049999999934,102.544105669591,-167.141988333272
4970,506.16088479772696,0,0,0,24.3667166364635,462.544168161265,198.099999999998,-178.849999999999
4971,646.908204146633,0,0,0,22.9603712100582,534.1,280.155706706111,-190.30787376953603
4972,694.209434602535,0,0,0,90.04558623121291,462.54416816129304,343.119264979385,-201.499584769357
4973,409.363346911055,0,0,0,-27.9769850850634,267.050000000035,382.699812375725,-212.409480379641
4974,179.400429597217,0,0,0,6.22273172211673,-2.98427536852619e-11,396.2,-223.02230212487004
4975,-104.987877350888,0,0,0,12.6855172875441,-267.049999999981,382.69981237573097,-233.323207014182
4976,-335.353059907612,0,0,0,27.369631574910198,-462.54416816126195,343.11926497939703,-243.297788300657
4977,-514.583745729169,0,0,0,-7.707356804850829,-534.1,280.155706706111,-252.93209563042998
4978,-534.8188445090831,0,0,0,-8.16202179427702,-462.544168161296,198.100000000018,-262.212654553528
4979,-450.684263062451,0,0,0,-15.0518833629494,-267.049999999987,102.544105669613,-271.126485369128
4980,-301.092009210643,0,0,0,-21.4308879318068,-3.6635307854937706e-11,1.3588194132303199e-11,-279.661121278813
4981,-93.7207062041321,0,0,0,29.5780252880373,267.049999999976,-102.544105669609,-287.804625822537
4982,-88.8795806022082,0,0,0,-57.7781391906421,462.54416816126,-198.099999999994,-295.545609572831
4983,-96.27233459659071,0,0,0,-47.3433818265423,534.1,-280.155706706092,-302.87324606395697
4984,-102.88114274860001,0,0,0,87.4712410032193,462.544168161269,-343.119264979395,-309.777286933694
4985,-441.51127394834504,0,0,0,-9.61338531600775,267.049999999992,-382.69981237573,-316.2480762566
4986,-694.569853341567,0,0,0,23.906710707084603,4.23932293680222e-11,-396.2,-322.276564048694
4987,-958.634811329553,0,0,0,18.969319970839802,-267.049999999971,-382.69981237573194,-327.85431892469
4988,-1076.6348595904901,0,0,0,62.0021134402133,-462.544168161287,-343.119264979388,-332.973539890032
4989,-1084.07372588761,0,0,0,67.809048069802,-534.1,-280.155706706114,-337.627067251303
4990,-991.017226172381,0,0,0,11.435334618594501,-462.54416816127195,-198.10000000000198,-341.808392629702
4991,-731.925498670054,0,0,0,-16.8197249367661,-267.05000000005003,-102.544105669639,-345.511668063599
4992,-370.064157996323,0,0,0,-21.332443808818603,-4.81511508811067e-11,-1.78594701171077e-11,-348.731714187438
4993,18.0230452577222,0,0,0,-0.10703293637581199,267.050000000019,102.544105669627,-351.464027475547
4994,306.523406777833,0,0,0,-0.41597484268357104,462.544168161254,198.09999999999002,-353.704786540728
4995,428.445445544418,0,0,0,-30.3594036828738,534.1,280.155706706105,-355.450857478813
4996,420.58606876221603,0,0,0,-28.3775661267426,462.544168161275,343.119264979392,-356.699798251708
4997,273.722999613512,0,0,0,-18.5769506594558,267.05000000005504,382.699812375723,-357.44986210280996
4998,30.1321909348457,0,0,0,-8.36780906514749,-6.811067632923901e-12,396.2,-357.7
4999,-229.018635178442,0,0,0,12.781414548655,-267.050000000014,382.699812375727,-357.44986210280996
5000,-465.5729824116901,0,0,0,10.5517190218676,-462.544168161251,343.119264979401,-356.699798251708
5001,-569.337891432898,0,0,0,40.0572593397977,-534.1,280.155706706117,-355.450857478813
5002,-649.6081817183709,0,0,0,-31.459227016359996,-462.544168161308,198.10000000002498,-353.704786540729
5003,-485.268467902125,0,0,0,30.701453903807202,-267.050000000007,102.544105669622,-351.464027475547
5004,-365.66375377091697,0,0,0,-16.9320395834796,1.0531461198393999e-12,-3.9061645073990793e-13,-348.731714187438
5005,-217.35630494515,0,0,0,-36.3505312119054,267.049999999956,-102.544105669601,-345.511668063601
5006,-135.19854373479998,0,0,0,-57.8343192663592,462.544168161248,-198.099999999987,-341.808392629702
5007,-75.58528266241991,0,0,0,8.09749129500034,534.1,-280.155706706118,-337.627067251303
5008,-197.814514088978,0,0,0,15.734122619165198,462.54416816127997,-343.11926497939,-332.973539890033
5009,-438.734683515075,0,0,0,4.76944778533154,267.050000000012,-382.699812375728,-327.85431892469103
5010,-727.3277908421519,0,0,0,-8.85122679346156,4.7047753932450996e-12,-396.2,-322.276564048695
5011,-852.6408065496801,0,0,0,113.357082082605,-267.04999999995096,-382.69981237573404,-316.2480762566
5012,-1052.54914247198,0,0,0,62.8915776023781,-462.544168161275,-343.119264979392,-309.777286933694
5013,-1128.1633485748,0,0,0,-11.0343958047266,-534.1,-280.15570670612004,-302.873246063958
5014,-962.030922099927,0,0,0,-5.841144365802691,-462.54416816128304,-198.100000000009,-295.545609572832
5015,-661.397976038321,0,0,0,-3.9992445461408996,-267.050000000017,-102.544105669626,-287.804625822537
5016,-252.496287247774,0,0,0,27.164834031140398,-7.118283693344471e-11,-2.64020220867167e-11,-279.661121278816
5017,98.64900231864121,0,0,0,0.18138201815404198,267.049999999999,102.54410566961799,-271.12648536912997
5018,354.22972600355695,0,0,0,-44.201787604190706,462.544168161273,198.100000000003,-262.212654553528
5019,569.159439826498,0,0,0,7.835828750829071,534.1,280.155706706099,-252.93209563042998
5020,544.718525527093,0,0,0,-17.6471193129226,462.544168161286,343.119264979388,-243.297788300659
5021,456.904620893238,0,0,0,40.4780155317201,267.049999999969,382.69981237573194,-233.323207014184
5022,145.481914775462,0,0,0,-27.6957830996839,1.6220618419414102e-11,396.2,-223.02230212487004
5023,-87.4919201452658,0,0,0,9.26774785864035,-267.049999999994,382.69981237573,-212.409480379642
5024,-268.656271367424,0,0,0,52.268216583808204,-462.54416816126997,343.119264979394,-201.499584769357
5025,-442.558703268862,0,0,0,1.69346379455145,-534.1,280.155706706123,-190.30787376953603
5026,-457.21845056244103,0,0,0,-13.9242824011768,-462.544168161258,198.09999999999297,-178.849999999999
5027,-291.886891113597,0,0,0,39.7609915500774,-267.050000000027,102.54410566963001,-167.141988333277
5028,-129.370210353941,0,0,0,25.8300031284249,-2.19785399324986e-11,8.15193551886908e-12,-155.200213482352
5029,59.7419713261445,0,0,0,38.27745409493961,267.04999999998904,-102.54410566961398,-143.04137709917
5030,164.092733244343,0,0,0,30.331049498947202,462.54416816123705,-198.099999999979,-130.682484415862
5031,114.182464455175,0,0,0,-21.621008377349,534.1,-280.15570670611197,-118.140820461364
5032,19.492689020327603,0,0,0,5.50171172524405,462.544168161261,-343.11926497939703,-105.43392588678002
5033,-243.373574902916,0,0,0,-35.1441900940494,267.050000000032,-382.699812375725,-92.57957243317301
5034,-483.959132101251,0,0,0,-8.16339402510484,2.77364614455831e-11,-396.2,-79.5957380761739
5035,-688.056681730287,0,0,0,28.193712527648202,-267.050000000037,-382.699812375725,-66.5005818821736
5036,-871.660201258958,0,0,0,-12.684349507079599,-462.54416816126405,-343.119264979396,-53.31241861121801
5037,-849.717046996109,0,0,0,4.58835281215375,-534.1,-280.15570670611,-40.0496931021525
5038,-734.066804648313,0,0,0,-46.6916820111345,-462.54416816129503,-198.10000000001702,-26.7309544758672
5039,-327.538995628852,0,0,0,55.429940233462496,-267.050000000037,-102.54410566963399,-13.3748301926437
5040,25.4642718448705,0,0,1,24.4642718448705,0.0,0.0,0.0
5041,619.248411570092,0,0,2,35.4480314725221,394.65,166.084181242288,21.0661988552819
5042,1029.624273158,0,0,3,-19.882512775646102,683.553851207057,320.85,42.1029347265914
5043,1273.1609837063002,0,0,4,-36.970223617715796,789.3,453.750421487408,63.0807858366036
5044,1377.06794361394,0,0,5,48.815178034755796,683.5538512070581,555.728501608474,83.9704127636567
5045,1140.59079550616,0,0,6,15.363593300882302,394.65,619.834602729695,104.74259947558599
5046,815.362212219756,0,0,7,41.2939180287679,9.666137185670061e-14,641.7,125.36829419098801
5047,452.568715988744,0,0,8,73.5654632482888,-394.65,619.834602729695,145.81865001076
5048,15.940860713363,0,0,9,-31.298854951157498,-683.553851207057,555.728501608474,166.065065263103
5049,-93.6751058431966,0,0,10,45.7952491638548,-789.3,453.750421487408,186.079223505541
5050,-175.580391254977,0,0,11,-29.7096731759469,-683.553851207057,320.85,205.833133128027
5051,-10.543244757153099,0,0,12,-19.2765925011825,-394.65,166.084181242288,225.29916650174198
5052,221.036383595839,0,0,13,-36.4137150229928,-1.93322743713401e-13,7.858558510128572e-14,244.45009861883202
5053,449.218315568563,0,0,14,-56.6066483581922,394.65,-166.084181242288,263.259145169043
5054,-1227.7465596054599,1,0,15,35.2375111466448,683.553851207057,-320.85,281.7
5055,543.165225069364,0,0,16,-108.131225351969,789.3,-453.750421487407,299.746871908741
5056,464.245050896223,0,0,17,2.04518058459476,683.5538512070581,-555.728501608474,317.374520713045
5057,91.10373776542869,0,0,18,-36.2699520569867,394.65,-619.834602729695,334.558292552111
5058,-378.783945695328,0,0,19,-107.35810006253901,2.89984115570102e-13,-641.7,351.27415436721003
5059,-588.058130576154,0,0,20,38.9277446394476,-394.649999999999,-619.834602729695,367.498727514093
5060,-803.622888467663,0,0,21,31.450143887732395,-683.5538512070581,-555.728501608474,383.20932046013604
5061,-791.589576145728,0,0,22,31.0768848211792,-789.3,-453.750421487408,398.38396052050103
5062,-464.30608422446096,0,0,23,104.096342393673,-683.5538512070581,-320.85,413.001424588924
5063,-111.563809570166,0,0,24,-1.87089714802527,-394.650000000001,-166.084181242288,427.041268820148
5064,529.5578703008171,0,0,25,64.0740130783296,-3.86645487426802e-13,-1.5717117020257098e-13,440.48385722248804
5065,993.909366898152,0,0,26,-46.1352034646776,394.650000000001,166.084181242288,453.310389120541
5066,1553.5538375092199,0,0,27,56.647060852535105,683.5538512070581,320.85,465.502925449632
5067,1850.07957878411,0,0,28,101.984743451483,789.3,453.750421487407,477.044413845215
5068,1804.2762871866198,0,0,29,48.07522187893721,683.5538512070581,555.728501608474,487.918712492153
5069,1445.8836468579,0,0,30,-96.71156857229099,394.65,619.834602729695,498.110612700497
5070,1370.7792356220698,0,0,31,190.473375445846,1.8853853126221202e-12,641.7,507.605860176223
5071,667.060298499754,0,0,32,-106.51547918708599,-394.649999999999,619.834602729695,516.391174957145
5072,211.08370693415299,0,0,33,-218.545213453409,-683.553851207057,555.7285016084751,524.454269986145
5073,291.380910251493,0,0,34,61.146620468351095,-789.3,453.750421487407,531.783868295734
5074,229.431386699511,0,0,35,18.7655191266563,-683.553851207057,320.85,538.369718779912
5075,263.431562340268,0,0,36,-88.20522943328051,-394.65,166.084181242288,544.202610531261
5076,542.819010396288,0,0,37,-43.455375326951504,-5.79968231140204e-13,2.3575675530385704e-13,549.274385723239
5077,818.324287030018,0,0,38,-1.8194827473284,394.649999999999,-166.084181242287,553.5779510196351
5078,1046.30542408484,0,0,39,87.49428538254558,683.553851207057,-320.85,557.107287495237
5079,1058.70887147855,0,0,40,123.301833912108,789.3,-453.750421487407,559.857459053853
5080,733.791170035427,0,0,41,3.14120110496696,683.553851207057,-555.728501608474,561.824619331877
5081,446.78655739467,0,0,42,66.9651430465784,394.650000000003,-619.834602729695,563.006017077784
5082,-55.7560203691142,0,0,43,-20.456020369114803,6.766296029969039e-13,-641.7,563.4
5083,-419.205172484251,0,0,44,-11.7265868323408,-394.649999999999,-619.834602729695,563.006017077784
5084,-665.093387385827,0,0,45,-32.6356539021729,-683.553851207057,-555.7285016084751,561.824619331877
5085,-538.4620213269139,0,0,46,98.7309411066407,-789.3,-453.750421487407,559.857459053853
5086,-516.5509970098619,0,0,47,-116.25443329803998,-683.553851207059,-320.850000000001,557.107287495237
5087,68.5296938229581,0,0,48,27.6859240456115,-394.65,-166.084181242288,553.5779510196351
5088,640.6233838973819,0,0,49,42.348998174143894,-7.73290974853605e-13,-3.14342340405143e-13,549.274385723239
5089,1122.19293836197,0,0,50,-32.7438534115797,394.649999999999,166.084181242287,544.202610531261
5090,1524.35794577573,0,0,51,-69.41562421123861,683.5538512070581,320.85,538.369718779912
5091,1802.7522827234302,0,0,52,-24.0820070597123,789.3,453.750421487407,531.783868295734
5092,1842.34294568344,0,0,53,25.6063228817589,683.553851207057,555.728501608474,524.454269986145
5093,1740.99034300099,0,0,54,156.114565314149,394.65,619.834602729695,516.391174957145
5094,1150.56881872854,0,0,55,-53.7370414476829,8.69952346710305e-13,641.7,507.605860176223
5095,671.037487830548,0,0,56,-108.257727599643,-394.650000000001,619.834602729695,498.110612700497
5096,374.376972166748,0,0,57,-42.7163907268231,-683.553851207057,555.7285016084751,487.918712492153
5097,168.963721015228,0,0,58,-30.5311143173958,-789.3,453.750421487408,477.044413845215
5098,167.076465484743,0,0,59,5.27739124216907,-683.553851207057,320.85,465.502925449632
5099,237.105537060888,0,0,60,-47.63903330194,-394.65,166.084181242288,453.310389120541
5100,469.950012498547,0,0,61,-31.533844723938998,-3.7707706252442405e-12,1.53281610934957e-12,440.48385722248804
5101,759.306987759859,0,0,62,41.6999001819995,394.649999999999,-166.084181242287,427.041268820148
5102,676.141485015163,0,0,63,-162.563790780818,683.5538512070559,-320.849999999999,413.001424588924
5103,624.984508083167,0,0,64,-172.949030949926,789.3,-453.750421487408,398.38396052050103
5104,418.53451520496003,0,0,65,-157.50015485376198,683.553851207059,-555.728501608474,383.20932046013604
5105,234.591411964303,0,0,66,26.2772871799038,394.650000000001,-619.834602729695,367.498727514094
5106,-270.970027787771,0,0,67,-47.544182154979296,-1.74088181625353e-12,-641.7,351.27415436721003
5107,-613.117389385424,0,0,68,-1.1910792078408798,-394.649999999999,-619.834602729695,334.558292552111
5108,-817.5663055739881,0,0,69,35.3415265284992,-683.5538512070581,-555.728501608474,317.374520713045
5109,-800.077330786491,0,0,70,73.2262187921763,-789.3,-453.750421487408,299.746871908741
5110,-625.7025870857531,0,0,71,26.001264121304803,-683.5538512070581,-320.85,281.7
5111,-152.84270277061898,0,0,72,72.6323333026228,-394.64999999999804,-166.084181242287,263.259145169043
5112,132.52591824331301,0,0,73,-184.924180375517,-1.15993646228041e-12,-4.715135106077141e-13,244.45009861883202
5113,929.575302977987,0,0,74,69.5419552339625,394.64999999999606,166.084181242286,225.29916650174198
5114,1242.05835033305,0,0,75,-43.17863400202889,683.5538512070559,320.849999999999,205.833133128027
5115,1448.80226201112,0,0,76,-56.32738298183371,789.3,453.750421487408,186.079223505541
5116,1418.5994652300399,0,0,77,-63.74795284859421,683.553851207059,555.728501608474,166.065065263104
5117,1220.87023005952,0,0,78,-17.4330226809384,394.650000000001,619.834602729695,145.81865001076
5118,820.638744347298,0,0,79,-25.4295498436934,4.06075474081434e-12,641.7,125.36829419098801
5119,312.739675160692,0,0,80,-97.1875270445905,-394.649999999999,619.834602729695,104.74259947558599
5120,33.8294115698698,0,0,81,-3.31565159520337,-683.5538512070581,555.728501608474,83.9704127636568
5121,-153.051348504891,0,0,82,37.417444171096605,-789.3,453.750421487408,63.080785836603695
5122,-216.384807088517,0,0,83,21.2161093919498,-683.5538512070599,320.85000000000196,42.1029347265917
5123,-147.859064580715,0,0,84,-24.359444678284802,-394.64999999999804,166.084181242287,21.0661988552818
5124,58.044360419267704,0,0,85,-26.955639580731603,-1.35325920599381e-12,5.50099095709e-13,6.89966006639619e-14
5125,250.48954914186,0,0,86,-43.0100707605709,394.650000000001,-166.084181242288,-21.0661988552819
5126,583.316598427144,0,0,87,175.71568194667802,683.5538512070559,-320.849999999999,-42.10293472659129
5127,399.36382883004603,0,0,88,38.895036154056,789.3,-453.750421487406,-63.0807858366036
5128,124.58924109411801,0,0,89,-8.26569574081085,683.553851207059,-555.728501608474,-83.97041276365641
5129,-128.36115152830098,0,0,90,111.56605067698,394.650000000001,-619.834602729695,-104.74259947558599
5130,-612.808177065599,0,0,91,63.2601171253898,-1.35423632882673e-12,-641.7,-125.368294190987
5131,-1035.13450084763,0,0,92,33.1687518928246,-394.64999999999804,-619.834602729695,-145.81865001076
5132,-1435.9600356451401,0,0,93,-123.61261756650299,-683.553851207055,-555.7285016084751,-166.065065263103
5133,-1425.7839606346201,0,0,94,-90.6543156416692,-789.3,-453.750421487408,-186.079223505541
5134,-1113.20309321798,0,0,95,2.03389111710256,-683.5538512070581,-320.85,-205.833133128027
5135,-727.7925124613721,0,0,96,-37.759164717344,-394.649999999999,-166.084181242287,-225.29916650174198
5136,-188.970279888324,0,0,97,-41.520181269489896,-1.54658194970721e-12,-6.28684680810285e-13,-244.45009861883202
5137,516.854356345318,0,0,98,121.37932027208001,394.64999999999606,166.084181242286,-263.259145169043
5138,725.727756780447,0,0,99,-95.97609442660891,683.5538512070559,320.849999999999,-281.7
5139,1012.7008349069199,0,0,100,-30.602714671749396,789.3,453.750421487408,-299.746871908741
5140,984.208894878992,0,0,101,-38.6989372234943,683.5538512070559,555.7285016084751,-317.374520713045
5141,932.011858424724,0,0,102,150.085548247139,394.650000000001,619.834602729695,-334.558292552111
5142,340.531824474085,0,0,103,-52.894021158709,4.44740022824115e-12,641.7,-351.27415436721003
5143,-71.3977152321431,0,0,104,-33.083590447747,-394.64999999999804,619.834602729695,-367.498727514093
5144,-453.428376567353,0,0,105,-47.3937065086341,-683.5538512070581,555.728501608474,-383.20932046013604
5145,-582.375023126357,0,0,106,45.558515906737604,-789.3,453.750421487407,-398.38396052050103
5146,-675.451217535591,0,0,107,-6.74594173960968,-683.5538512070581,320.85,-413.001424588924
5147,-579.832485389458,0,0,108,-32.2253978115953,-394.65000000000396,166.08418124228902,-427.041268820148
5148,-344.89756505468597,0,0,109,-13.413707832197002,-1.73990469342061e-12,7.07270265911571e-13,-440.48385722248804
5149,-268.998082001865,0,0,110,-154.253511639034,394.64999999999606,-166.084181242286,-453.310389120541
5150,6.91172692642151,0,0,111,-1.2891988310049198,683.553851207059,-320.850000000001,-465.502925449632
5151,-31.9112906500214,0,0,112,-2.4164553173987797,789.3,-453.750421487407,-477.044413845215
5152,-239.114095143273,0,0,113,7.979267750293991,683.553851207059,-555.728501608474,-487.918712492153
5153,-536.123079610036,0,0,114,73.1721358201546,394.650000000001,-619.834602729695,-498.110612700497
5154,-983.5369730358431,0,0,115,50.7688871403754,4.64072297195455e-12,-641.7,-507.605860176223
5155,-1391.65358992858,0,0,116,23.222187758263196,-394.650000000003,-619.834602729695,-516.391174957145
5156,-1485.5214219758898,0,0,117,161.215200825791,-683.553851207057,-555.728501608474,-524.454269986145
5157,-1630.7865546076,0,0,118,26.047735175539398,-789.3,-453.75042148740897,-531.783868295734
5158,-1356.42390440859,0,0,119,67.34966557837849,-683.5538512070581,-320.85,-538.369718779912
5159,-939.215229818376,0,0,120,45.721561955177705,-394.65000000000396,-166.08418124228902,-544.202610531261
5160,-461.233067124779,0,0,121,-32.958681401529,-7.541541250488481e-12,-3.06563221869914e-12,-549.274385723239
5161,165.110270495594,0,0,122,35.9540402729401,394.65,166.084181242288,-553.5779510196351
5162,711.074825617396,0,0,123,140.778261905579,683.5538512070559,320.849999999999,-557.107287495237
5163,742.8247277596629,0,0,124,-64.3682346738901,789.3,453.750421487406,-559.857459053853
5164,660.535016910448,0,0,125,-141.92271657320802,683.553851207059,555.7285016084729,-561.824619331877
5165,508.882101929564,0,0,126,-68.5964837223485,394.650000000001,619.834602729695,-563.006017077784
5166,144.46887217884898,0,0,127,-60.831127821150105,-7.74268097686523e-13,641.7,-563.4
5167,-143.649709497677,0,0,128,66.1717048504145,-394.650000000003,619.834602729695,-563.006017077784
5168,-418.83297928351095,0,0,129,141.816989646945,-683.553851207055,555.728501608476,-561.824619331877
5169,-705.990372472776,0,0,130,59.416665093668,-789.3,453.75042148740897,-559.857459053853
5170,-865.4924987348401,0,0,131,-76.6813600325445,-683.5538512070581,320.85,-557.107287495237
5171,-611.692011293788,0,0,132,38.4517584835582,-394.649999999999,166.084181242287,-553.577951019634
5172,-357.670908294673,0,0,133,58.603477428564204,3.48176363250706e-12,-1.41533493157214e-12,-549.274385723239
5173,-148.170624559663,0,0,134,33.4661672138878,394.649999999995,-166.084181242285,-544.202610531261
5174,-190.105593071311,0,0,135,-149.439725498456,683.5538512070559,-320.849999999999,-538.369718779912
5175,-28.186993001124,0,0,136,32.047296782017604,789.3,-453.750421487407,-531.783868295734
5176,-206.469340429591,0,0,137,53.15957995797171,683.553851207057,-555.7285016084751,-524.454269986145
5177,-605.150839787652,0,0,138,-1.57506210080899,394.649999999997,-619.8346027296959,-516.391174957145
5178,-982.099979101712,0,0,139,28.205881074506003,5.027368459381349e-12,-641.7,-507.605860176223
5179,-1361.21729917015,0,0,140,11.377916260040697,-394.64999999999804,-619.834602729695,-498.110612700497
5180,-1600.26674149211,0,0,141,-14.065676184424902,-683.553851207057,-555.728501608474,-487.918712492153
5181,-1573.9440423163198,0,0,142,4.15079301630281,-789.3,-453.75042148741,-477.044413845215
5182,-1285.2348791930801,0,0,143,41.671897463609206,-683.553851207055,-320.849999999999,-465.502925449631
5183,-937.881194960639,0,0,144,-67.836624597805,-394.65000000000396,-166.08418124228902,-453.310389120541
5184,-284.300894700611,0,0,145,11.182962521880699,-2.3198729245608103e-12,-9.430270212154281e-13,-440.48385722248804
5185,266.637203107813,0,0,146,-13.0557093143261,394.65,166.084181242288,-427.041268820148
5186,698.5149896670441,0,0,147,-39.8874369510816,683.553851207053,320.849999999997,-413.001424588924
5187,994.834736449467,0,0,148,2.16827548255922,789.3,453.75042148740897,-398.38396052050103
5188,971.28740344697,0,0,149,-33.7856289084275,683.5538512070599,555.7285016084729,-383.20932046013604
5189,799.953290524458,0,0,150,2.9674153088542403,394.65000000000197,619.834602729695,-367.498727514093
5190,481.688354987268,0,0,151,40.2625093544793,-3.87622610259721e-13,641.7,-351.274154367211
5191,146.70110749043502,0,0,152,104.074797312843,-394.649999999993,619.8346027296959,-334.558292552111
5192,-203.789084555655,0,0,153,88.41078575596902,-683.553851207054,555.728501608476,-317.374520713045
5193,-559.8779731570099,0,0,154,-78.5815227356778,-789.3,453.75042148740897,-299.746871908741
5194,-519.001832046257,0,0,155,-29.597980839198698,-683.5538512070581,320.850000000001,-281.7
5195,-397.98909855252504,0,0,156,-62.1641346257695,-394.649999999999,166.084181242287,-263.259145169043
5196,-115.13444115974801,0,0,157,-27.684342540911103,-8.121509481628691e-12,3.301388974003e-12,-244.45009861883202
5197,182.921109989179,0,0,158,21.654457733212,394.649999999995,-166.084181242285,-225.29916650174198
5198,347.331801235777,0,0,159,31.4610831567469,683.5538512070559,-320.849999999999,-205.833133128027
5199,280.946044123006,0,0,160,-28.5243108840456,789.3,-453.750421487407,-186.079223505541
5200,-30.731429337729,0,0,161,-153.491713673208,683.553851207057,-555.7285016084751,-166.065065263104
5201,-191.92085990006,0,0,162,17.0823928403873,394.650000000007,-619.834602729694,-145.81865001076
5202,-599.580852674985,0,0,163,4.48744151599722,5.414013946808151e-12,-641.7,-125.36829419098801
5203,-884.608192018867,0,0,164,70.619010186412,-394.649999999997,-619.834602729695,-104.74259947558599
5204,-1179.75010873694,0,0,165,-21.4973431577503,-683.553851207051,-555.728501608477,-83.97041276365721
5205,-1202.98019193744,0,0,166,-62.8489846134255,-789.3,-453.75042148741,-63.0807858366043
5206,-918.147523820989,0,0,167,-38.640737887343896,-683.553851207055,-320.849999999999,-42.1029347265912
5207,-515.392961357153,0,0,168,-101.592581259591,-394.649999999995,-166.084181242285,-21.0661988552818
5208,121.780557177334,0,0,169,-47.2194428226618,-2.70651841198762e-12,-1.100198191418e-12,-1.3799320132792402e-13
5209,799.5810807762821,0,0,170,47.7807006787128,394.65,166.084181242287,21.066198855282103
5210,1227.52911801736,0,0,171,10.0223320837044,683.553851207059,320.850000000001,42.1029347265914
5211,1579.7180749238698,0,0,172,101.586867599862,789.3,453.750421487406,63.080785836603496
5212,1506.85406725509,0,0,173,10.6013016758985,683.5538512070599,555.7285016084729,83.97041276365641
5213,1329.73056612101,0,0,174,36.5033639157273,394.65000000000197,619.834602729695,104.74259947558599
5214,989.177877171972,0,0,175,47.1095829809738,1.1215650503876001e-11,641.7,125.368294190987
5215,595.966628755212,0,0,176,48.9633760147484,-394.64999999999196,619.8346027296959,145.81865001076
5216,145.425782187283,0,0,177,-69.8139334772416,-683.553851207054,555.728501608476,166.065065263103
5217,38.8885504565409,0,0,178,10.358905463593901,-789.3,453.750421487406,186.079223505541
5218,90.3010781672673,0,0,179,68.1717962462979,-683.553851207059,320.850000000001,205.833133128027
5219,181.244897960386,0,0,180,4.51155021635572,-394.65,166.084181242287,225.29916650174198
5220,502.580902079879,0,0,181,77.13080346104509,2.7084726576534502e-12,-1.100992591167e-12,244.45009861883202
5221,691.661372561827,0,0,182,17.8364086350742,394.649999999995,-166.084181242285,263.259145169043
5222,944.8242870332291,0,0,183,117.420435826173,683.553851207055,-320.849999999999,281.7
5223,843.2078345071831,0,0,184,23.9113840858499,789.3,-453.750421487407,299.746871908741
5224,626.406324224596,0,0,185,-3.7935460870391,683.553851207063,-555.728501608472,317.37452071304403
5225,250.50666198081,0,0,186,-44.867027841612796,394.650000000007,-619.834602729694,334.55829255211
5226,31.855205951694497,0,0,187,135.281051584479,5.80065943423495e-12,-641.7,351.27415436721003
5227,-504.64568772265,0,0,188,-45.659812507042204,-394.650000000007,-619.834602729694,367.498727514094
5228,-679.022365171837,0,0,189,-11.9493328164422,-683.553851207057,-555.7285016084751,383.20932046013604
5229,-725.06722433867,0,0,190,-70.400763371764,-789.3,-453.750421487407,398.38396052050103
5230,-324.16514182988897,0,0,191,76.23728478824121,-683.5538512070559,-320.849999999999,413.001424588924
5231,-86.4092222424424,0,0,192,-144.716309820296,-394.65000000000504,-166.08418124229,427.041268820148
5232,719.00018362958,0,0,193,85.5163264070963,-3.09316389941442e-12,-1.25736936162057e-12,440.48385722248804
5233,1215.99206398974,0,0,194,7.947493626909679,394.649999999999,166.084181242287,453.310389120541
5234,1734.39062687635,0,0,195,69.4838502196686,683.553851207053,320.849999999997,465.502925449631
5235,1769.50571897601,0,0,196,-146.589116356609,789.3,453.750421487405,477.044413845215
5236,2035.5125830063198,0,0,197,111.311517698633,683.5538512070599,555.7285016084729,487.918712492153
5237,1671.5021617921,0,0,198,-39.0930536381016,394.65000000001197,619.834602729694,498.110612700497
5238,1233.56437598323,0,0,199,-114.74148419299101,3.8566836459388395e-13,641.7,507.605860176223
5239,971.0541456095641,0,0,200,29.478367922725802,-394.65000000000197,619.834602729695,516.391174957145
5240,514.986776883916,0,0,201,-82.6421435036426,-683.5538512070599,555.7285016084729,524.454269986145
5241,363.08510801809797,0,0,202,-35.1491817650455,-789.3,453.75042148740897,531.783868295734
5242,303.744517210574,0,0,203,-74.9213503622793,-683.553851207059,320.850000000001,538.369718779912
5243,589.054851386225,0,0,204,69.4180596126767,-394.65,166.084181242288,544.202610531261
5244,767.662121772764,0,0,205,13.387736049530199,-8.894800456482288e-12,3.6157313144081404e-12,549.274385723239
5245,940.462641770259,0,0,206,-47.6811280070845,394.64999999999395,-166.084181242285,553.577951019634
5246,1161.57019478511,0,0,207,34.7590560828129,683.553851207055,-320.849999999999,557.107287495237
5247,898.74707882235,0,0,208,-204.65995874409901,789.3,-453.750421487404,559.857459053853
5248,947.977424464115,0,0,209,49.327455533655005,683.553851207057,-555.728501608474,561.824619331877
5249,543.005895253834,0,0,210,-4.81551909425204,394.64999999999804,-619.834602729695,563.006017077784
5250,105.935343697067,0,0,211,-26.7646563029281,-5.0293227050471905e-12,-641.7,563.4
5251,-194.443034959927,0,0,212,45.0355506919815,-394.649999999997,-619.8346027296959,563.006017077784
5252,-458.855657238216,0,0,213,5.60207624543801,-683.553851207057,-555.7285016084751,561.824619331877
5253,-431.972591015895,0,0,214,37.2203714176595,-789.3,-453.750421487407,559.857459053853
5254,-176.8562640651,0,0,215,55.44029964672689,-683.553851207062,-320.85000000000304,557.107287495237
5255,89.2098697783572,0,0,216,-119.63389999898199,-394.65000000000504,-166.08418124229,553.5779510196351
5256,744.50975481965,0,0,217,-21.764630903584198,-3.47980938684122e-12,-1.4145405318231399e-12,549.274385723239
5257,1350.06429060933,0,0,218,27.127498835795603,394.649999999989,166.084181242283,544.202610531261
5258,1860.36744128853,0,0,219,98.5938713015733,683.553851207053,320.849999999996,538.369718779912
5259,2028.8321917542498,0,0,220,33.9979019711091,789.3,453.75042148740897,531.783868295734
5260,1954.89205755267,0,0,221,-29.844565249001104,683.553851207055,555.728501608476,524.454269986145
5261,1768.2270060456601,0,0,222,15.3512283588159,394.650000000003,619.834602729695,516.391174957145
5262,1436.63220411508,0,0,223,64.32634393885199,7.72313852020686e-13,641.7,507.605860176223
5263,950.2445461634959,0,0,224,2.94933073330551,-394.650000000001,619.834602729695,498.110612700497
5264,642.312709828309,0,0,225,57.2193469347336,-683.553851207054,555.728501608476,487.918712492153
5265,275.928053162628,0,0,226,-91.56678216999659,-789.3,453.75042148740897,477.044413845216
5266,412.623497765146,0,0,227,82.8244235225728,-683.553851207059,320.850000000001,465.502925449631
5267,436.06122275579804,0,0,228,-16.683347607025098,-394.65000000001,166.084181242292,453.310389120541
5268,563.214139311706,0,0,229,-106.26971791077699,-9.28144594390909e-12,3.77290248461071e-12,440.48385722248804
5269,1032.80256300297,0,0,230,147.195475425115,394.64999999999395,-166.084181242285,427.041268820148
5270,1072.84430658197,0,0,231,66.13903078598821,683.553851207061,-320.85000000000196,413.001424588924
5271,950.4614345419991,0,0,232,-15.472104491095099,789.3,-453.750421487407,398.38396052050103
5272,808.767470125193,0,0,233,64.7328000664742,683.553851207057,-555.728501608474,383.20932046013604
5273,395.918145821775,0,0,234,19.604021037379,394.64999999999804,-619.834602729695,367.498727514093
5274,-23.0374021426691,0,0,235,32.3884434901138,6.57395040908856e-12,-641.7,351.274154367211
5275,-414.243904117283,0,0,236,29.682406060298,-394.64999999999606,-619.8346027296959,334.558292552111
5276,-697.160742324699,0,0,237,-12.2529102222122,-683.5538512070559,-555.7285016084751,317.374520713045
5277,-679.221196042825,0,0,238,26.0823535358447,-789.3,-453.75042148741096,299.746871908741
5278,-518.80627433507,0,0,239,-35.1024231280058,-683.553851207062,-320.85000000000304,281.700000000001
5279,-94.35325264449058,0,0,240,-36.8782165712384,-394.65000000000504,-166.08418124229,263.259145169043
5280,526.569236957232,0,0,241,41.119138338420704,-1.5083082500977e-11,-6.13126443739828e-12,244.45009861883202
5281,1014.2428440791199,0,0,242,-13.790503664906302,394.649999999999,166.084181242287,225.29916650174198
5282,1448.4260390959,0,0,243,-4.81094523918343,683.5538512070581,320.85,205.833133128027
5283,1715.16241463227,0,0,244,42.03276963932271,789.3,453.750421487408,186.079223505541
5284,1559.0118323705701,0,0,245,-91.335585708066,683.5538512070599,555.7285016084729,166.065065263103
5285,1423.8734513894,0,0,246,17.570198648944,394.650000000003,619.834602729695,145.81865001076
5286,1131.22451253269,0,0,247,117.156218341685,1.23755869661564e-11,641.7,125.36829419098801
5287,559.1446675963771,0,0,248,-18.7825346089033,-394.650000000001,619.834602729695,104.74259947558599
5288,161.251370433652,0,0,249,-43.8936927314279,-683.553851207054,555.728501608476,83.97041276365721
5289,-45.0249670534821,0,0,250,-22.5561743774987,-789.3,453.75042148741204,63.0807858366043
5290,-67.6432899124078,0,0,251,1.95762656805774,-683.553851207059,320.850000000001,42.102934726592295
5291,27.065886450962896,0,0,252,-17.4344936466116,-394.649999999991,166.084181242283,21.0661988552819
5292,160.726432555755,0,0,253,-92.27356744424641,1.54853619537305e-12,-6.294790805592829e-13,2.06989801991886e-13
5293,436.078807848815,0,0,254,-25.4208120536129,394.64999999999395,-166.084181242285,-21.066198855281502
5294,411.068330498817,0,0,255,-164.53258598165002,683.553851207061,-320.85000000000196,-42.1029347265909
5295,535.139625170248,0,0,256,6.6708324942588195,789.3,-453.750421487407,-63.0807858366039
5296,339.736457916532,0,0,257,38.8815210815976,683.553851207063,-555.728501608472,-83.9704127636568
5297,-73.1358584211092,0,0,258,-1.20865621582619,394.64999999999804,-619.834602729695,-104.74259947558599
5298,-662.024771100085,0,0,259,-153.956476909104,6.9605958965153604e-12,-641.7,-125.368294190987
5299,-903.150768174957,0,0,260,-2.84751543451347,-394.64999999998594,-619.834602729697,-145.81865001076
5300,-1116.69515066091,0,0,261,27.6522674177204,-683.5538512070559,-555.7285016084751,-166.065065263103
5301,-1121.53542823586,0,0,262,45.594216757092504,-789.3,-453.75042148741096,-186.07922350554
5302,-974.8987110522979,0,0,263,-27.6617267172157,-683.5538512070559,-320.849999999999,-205.833133128027
5303,-458.86663310032003,0,0,264,63.1667146437177,-394.650000000006,-166.08418124229,-225.29916650174198
5304,85.7651627084487,0,0,265,65.2152613272709,6.96352726501412e-12,2.83066986314428e-12,-244.45009861883202
5305,597.833064403084,0,0,266,34.3580283298421,394.64999999999804,166.084181242287,-263.259145169043
5306,1043.8914424253599,0,0,267,54.18759121831471,683.553851207052,320.849999999996,-281.7
5307,1237.04044497509,0,0,268,25.736895396422895,789.3,453.750421487408,-299.74687190874
5308,1190.58781813371,0,0,269,-0.320013968777075,683.553851207061,555.7285016084729,-317.374520713045
5309,1003.51273711319,0,0,270,53.5864269355951,394.650000000013,619.834602729694,-334.558292552111
5310,630.21030539744,0,0,271,68.7844597646488,1.54560482687429e-12,641.7,-351.27415436721003
5311,293.602156865378,0,0,272,163.91628164976498,-394.649999999991,619.8346027296959,-367.498727514093
5312,-208.337448724573,0,0,273,29.6972213341489,-683.553851207059,555.728501608474,-383.20932046013604
5313,-623.737038992386,0,0,274,-163.803499959294,-789.3,453.75042148740897,-398.38396052050103
5314,-573.750243166049,0,0,275,-73.0449673700681,-683.553851207054,320.849999999997,-413.001424588924
5315,-316.275505951961,0,0,276,63.3315816259,-394.650000000001,166.084181242288,-427.041268820148
5316,-200.51407818832,0,0,277,-37.0302209658261,-1.0054736918762698e-11,4.08724482501585e-12,-440.48385722248804
5317,118.93259023581699,0,0,278,65.6771605986438,394.650000000003,-166.08418124228902,-453.310389120541
5318,65.0785725155678,0,0,279,-111.12235324185801,683.553851207055,-320.84999999999803,-465.502925449631
5319,120.91488614016501,0,0,280,-17.590278527217098,789.3,-453.750421487403,-477.044413845215
5320,-85.503385900299,0,0,281,-6.41002300673048,683.5538512070581,-555.728501608474,-487.918712492152
5321,-396.99601653976504,0,0,282,44.2991988904178,394.650000000008,-619.834602729694,-498.110612700497
5322,-906.158047615355,0,0,283,-39.8521874391512,1.8563869010651103e-11,-641.7,-507.605860176223
5323,-1251.55808828203,0,0,284,-4.68231059519129,-394.64999999999606,-619.8346027296959,-516.391174957145
5324,-1517.9312930827803,0,0,285,-39.1946702810978,-683.553851207062,-555.7285016084729,-524.454269986145
5325,-1488.00993465582,0,0,286,0.824355127326375,-789.3,-453.750421487408,-531.783868295734
5326,-1207.54335778424,0,0,287,48.2302122027418,-683.553851207062,-320.85000000000304,-538.369718779912
5327,-800.334245783995,0,0,288,16.602545989548098,-394.64999999999606,-166.084181242286,-544.202610531261
5328,-198.20394951211102,0,0,289,62.070436211134606,-4.6397458491216294e-12,-1.8860540424308603e-12,-549.274385723239
5329,268.352590809591,0,0,290,-28.8036394130451,394.64999999998804,166.084181242282,-553.577951019634
5330,655.9384652538121,0,0,291,-82.3580984580085,683.5538512070581,320.85,-557.107287495237
5331,1010.17229816034,0,0,292,34.979335726783,789.3,453.750421487405,-559.857459053853
5332,971.744660272522,0,0,293,1.2869267888611498,683.5538512070659,555.728501608471,-561.824619331877
5333,794.865818054776,0,0,294,49.387232402861,394.65000000000396,619.834602729695,-563.006017077784
5334,417.56468649949403,0,0,295,44.2646864995035,-9.284377312407849e-12,641.7,-563.4
5335,-103.655394031049,0,0,296,-61.8339796829599,-394.65,619.834602729695,-563.006017077784
5336,-451.47384160543,0,0,297,-58.82387267497621,-683.553851207053,555.728501608476,-561.824619331877
5337,-532.617658687162,0,0,298,64.789378879285,-789.3,453.750421487406,-559.857459053853
5338,-579.2884211238501,0,0,299,41.5227175784457,-683.553851207059,320.850000000001,-557.107287495237
5339,-515.011581690803,0,0,300,-32.8678119134497,-394.650000000011,166.084181242293,-553.5779510196351
5340,-213.606892357024,0,0,301,34.6674933662145,7.75245220519442e-13,-3.1513674015414005e-13,-549.274385723239
5341,26.6417651466448,0,0,302,40.278556920197296,394.649999999993,-166.084181242284,-544.202610531261
5342,122.00141795654801,0,0,303,-5.33271447059488,683.553851207049,-320.849999999994,-538.369718779912
5343,69.68391169199721,0,0,304,-38.081798524861796,789.3,-453.750421487407,-531.783868295734
5344,-141.263612290738,0,0,305,-49.634691903184496,683.553851207064,-555.728501608472,-524.454269986145
5345,-523.2951082915249,0,0,306,-87.7193306046846,394.649999999999,-619.834602729695,-516.391174957145
5346,-821.753322794614,0,0,307,20.552537381601898,7.733886871368969e-12,-641.7,-507.605860176223
5347,-1303.49808249448,0,0,308,-98.90286706427861,-394.65000000000504,-619.834602729695,-498.110612700497
5348,-1483.95441310729,0,0,309,-65.7533477996037,-683.5538512070559,-555.7285016084751,-487.918712492153
5349,-1399.2058618798198,0,0,310,10.888973452809598,-789.3,-453.75042148741096,-477.044413845215
5350,-1129.20358032553,0,0,311,29.703196331156203,-683.553851207057,-320.85,-465.502925449631
5351,-641.400387110707,0,0,312,60.6441832521311,-394.650000000006,-166.08418124229,-453.310389120541
5352,-115.666737005618,0,0,313,11.8171202168933,-1.62430189632574e-11,-6.602777948005991e-12,-440.48385722248804
5353,370.889419560489,0,0,314,-76.8034928616468,394.64999999999804,166.084181242287,-427.041268820148
5354,854.624787354177,0,0,315,-51.7776392639458,683.553851207052,320.849999999996,-413.00142458892503
5355,1171.35163168737,0,0,316,10.685170720460599,789.3,453.750421487408,-398.38396052050103
5356,1150.76698062372,0,0,317,-22.306051731675,683.553851207061,555.7285016084729,-383.20932046013604
5357,1119.3431445081699,0,0,318,154.35726929257498,394.64999999999395,619.8346027296959,-367.498727514094
5358,706.331466404276,0,0,319,96.9056207714843,2.3188958017278997e-12,641.7,-351.274154367211
5359,303.976679766222,0,0,320,93.3503695886267,-394.64999999999003,619.8346027296959,-334.558292552111
5360,-46.6492094950859,0,0,321,77.550660816544,-683.553851207059,555.728501608474,-317.374520713045
5361,-407.01420331824403,0,0,322,-93.71775289691229,-789.3,453.75042148740897,-299.746871908741
5362,-207.847573239986,0,0,323,113.556277967073,-683.553851207065,320.850000000006,-281.7
5363,-215.77391773235297,0,0,324,-47.9489538055966,-394.65000000000197,166.084181242288,-263.259145169043
5364,132.195433079127,0,0,325,51.6455316979654,-1.0828027893616302e-11,4.401587165421e-12,-244.45009861883202
5365,230.296854527835,0,0,326,-98.9697977281253,394.649999999983,-166.08418124228,-225.29916650174198
5366,468.213412148766,0,0,327,-15.6573059302627,683.553851207054,-320.84999999999803,-205.83313312802798
5367,476.557097652916,0,0,328,-0.913257354134002,789.3,-453.75042148741,-186.079223505541
5368,348.625520894368,0,0,329,57.865236558872496,683.553851207069,-555.7285016084691,-166.065065263104
5369,25.8509149779347,0,0,330,66.8541677183799,394.650000000009,-619.834602729694,-145.81865001076
5370,-571.355261373698,0,0,331,-135.286967182729,1.9337159985504697e-11,-641.7,-125.368294190989
5371,-802.831560359089,0,0,332,-15.6043581538116,-394.649999999995,-619.8346027296959,-104.742599475587
5372,-871.965981284088,0,0,333,118.28678429510201,-683.553851207061,-555.7285016084729,-83.9704127636563
5373,-1033.7367693560302,0,0,334,-61.6055620320223,-789.3,-453.750421487408,-63.08078583660439
5374,-775.1726055708419,0,0,335,-63.6658196372036,-683.553851207051,-320.849999999996,-42.1029347265914
5375,-251.302791587769,0,0,336,-5.502411490175691,-394.65000000001703,-166.084181242295,-21.066198855282
5376,429.167612026146,0,0,337,92.167612026154,-5.4130368239752306e-12,-2.200396382836e-12,-2.75986402655847e-13
5377,905.0625221487869,0,0,338,-14.7378579487641,394.64999999998804,166.084181242282,21.0661988552814
5378,1430.70453235656,0,0,339,45.197746422914,683.553851207057,320.85,42.1029347265918
5379,1591.61407861057,0,0,340,-54.5171287134397,789.3,453.750421487405,63.0807858366029
5380,1723.38635569153,0,0,341,59.1335901123409,683.553851207055,555.7285016084751,83.9704127636567
5381,1579.11754372257,0,0,342,117.89034151726601,394.650000000024,619.834602729692,104.74259947558501
5382,997.731929059613,0,0,343,-112.33636513138799,1.39221689158636e-11,641.7,125.368294190987
5383,650.1882320101249,0,0,344,-64.815020730331,-394.65,619.834602729695,145.818650010761
5384,421.261253657821,0,0,345,38.0215379932947,-683.553851207053,555.728501608476,166.065065263103
5385,217.231457290253,0,0,346,20.701812297305104,-789.3,453.750421487406,186.079223505541
5386,285.56163854391104,0,0,347,95.43235662294269,-683.5538512070599,320.85000000000196,205.83313312802602
5387,195.073455125233,0,0,348,-149.6598926188,-394.64999999999196,166.084181242284,225.29916650174198
5388,664.835876059715,0,0,349,71.3857774408965,-2.2431301007752002e-11,9.11831107099613e-12,244.45009861883202
5389,767.912846318606,0,0,350,-73.9121176081448,394.64999999999196,-166.084181242284,263.259145169043
5390,1049.4583280039801,0,0,351,54.0544767969235,683.553851207049,-320.849999999994,281.699999999999
5391,973.6875377044651,0,0,352,-13.6089127168694,789.3,-453.750421487406,299.746871908741
5392,665.338130445748,0,0,353,-132.861739865888,683.553851207064,-555.728501608472,317.37452071304403
5393,475.796098988329,0,0,354,12.422409165913502,394.65,-619.834602729695,334.558292552111
5394,-38.1477121426375,0,0,355,-102.721866509835,-1.39260774071953e-11,-641.7,351.274154367211
5395,-354.33773817086,0,0,356,-63.3518629552715,-394.64999999998497,-619.834602729697,367.498727514093
5396,-562.531635028418,0,0,357,-63.4586026730241,-683.553851207055,-555.7285016084751,383.20932046013604
5397,-474.297140868758,0,0,358,12.3693200981528,-789.3,-453.75042148741096,398.3839605205
5398,-248.217438337863,0,0,359,-15.8150117197302,-683.553851207057,-320.85,413.001424588924
5399,280.634589795742,0,0,360,54.32750221789271,-394.650000000007,-166.08418124229098,427.041268820147
5400,798.7841386180299,0,0,361,-2.69971860446569,5.41694531530691e-12,2.20198518233399e-12,440.48385722248804
5401,1304.89837911723,0,0,362,-71.14619124556391,394.64999999997804,166.084181242277,453.310389120541
5402,1812.0408247212802,0,0,363,-20.865951935400698,683.553851207051,320.849999999996,465.502925449631
5403,1979.70708794302,0,0,364,-104.38774738960699,789.3,453.750421487408,477.044413845215
5404,2049.7699496392997,0,0,365,-42.431115668383704,683.553851207061,555.7285016084729,487.918712492153
5405,1767.10360230023,0,0,366,-111.49161312995301,394.649999999995,619.8346027296959,498.110612700497
5406,1512.57486144109,0,0,367,-3.73099873513769,3.0921867765815e-12,641.7,507.605860176223
5407,1058.2541624611501,0,0,368,-51.3216152256804,-394.650000000009,619.834602729694,516.391174957145
5408,809.3145778949839,0,0,369,43.685657507408294,-683.5538512070469,555.728501608479,524.454269986144
5409,594.5869266802671,0,0,370,28.3526368971235,-789.3,453.75042148741,531.783868295734
5410,655.231497075716,0,0,371,108.565629502864,-683.5538512070659,320.850000000006,538.369718779911
5411,522.661274353707,0,0,372,-164.97551741984,-394.65000000000197,166.08418124228902,544.202610531261
5412,930.3314135465041,0,0,373,8.05702782327157,-1.16013188684699e-11,4.71592950582614e-12,549.274385723239
5413,1114.94081291578,0,0,374,-41.202956861572,394.65000000000197,-166.084181242288,553.577951019634
5414,1342.49766706792,0,0,375,47.686528365627794,683.553851207065,-320.850000000006,557.107287495237
5415,1318.25856909122,0,0,376,46.8515315247729,789.3,-453.750421487403,559.857459053853
5416,1103.43110887515,0,0,377,36.781139944688796,683.553851207059,-555.728501608474,561.824619331877
5417,757.460011296508,0,0,378,41.638596948408605,394.65000000001,-619.834602729694,563.006017077784
5418,296.71347401072,0,0,379,-3.98652598927798,-2.3228042930595696e-12,-641.7,563.4
5419,-170.281495213962,0,0,380,-98.80290956205559,-394.64999999999395,-619.8346027296959,563.006017077784
5420,-104.759809789996,0,0,381,191.69792369366002,-683.553851207061,-555.7285016084729,561.824619331877
5421,-455.109180247672,0,0,382,-153.916217814111,-789.3,-453.750421487415,559.857459053853
5422,-64.62147935480121,0,0,383,-0.324915642971944,-683.553851207063,-320.850000000004,557.107287495237
5423,408.584070464349,0,0,384,31.7403006870273,-394.65000000001703,-166.084181242295,553.5779510196351
5424,906.187745171328,0,0,385,-28.086640551903,-6.18632779882884e-12,-2.51473872324114e-12,549.274385723239
5425,1507.66875050602,0,0,386,16.731958732460598,394.650000000006,166.08418124229,544.202610531261
5426,2012.34460323727,0,0,387,82.57103325029951,683.553851207057,320.85,538.369718779912
5427,2144.4974358455897,0,0,388,-18.336853937551698,789.3,453.75042148741096,531.783868295734
5428,2146.35259081911,0,0,389,-6.38403198257341,683.553851207067,555.72850160847,524.454269986145
5429,1872.1240676062,0,0,390,-48.751710080647705,394.65000000000504,619.834602729695,516.391174957145
5430,1514.43911878644,0,0,391,-25.8667413898001,1.46954598907172e-11,641.7,507.605860176223
5431,1249.48697884048,0,0,392,134.191763410283,-394.649999999999,619.834602729695,498.110612700497
5432,645.130160124629,0,0,393,-107.96320276894801,-683.553851207053,555.728501608476,487.918712492153
5433,649.0651157863599,0,0,394,113.57028045373801,-789.3,453.750421487407,477.044413845215
5434,491.931633628451,0,0,395,-5.86744061411954,-683.553851207071,320.85000000000997,465.502925449632
5435,548.60449050355,0,0,396,-72.1400798592715,-394.65000000001197,166.084181242293,453.310389120541
5436,872.910293111794,0,0,397,35.426435889306504,-7.713367291877679e-13,3.13547940656145e-13,440.48385722248804
5437,1105.65116369865,0,0,398,52.0440761207967,394.64999999999196,-166.084181242284,427.041268820149
5438,1219.84854282111,0,0,399,45.14326702512421,683.553851207059,-320.850000000001,413.001424588924
5439,1109.90869866339,0,0,400,-24.024840369702503,789.3,-453.750421487406,398.38396052050103
5440,908.947711493842,0,0,401,-3.08695856487063,683.553851207053,-555.728501608476,383.20932046013604
5441,512.695939776566,0,0,402,-31.6181850078555,394.65000000002,-619.834602729693,367.498727514094
5442,106.699676956594,0,0,403,-5.8744774106263495,9.28046882107618e-12,-641.7,351.274154367211
5443,-262.746088185693,0,0,404,13.180221991877598,-394.649999999984,-619.834602729697,334.558292552111
5444,-647.406315412753,0,0,405,-130.498483310268,-683.553851207055,-555.7285016084751,317.374520713045
5445,-585.394736286333,0,0,406,-48.0911867076631,-789.3,-453.75042148741204,299.746871908741
5446,-421.300208043902,0,0,407,-105.596356836845,-683.553851207057,-320.85,281.7
5447,28.4691946039581,0,0,408,-82.0557693228147,-394.64999999998804,-166.084181242282,263.259145169043
5448,802.833362390343,0,0,409,149.38326377153498,-1.77896009129646e-11,-7.231462628816281e-12,244.450098618833
5449,1245.50509122184,0,0,410,49.47174347781879,394.64999999999606,166.084181242286,225.29916650174198
5450,1643.43816469806,0,0,411,22.2011803629877,683.553851207051,320.849999999995,205.83313312802798
5451,1734.8320063745498,0,0,412,-106.297638618403,789.3,453.750421487408,186.079223505541
5452,2010.5735616201998,0,0,413,192.226143541562,683.553851207062,555.7285016084729,166.065065263104
5453,1577.07435203179,0,0,414,2.7710992913397403,394.64999999999606,619.8346027296959,145.81865001076
5454,1182.21897973623,0,0,415,0.150685545213654,2.6298733004853002e-11,641.7,125.368294190989
5455,795.409818155365,0,0,416,49.4826159500712,-394.649999999989,619.8346027296959,104.742599475587
5456,359.138023959441,0,0,417,-14.0070392056316,-683.5538512070581,555.728501608474,83.97041276365641
5457,138.261014094145,0,0,418,-7.27019322986979,-789.3,453.75042148741,63.0807858366045
5458,22.7265366857094,0,0,419,-75.67254683382541,-683.553851207055,320.84999999999803,42.1029347265914
5459,252.93225003371003,0,0,420,40.4318699361417,-394.650000000003,166.08418124228902,21.066198855282
5460,365.048747267943,0,0,421,-55.951252732063104,1.00586454100944e-11,-4.0888336245138506e-12,3.4498300331980894e-13
5461,649.629547738476,0,0,422,20.129927836055,394.649999999982,-166.084181242279,-21.0661988552813
5462,738.67897104317,0,0,423,-4.92194543729461,683.553851207054,-320.849999999997,-42.1029347265917
5463,659.102640916413,0,0,424,-37.3661517595816,789.3,-453.750421487403,-63.08078583660279
5464,525.668499998819,0,0,425,56.8135631638904,683.553851207059,-555.728501608474,-83.9704127636567
5465,121.69127627608101,0,0,426,25.618478481349396,394.65000000001,-619.834602729694,-104.74259947558501
5466,-301.931052261595,0,0,427,38.1372419293941,-1.54951331820596e-12,-641.7,-125.368294190987
5467,-662.036958476925,0,0,428,70.26629426354201,-394.650000000013,-619.834602729694,-145.818650010761
5468,-977.752979023779,0,0,429,-1.4055609451486697,-683.553851207049,-555.728501608478,-166.065065263104
5469,-943.373032566785,0,0,430,55.7566124261647,-789.3,-453.750421487408,-186.079223505541
5470,-752.263527290861,0,0,431,26.973457044232998,-683.553851207063,-320.850000000004,-205.833133128027
5471,-369.692231361555,0,0,432,-15.6588836175285,-394.64999999999804,-166.084181242287,-225.29916650174198
5472,58.9793594566795,0,0,433,-129.57054192447902,-6.95961877368244e-12,-2.8290810636462798e-12,-244.45009861883202
5473,721.720507813211,0,0,434,-9.75452826004269,394.650000000006,166.08418124229,-263.259145169043
5474,1267.54098132336,0,0,435,109.837130116322,683.553851207045,320.849999999991,-281.699999999999
5475,1402.12346573714,0,0,436,22.819916158471,789.3,453.750421487404,-299.74687190874
5476,1350.28168246612,0,0,437,-8.626149636370739,683.5538512070681,555.72850160847,-317.37452071304403
5477,1107.02968382834,0,0,438,-10.8966263492544,394.650000000006,619.834602729694,-334.55829255211
5478,624.182691086553,0,0,439,-105.243154546229,-6.96450438784703e-12,641.7,-351.274154367211
5479,303.528379695611,0,0,440,5.8425044800081505,-394.64999999999804,619.834602729695,-367.498727514094
5480,-214.582614450683,0,0,441,-144.54794439195499,-683.553851207063,555.728501608472,-383.20932046013604
5481,-394.769522980412,0,0,442,-102.83598394732401,-789.3,453.750421487413,-398.38396052050103
5482,-297.196513513385,0,0,443,35.508762282597296,-683.553851207061,320.85000000000196,-413.001424588924
5483,-139.124984937004,0,0,444,72.4821026408637,-394.650000000013,166.084181242294,-427.041268820148
5484,-73.82818667494791,0,0,445,-78.34432945245909,-1.5446277040413702e-12,6.27890281061288e-13,-440.48385722248804
5485,102.22507844023501,0,0,446,-119.03035119693199,394.649999999991,-166.084181242283,-453.310389120541
5486,479.705748712716,0,0,447,135.504822955289,683.553851207059,-320.850000000001,-465.502925449631
5487,331.200187233296,0,0,448,24.695022565910698,789.3,-453.75042148739897,-477.044413845215
5488,77.42042522689691,0,0,449,-11.4862118795444,683.553851207065,-555.728501608471,-487.918712492152
5489,-291.602938034531,0,0,450,-18.3077226043393,394.650000000001,-619.834602729695,-498.110612700497
5490,-627.510854410297,0,0,451,70.7950057659152,1.0053759795929802e-11,-641.7,-507.605860176222
5491,-1141.76853701526,0,0,452,-62.8927593284208,-394.650000000003,-619.834602729695,-516.391174957145
5492,-1260.23682843042,0,0,453,50.4997943712599,-683.553851207055,-555.7285016084751,-524.454269986145
5493,-1376.25153483392,0,0,454,-55.4172450507762,-789.3,-453.750421487405,-531.783868295734
5494,-1079.20609650268,0,0,455,8.56747348431135,-683.553851207069,-320.85000000000804,-538.369718779912
5495,-665.248727256386,0,0,456,-16.3119354828256,-394.650000000008,-166.08418124229098,-544.202610531261
5496,-59.7885566170814,0,0,457,32.4858291061841,-1.85628918878182e-11,-7.54580496922142e-12,-549.274385723239
5497,505.523929191006,0,0,458,40.3676989683594,394.64999999999606,166.084181242286,-553.577951019634
5498,894.8420996805901,0,0,459,-11.4544640312179,683.553851207051,320.849999999995,-557.107287495237
5499,1182.5868756572802,0,0,460,39.3939132237235,789.3,453.750421487407,-559.857459053853
5500,1260.32575182651,0,0,461,121.86801834286301,683.553851207051,555.728501608477,-561.824619331877
5501,871.375066574572,0,0,462,-42.1035190773534,394.650000000016,619.834602729693,-563.006017077784
5502,660.410880032879,0,0,463,119.110880032874,4.63876872628871e-12,641.7,-563.4
5503,114.56786153363998,0,0,464,-11.610724118284303,-394.64999999998804,619.834602729697,-563.006017077784
5504,-234.98310796629798,0,0,465,-10.3331390358374,-683.5538512070581,555.728501608474,-561.824619331877
5505,-411.67191592158895,0,0,466,17.735121644853603,-789.3,453.75042148741,-559.857459053853
5506,-447.43292417213206,0,0,467,5.3782145301617,-683.553851207055,320.84999999999803,-557.107287495237
5507,-354.308520827205,0,0,468,-40.164751049845,-394.65000000002294,166.084181242298,-553.5779510196351
5508,-131.333829715198,0,0,469,-51.059443991951106,-1.31479008181771e-11,5.3446141866364196e-12,-549.274385723239
5509,-1713.60387576461,1,0,470,54.420837968116,394.649999999981,-166.084181242279,-544.202610531261
5510,412.85665245084294,0,0,471,117.522520023699,683.553851207053,-320.849999999997,-538.369718779912
5511,271.795614391298,0,0,472,-3.9700958255592997,789.3,-453.75042148740897,-531.783868295734
5512,5.134979933302571,0,0,473,-71.23609967913829,683.553851207059,-555.7285016084729,-524.454269986145
5513,-284.25253078003203,0,0,474,-16.6767530931828,394.64999999999196,-619.8346027296959,-516.391174957144
5514,-710.439553788911,0,0,475,-36.1336936127094,2.16570329100655e-11,-641.7,-507.605860176223
5515,-1040.11153013606,0,0,476,-3.51631470587385,-394.649999999993,-619.8346027296959,-498.110612700497
5516,-1306.87980592608,0,0,477,-56.6787406184033,-683.553851207049,-555.728501608478,-487.918712492154
5517,-1236.1585641035902,0,0,478,5.93627122902994,-789.3,-453.75042148740897,-477.044413845215
5518,-1075.33539554075,0,0,479,-84.4286188840461,-683.553851207064,-320.850000000004,-465.502925449632
5519,-450.323344746569,0,0,480,83.721225616258,-394.649999999999,-166.084181242287,-453.310389120541
5520,-35.999654861530104,0,0,481,-76.5157976389995,-3.01661650019539e-11,-1.22625288747966e-11,-440.48385722248804
5521,571.5813201829541,0,0,482,-44.1115922391641,394.64999999998594,166.084181242281,-427.041268820149
5522,1044.86418357785,0,0,483,-29.538243040282197,683.5538512070559,320.849999999999,-413.00142458892503
5523,1361.10218922987,0,0,484,32.4357282629665,789.3,453.750421487404,-398.38396052050103
5524,1377.6880499677802,0,0,485,36.61501761238029,683.553851207057,555.7285016084751,-383.20932046013496
5525,1043.3960827292199,0,0,486,-89.5897924863832,394.650000000006,619.834602729694,-367.498727514094
5526,643.1019474760881,0,0,487,-134.323898156696,-6.19121341299343e-12,641.7,-351.27415436721003
5527,480.8795378873901,0,0,488,102.253227709783,-394.64999999997804,619.8346027296981,-334.558292552112
5528,83.6560305977114,0,0,489,39.8559009093309,-683.553851207052,555.728501608477,-317.37452071304403
5529,-160.243425769839,0,0,490,-14.9469753485101,-789.3,453.750421487413,-299.746871908742
5530,-150.704718881842,0,0,491,2.69913232521648,-683.553851207061,320.85000000000196,-281.7
5531,65.45260637784571,0,0,492,65.2775703045984,-394.64999999999395,166.084181242285,-263.259145169043
5532,199.089642119683,0,0,493,-49.4602592614693,-2.4751173932312897e-11,1.0061338092211599e-11,-244.450098618833
5533,528.256064039496,0,0,494,30.989411783530997,394.64999999999003,-166.084181242283,-225.299166501743
5534,844.7525308566071,0,0,495,192.881812777577,683.553851207059,-320.850000000001,-205.83313312802798
5535,679.614682432934,0,0,496,34.1443274258877,789.3,-453.75042148741204,-186.079223505542
5536,-1442.42252374664,1,0,497,21.205113877036702,683.553851207065,-555.728501608471,-166.065065263104
5537,127.003913478903,0,0,498,0.00716621935616072,394.65000000000197,-619.834602729695,-145.818650010759
5538,-126.916978163197,0,0,499,141.151316027759,3.32603060242013e-11,-641.7,-125.368294190989
5539,-675.196919271771,0,0,500,-55.9697170665046,-394.649999999983,-619.834602729697,-104.74259947558599
5540,-833.282488606194,0,0,501,-11.029723027005598,-683.553851207054,-555.728501608476,-83.97041276365842
5541,-781.637802931967,0,0,502,22.493404392042,-789.3,-453.750421487405,-63.0807858366036
5542,-519.524763175771,0,0,503,23.98202275786,-683.5538512070469,-320.849999999993,-42.1029347265915
5543,-89.2301054441008,0,0,504,-11.429725346517902,-394.650000000009,-166.084181242292,-21.066198855282103
5544,575.667469985262,0,0,505,70.6674699852583,3.0970723907460898e-12,1.25895816111857e-12,-4.13979603983771e-13
5545,1024.83992660834,0,0,506,-62.9604534891952,394.649999999976,166.084181242276,21.0661988552813
5546,1602.54265869816,0,0,507,49.0358727645241,683.55385120705,320.849999999995,42.1029347265907
5547,1740.61689952193,0,0,508,-73.5143078020764,789.3,453.750421487407,63.08078583660271
5548,1963.0829824581301,0,0,509,130.830216878945,683.553851207051,555.728501608477,83.9704127636556
5549,1750.8458766675399,0,0,510,121.618674462243,394.65000000001703,619.834602729693,104.74259947558501
5550,1264.0841742505,0,0,511,-13.9841199404965,5.412059701142321e-12,641.7,125.36829419098801
5551,805.570611805623,0,0,512,-77.4326409348661,-394.64999999996803,619.834602729699,145.818650010759
5552,498.85544326016196,0,0,513,-52.38427240437451,-683.553851207046,555.728501608479,166.065065263104
5553,530.66847845086,0,0,514,166.138833457908,-789.3,453.75042148741,186.079223505541
5554,271.430053074761,0,0,515,-86.6992288462092,-683.553851207055,320.849999999999,205.833133128027
5555,450.00649703907095,0,0,516,-62.7268507049671,-394.64999999998497,166.084181242281,225.29916650174198
5556,655.110956454686,0,0,517,-106.339142164138,-1.3921191793030698e-11,5.6589565270415706e-12,244.45009861883202
5557,1133.8697519198,0,0,518,124.04478799305001,394.65,-166.084181242287,263.259145169043
5558,1140.9013030420801,0,0,519,-22.502548164971,683.553851207042,-320.849999999989,281.699999999999
5559,1211.62467651757,0,0,520,56.3282260962313,789.3,-453.750421487402,299.74687190874
5560,944.166817871244,0,0,521,-22.0330524403862,683.5538512070599,-555.7285016084729,317.37452071304403
5561,770.237206431923,0,0,522,138.863516609517,394.64999999999196,-619.8346027296959,334.55829255211
5562,187.198714591128,0,0,523,-45.3754397761035,2.24303238849191e-11,-641.7,351.274154367209
5563,-83.9639850018297,0,0,524,39.021890213765104,-394.64999999999196,-619.8346027296959,367.498727514094
5564,-237.210288259067,0,0,525,93.86274409633042,-683.5538512070599,-555.7285016084729,383.20932046013604
5565,-411.03775078046,0,0,526,-92.3712898135452,-789.3,-453.750421487415,398.38396052050103
5566,-51.033680574441206,0,0,527,13.3687460437035,-683.553851207064,-320.850000000005,413.001424588924
5567,566.031180415639,0,0,528,171.724092837778,-394.65,-166.084181242287,427.041268820148
5568,1066.8271791159698,0,0,529,97.34332189346192,1.3927054530028199e-11,5.66133972628856e-12,440.48385722248804
5569,1622.88089760411,0,0,530,78.83632724130649,394.64999999998497,166.084181242281,453.310389120541
5570,2085.31933870932,0,0,531,84.41256205263291,683.553851207055,320.849999999999,465.502925449631
5571,2244.6349014267803,0,0,532,-7.45993390582716,789.3,453.750421487397,477.044413845215
5572,2256.76105856404,0,0,533,-3.44000674365292,683.5538512070681,555.72850160847,487.918712492152
5573,2053.6145648830498,0,0,534,7.01934945285225,394.650000000007,619.834602729694,498.110612700497
5574,1694.35257940681,0,0,535,10.0467192305911,-5.41792243813983e-12,641.7,507.605860176222
5575,1256.25725342373,0,0,536,-21.318524263090197,-394.65000000001703,619.834602729693,516.391174957145
5576,872.89977785966,0,0,537,-60.729142527910795,-683.553851207051,555.728501608477,524.454269986145
5577,777.1874985595151,0,0,538,42.9532087763739,-789.3,453.750421487407,531.783868295734
5578,709.581175065145,0,0,539,-5.0846925077052,-683.553851207073,320.850000000011,538.369718779912
5579,812.993805193456,0,0,540,-42.642986580084795,-394.650000000014,166.084181242294,544.202610531261
5580,1277.1151912504301,0,0,541,186.840805527189,-3.09120965374858e-12,1.2565749618715701e-12,549.274385723239
5581,1276.70975312557,0,0,542,-47.43401665178471,394.650000000009,-166.084181242292,553.577951019634
5582,1482.0786303150198,0,0,543,19.2674916127312,683.5538512070469,-320.849999999993,557.107287495237
5583,1404.26185578666,0,0,544,-35.145181779783,789.3,-453.750421487405,559.857459053853
5584,1213.90470078723,0,0,545,-20.7452681432279,683.553851207054,-555.728501608476,561.824619331877
5585,833.010401908071,0,0,546,-50.81101244004189,394.650000000022,-619.834602729693,563.006017077784
5586,407.17499130552903,0,0,547,-61.5250086944824,1.1600341745637001e-11,-641.7,563.4
5587,78.21763672521871,0,0,548,-18.3037776228682,-394.65000000000197,-619.834602729695,563.006017077784
5588,-198.48740936655702,0,0,549,-70.02967588289799,-683.553851207065,-555.728501608471,561.824619331877
5589,-146.99722710459298,0,0,550,-13.804264671033199,-789.3,-453.75042148741204,559.857459053853
5590,80.4332295015101,0,0,551,-23.2702067866679,-683.553851207059,-320.850000000001,557.107287495237
5591,519.070776774205,0,0,552,-25.772993003099998,-394.65000000002897,-166.084181242301,553.5779510196351
5592,961.4475087571291,0,0,553,-140.826876966082,-2.0109473837525396e-11,-8.1744896500317e-12,549.27438572324
5593,1577.57341723802,0,0,554,-81.3633745355173,394.64999999999395,166.084181242285,544.202610531261
5594,2080.68602364312,0,0,555,-17.087546343854,683.553851207061,320.85000000000196,538.369718779912
5595,2303.80816753094,0,0,556,-27.026122252210197,789.3,453.75042148741403,531.783868295734
5596,2326.62267127899,0,0,557,5.88604847731118,683.553851207063,555.728501608472,524.454269986145
5597,2046.4658283142999,0,0,558,-42.40994937254229,394.64999999999804,619.834602729695,516.391174957144
5598,1850.11084485478,0,0,559,141.804984678526,2.86186059294138e-11,641.7,507.605860176224
5599,1305.46946232731,0,0,560,22.174246897101803,-394.649999999987,619.834602729697,498.110612700497
5600,822.5053472034689,0,0,561,-98.58801569010241,-683.553851207057,555.7285016084751,487.918712492154
5601,795.9295262403419,0,0,562,92.43469090772291,-789.3,453.750421487404,477.044413845215
5602,627.234924962729,0,0,563,-38.564149279842,-683.553851207067,320.850000000007,465.502925449632
5603,791.584724644178,0,0,564,2.84015428135198,-394.65000000000504,166.08418124229,453.310389120541
5604,1061.37358165498,0,0,565,55.8897244325127,-3.7127738021302206e-11,1.5092404338191803e-11,440.48385722248804
5605,1208.25030976711,0,0,566,-13.3567778107444,394.64999999998,-166.084181242278,427.041268820149
5606,1407.65753142086,0,0,567,64.9522556248848,683.553851207053,-320.849999999996,413.00142458892304
5607,1363.71201378661,0,0,568,61.778474753518104,789.3,-453.75042148740897,398.383960520502
5608,1148.72466230184,0,0,569,68.68999224313261,683.553851207049,-555.728501608478,383.20932046013496
5609,731.706097108156,0,0,570,19.3919723237425,394.65000000001197,-619.834602729694,367.498727514094
5610,255.635060067419,0,0,571,-24.9390942997915,7.7035960635485e-13,-641.7,351.27415436721003
5611,-20.7970724575864,0,0,572,87.12923771997221,-394.649999999972,-619.834602729699,334.558292552112
5612,-257.96078352107,0,0,573,90.9470485814122,-683.5538512070481,-555.728501608478,317.37452071304403
5613,-326.423859371108,0,0,574,42.8796902075588,-789.3,-453.75042148740897,299.746871908742
5614,-71.9894280411075,0,0,575,75.71442316594259,-683.553851207053,-320.849999999997,281.7
5615,305.000675339022,0,0,576,26.475711412294803,-394.65000000002,-166.084181242297,263.259145169043
5616,943.3385892639591,0,0,577,121.888490645139,-9.279491698243259e-12,-3.77210808486171e-12,244.450098618833
5617,1406.3325221017801,0,0,578,42.2991743577454,394.65000000000396,166.08418124228902,225.299166501743
5618,1746.6755782691,0,0,579,-42.5614060659627,683.553851207044,320.84999999999,205.83313312802798
5619,2000.71230975573,0,0,580,-8.41733523721853,789.3,453.750421487404,186.07922350554
5620,1971.0132116654102,0,0,581,-15.334206413224699,683.553851207057,555.728501608474,166.065065263105
5621,1611.2478168027899,0,0,582,-131.055435937654,394.64999999998804,619.834602729697,145.81865001076
5622,1228.94097186929,0,0,583,-121.12732232171699,1.7788623790131698e-11,641.7,125.368294190989
5623,1024.47832456927,0,0,584,110.551122363985,-394.64999999999606,619.8346027296959,104.74259947558599
5624,627.958080857191,0,0,585,86.8130176920905,-683.55385120704,555.728501608482,83.9704127636585
5625,336.60392707546697,0,0,586,23.0727197514498,-789.3,453.75042148741403,63.0807858366036
5626,311.76631417520804,0,0,587,45.3672306556726,-683.553851207062,320.85000000000304,42.1029347265936
5627,431.34497820787004,0,0,588,50.84459811029739,-394.64999999999606,166.084181242286,21.0661988552822
5628,738.496106861248,0,0,589,149.496106861236,1.8568754624815698e-11,-7.54818816846841e-12,4.82976204647733e-13
5629,912.499369517971,0,0,590,114.999749615546,394.649999999989,-166.084181242283,-21.0661988552812
5630,837.48631002515,0,0,591,-74.114606455317,683.5538512070581,-320.85,-42.1029347265906
5631,849.863708526414,0,0,592,-14.6050841495843,789.3,-453.75042148739897,-63.08078583660271
5632,660.997665356448,0,0,593,24.1427285215107,683.5538512070659,-555.728501608471,-83.9704127636575
5633,160.33274948232,0,0,594,-103.740048312404,394.650000000003,-619.834602729695,-104.74259947558501
5634,-177.524969910369,0,0,595,-5.45667571937052,-1.00596225329273e-11,-641.7,-125.36829419098801
5635,-562.602170835217,0,0,596,1.70108190522075,-394.649999999982,-619.834602729697,-145.818650010759
5636,-739.668437405186,0,0,597,68.6789806734474,-683.553851207054,-555.728501608476,-166.065065263104
5637,-861.0351152229939,0,0,598,-29.9054702300361,-789.3,-453.750421487419,-186.079223505539
5638,-603.6528455797779,0,0,599,7.58413875532745,-683.55385120707,-320.850000000009,-205.833133128027
5639,-239.30983556506402,0,0,600,-53.2764878210194,-394.65000000001,-166.084181242292,-225.29916650174198
5640,281.425859202687,0,0,601,-75.124042178483,1.5504904410388798e-12,6.302734803082801e-13,-244.45009861883202
5641,975.056850305132,0,0,602,75.5818142318684,394.650000000013,166.084181242294,-263.259145169043
5642,1354.8245800305901,0,0,603,29.120728823545605,683.553851207049,320.849999999994,-281.699999999999
5643,1534.3251993189801,0,0,604,-12.978350259684902,789.3,453.750421487407,-299.74687190874
5644,1614.98530997117,0,0,605,88.0774778686749,683.553851207075,555.728501608467,-317.37452071304403
5645,1291.32163568625,0,0,606,5.395325508652741,394.650000000018,619.834602729693,-334.558292552111
5646,942.906099821214,0,0,607,45.4802541884165,6.95864165084952e-12,641.7,-351.274154367209
5647,339.83164331021,0,0,608,-125.85423190538499,-394.650000000006,619.834602729694,-367.498727514094
5648,45.756219205932204,0,0,609,-52.2091107353674,-683.553851207045,555.728501608479,-383.20932046013496
5649,-87.83257828191059,0,0,610,36.1009607511796,-789.3,453.75042148741096,-398.38396052050103
5650,-59.246145085737,0,0,611,105.45913071024401,-683.5538512070559,320.849999999999,-413.001424588924
5651,-41.1103942665462,0,0,612,2.49669331132792,-394.65000000002505,166.084181242299,-427.041268820148
5652,83.5500031713643,0,0,613,-88.966139606139,-1.54677737427379e-11,6.287641207851849e-12,-440.48385722248804
5653,538.871915753107,0,0,614,149.616486115936,394.64999999999804,-166.084181242287,-453.310389120541
5654,576.548615044019,0,0,615,64.3476892865904,683.553851207063,-320.850000000004,-465.502925449631
5655,474.588521321533,0,0,616,0.08335665414994299,789.3,-453.750421487402,-477.044413845215
5656,305.740737639239,0,0,617,48.834100532803895,683.553851207061,-555.7285016084729,-487.918712492152
5657,-14.986014360230401,0,0,618,90.3092010699248,394.65000000003306,-619.834602729691,-498.110612700497
5658,-684.382493218833,0,0,619,-154.076633042634,2.3976905834626302e-11,-641.7,-507.605860176223
5659,-978.549952338343,0,0,620,-67.6741746515108,-394.649999999991,-619.8346027296959,-516.391174957145
5660,-1169.5623301519302,0,0,621,-26.825707350254504,-683.553851207059,-555.728501608474,-524.454269986145
5661,-1170.45074098853,0,0,622,-17.6164512053906,-789.3,-453.750421487403,-531.783868295734
5662,-1044.96863702069,0,0,623,-125.195067033705,-683.553851207065,-320.850000000005,-538.369718779912
5663,-405.045905641893,0,0,624,75.890886131657,-394.650000000001,-166.084181242288,-544.202610531261
5664,19.571255946220397,0,0,625,-56.1543583304946,-3.24860379265148e-11,-1.3205555896012e-11,-549.274385723239
5665,545.348578124391,0,0,626,-87.8076520982386,394.649999999984,166.08418124228,-553.577951019634
5666,1036.63631634207,0,0,627,-37.6602473697441,683.553851207055,320.84999999999803,-557.107287495237
5667,1334.6382915653999,0,0,628,23.445329131846105,789.3,453.75042148741,-559.857459053853
5668,1343.54018757078,0,0,629,37.082454087116105,683.553851207069,555.72850160847,-561.824619331877
5669,1080.74937951251,0,0,630,-0.7292061394085659,394.650000000008,619.834602729694,-563.006017077784
5670,696.649974741649,0,0,631,-12.650025258347199,-3.87134048843262e-12,641.7,-563.4
5671,313.207664407713,0,0,632,19.0290787557752,-394.649999999976,619.8346027296981,-563.006017077784
5672,-6.23427717566774,0,0,633,50.4156917547826,-683.553851207051,555.728501608477,-561.824619331877
5673,-232.356997496659,0,0,634,29.0500400697861,-789.3,453.750421487408,-559.857459053853
5674,-303.80389985249803,0,0,635,-18.9927611502055,-683.553851207051,320.849999999995,-557.107287495237
5675,-171.266469157604,0,0,636,-25.1226993802483,-394.650000000016,166.084181242295,-553.5779510196351
5676,125.72386380772,0,0,637,37.9982495309619,-4.63779160345579e-12,1.88525964268186e-12,-549.27438572324
5677,322.336100950251,0,0,638,-0.0271072761827311,394.649999999969,-166.08418124227302,-544.202610531261
5678,530.058359783619,0,0,639,66.7242273564765,683.553851207046,-320.849999999992,-538.369718779912
5679,465.520138100581,0,0,640,21.754427883720304,789.3,-453.750421487405,-531.783868295735
5680,186.415848430319,0,0,641,-57.9552311821155,683.553851207055,-555.7285016084751,-524.454269986145
5681,-163.976019330985,0,0,642,-64.4002416441282,394.649999999984,-619.834602729697,-516.391174957144
5682,-426.270071894965,0,0,643,80.0357882812451,1.3146923695344199e-11,-641.7,-507.605860176224
5683,-845.776113817575,0,0,644,22.819101612617803,-394.65,-619.834602729695,-498.110612700497
5684,-1007.85884709006,0,0,645,74.342218217618,-683.553851207042,-555.728501608481,-487.918712492153
5685,-1045.98848384099,0,0,646,28.1063514916408,-789.3,-453.750421487413,-477.044413845215
5686,-837.945063413811,0,0,647,-15.038286757118302,-683.553851207059,-320.850000000001,-465.502925449632
5687,-321.75487491644503,0,0,648,44.2896954463719,-394.64999999999196,-166.084181242284,-453.310389120541
5688,258.369522712606,0,0,649,49.8533799351247,-2.1656055787232603e-11,-8.80317433084199e-12,-440.48385722248804
5689,813.3229950112379,0,0,650,29.6300825891093,394.649999999993,166.084181242284,-427.041268820149
5690,1208.28219765075,0,0,651,-34.1202289673479,683.553851207038,320.849999999986,-413.00142458892503
5691,1438.31582054213,0,0,652,-58.3506404247672,789.3,453.7504214874,-398.383960520502
5692,1499.3884622819598,0,0,653,-9.684570073443249,683.553851207064,555.728501608472,-383.209320460137
5693,1278.69866110142,0,0,654,-22.2872141141847,394.649999999999,619.834602729695,-367.498727514093
5694,914.5524284228709,0,0,655,-30.873417209904698,-1.47013226277148e-11,641.7,-351.27415436721003
5695,487.985208214208,0,0,656,-58.641101963390796,-394.64999999998594,619.834602729697,-334.558292552112
5696,138.958846136093,0,0,657,-72.8412835523113,-683.553851207034,555.728501608484,-317.374520713046
5697,-36.8631410357159,0,0,658,-59.5666906143797,-789.3,453.750421487405,-299.746871908741
5698,105.560150187034,0,0,659,90.964001394095,-683.5538512070681,320.850000000007,-281.7
5699,177.360152162983,0,0,660,9.185116089742749,-394.650000000006,166.08418124229,-263.259145169043
5700,445.986828117682,0,0,661,29.436926736539103,-3.8674319971009394e-11,1.57210890190021e-11,-244.450098618835
5701,691.165569215593,0,0,662,25.898916959614397,394.65000000001703,-166.084181242295,-225.299166501743
5702,806.36818059373,0,0,663,-13.5025374852977,683.553851207052,-320.849999999996,-205.83313312802798
5703,751.4078388279021,0,0,664,-62.0625161791605,789.3,-453.75042148739504,-186.079223505542
5704,650.1224676882621,0,0,665,23.3621833527921,683.55385120705,-555.728501608477,-166.065065263103
5705,289.586630651086,0,0,666,-5.41011660847494,394.650000000014,-619.834602729693,-145.81865001076
5706,-43.119882126152,0,0,667,56.9484120648348,2.31694155606206e-12,-641.7,-125.368294190989
5707,-491.520143528496,0,0,668,-40.2929413232387,-394.649999999971,-619.834602729699,-104.742599475588
5708,-606.824794555237,0,0,669,47.4279710239585,-683.55385120707,-555.7285016084691,-83.9704127636566
5709,-688.386077363223,0,0,670,-52.2548700392101,-789.3,-453.75042148740897,-63.080785836603695
5710,-430.100409442065,0,0,671,-54.5936235083837,-683.553851207076,-320.850000000013,-42.1029347265916
5711,-22.0902180579677,0,0,672,-112.289837960365,-394.65000000002095,-166.084181242297,-21.0661988552842
5712,648.981602581295,0,0,673,-24.018397418688696,-1.08260736479505e-11,-4.400792765672e-12,-5.519728053116949e-13
5713,1292.12515773724,0,0,674,36.3247776396709,394.65000000000197,166.08418124228902,21.0661988552811
5714,1679.19042685901,0,0,675,-42.3163590746106,683.553851207043,320.84999999999,42.1029347265905
5715,2018.9047919430602,0,0,676,36.7735846190352,789.3,453.750421487416,63.080785836604605
5716,2008.2993382001898,0,0,677,8.04657262099566,683.5538512070581,555.728501608474,83.9704127636575
5717,1865.46667633381,0,0,678,68.2394741285086,394.65000000002897,619.834602729692,104.74259947558501
5718,1517.46053523168,0,0,679,71.39224104067571,1.9335205739838898e-11,641.7,125.368294190986
5719,1043.90883079295,0,0,680,-7.094421947514171,-394.649999999995,619.8346027296959,145.81865001076
5720,762.133284881272,0,0,681,42.8935692167571,-683.553851207061,555.7285016084729,166.065065263104
5721,640.566768361287,0,0,682,108.037123368333,-789.3,453.75042148741403,186.079223505539
5722,608.4305234519551,0,0,683,82.3012415309961,-683.553851207085,320.850000000019,205.83313312802503
5723,624.5158157091561,0,0,684,-56.2175320348749,-394.649999999997,166.084181242286,225.29916650174198
5724,959.1085470718581,0,0,685,29.658448453042496,-2.78443378317273e-11,1.13187074538321e-11,244.45009861883202
5725,1222.26430489665,0,0,686,44.43934096990561,394.64999999998804,-166.084181242282,263.25914516904203
5726,1245.22904662375,0,0,687,-86.17480458330391,683.553851207057,-320.85,281.700000000001
5727,1292.7656321720099,0,0,688,-30.5308182493159,789.3,-453.75042148741096,299.74687190874
5728,1133.92191774565,0,0,689,-0.277952565985704,683.553851207067,-555.728501608471,317.37452071304403
5729,838.641576712268,0,0,690,39.267886889805396,394.650000000043,-619.83460272969,334.55829255211
5730,434.311414080836,0,0,691,33.7372597136333,-8.513040583220081e-12,-641.7,351.274154367211
5731,-54.193758444834,0,0,692,-99.2078832292498,-394.64999999998,-619.8346027296981,367.498727514094
5732,-115.928227731162,0,0,693,47.14480462423221,-683.553851207053,-555.728501608476,383.20932046013496
5733,-207.26781556671799,0,0,694,-56.601354599798,-789.3,-453.750421487419,398.383960520499
5734,42.104724355839295,0,0,695,-61.4928490260423,-683.553851207049,-320.849999999994,413.001424588924
5735,599.2358285632,0,0,696,36.928740985356605,-394.65000000001197,-166.084181242293,427.041268820148
5736,1294.7739450399001,0,0,697,157.290087817473,-4.48626020155041e-11,-1.82366221419923e-11,440.48385722248804
5737,1708.5312838852499,0,0,698,-3.5132864776007495,394.65000000001197,166.084181242293,453.31038912054197
5738,2166.3849072620897,0,0,699,-2.52186939457971,683.553851207049,320.849999999994,465.502925449631
5739,2350.1150327279997,0,0,700,-69.9798026046183,789.3,453.750421487406,477.044413845215
5740,2509.0132239631,0,0,701,80.812158655406,683.553851207075,555.728501608467,487.918712492152
5741,2306.84268052818,0,0,702,92.2474650980006,394.64999999998,619.8346027296981,498.110612700497
5742,1899.8110238291001,0,0,703,47.50516365286529,8.505223600556741e-12,641.7,507.605860176223
5743,1414.5435596335599,0,0,704,-31.032218053313198,-394.649999999966,619.834602729699,516.391174957144
5744,1062.6924006275,0,0,705,-38.9365197600811,-683.553851207044,555.72850160848,524.454269986144
5745,908.9437465464811,0,0,706,6.70945676333532,-789.3,453.75042148741096,531.783868295734
5746,934.72584782157,0,0,707,52.059980248716094,-683.553851207057,320.85,538.369718779912
5747,1087.12474253922,0,0,708,63.4879507656864,-394.65000000002703,166.0841812423,544.20261053126
5748,1244.66857807181,0,0,709,-13.6058076514419,2.78521548143906e-11,-1.1321885052828099e-11,549.27438572324
5749,1485.87936338331,0,0,710,-6.26440639403555,394.649999999997,-166.084181242286,553.577951019634
5750,1674.3176505241502,0,0,711,43.506511821856,683.55385120704,-320.849999999988,557.107287495237
5751,1741.18357835246,0,0,712,133.776540786005,789.3,-453.75042148740096,559.857459053853
5752,1323.84759142645,0,0,713,-78.80237750401159,683.553851207061,-555.7285016084729,561.824619331877
5753,1006.75734549931,0,0,714,-45.0640688487744,394.649999999995,-619.8346027296959,563.006017077784
5754,608.212708168598,0,0,715,-28.487291831427804,2.55234877843335e-11,-641.7,563.4
5755,291.01185392952704,0,0,716,26.4904395814638,-394.65000000002897,-619.834602729692,563.006017077784
5756,45.627166584478,0,0,717,6.08490006813342,-683.5538512070581,-555.728501608474,561.824619331877
5757,73.11615238071491,0,0,718,38.309114814278395,-789.3,-453.750421487416,559.857459053853
5758,169.68773746685102,0,0,719,-102.015698821315,-683.5538512070659,-320.850000000006,557.107287495238
5759,762.987162969546,0,0,720,50.143393192202396,-394.65000000000197,-166.08418124228902,553.577951019634
5760,1273.13598053791,0,0,721,2.86159481465126,1.0833890630613801e-11,4.40397036466799e-12,549.27438572324
5761,1900.9287528594,0,0,722,73.99196108587459,394.649999999982,166.08418124228,544.202610531261
5762,2367.21525143892,0,0,723,101.441681451997,683.553851207032,320.849999999982,538.369718779912
5763,2484.61929489682,0,0,724,-14.214994886324199,789.3,453.75042148740897,531.783868295734
5764,2652.6210571421498,0,0,725,163.884434340461,683.55385120707,555.7285016084691,524.454269986145
5765,2274.2940550017,0,0,726,17.418277314855402,394.65000000001,619.834602729694,516.391174957145
5766,1837.00233146025,0,0,727,-39.303528715967296,-2.32475853872541e-12,641.7,507.605860176223
5767,1494.0446949695902,0,0,728,42.7494795394164,-394.650000000014,619.834602729693,498.110612700497
5768,1080.8977826444,0,0,729,-8.19558024918096,-683.55385120705,555.728501608477,487.918712492153
5769,960.950620947002,0,0,730,89.45578561436459,-789.3,453.750421487421,477.044413845216
5770,779.6232249925861,0,0,731,-54.17584924999021,-683.553851207052,320.849999999996,465.502925449632
5771,970.6423184546679,0,0,732,13.8977480918491,-394.65000000001703,166.084181242295,453.310389120541
5772,1246.07393557104,0,0,733,72.5900783485515,-6.184373553163e-12,2.51394432349214e-12,440.48385722248804
5773,1308.92583256672,0,0,734,-80.6812550111228,394.64999999996803,-166.08418124227302,427.04126882015
5774,1569.43641624531,0,0,735,58.731140449330596,683.5538512070681,-320.850000000007,413.00142458892304
5775,1407.84236264229,0,0,736,-62.0911763908115,789.3,-453.750421487405,398.383960520502
5776,1308.0340493058,0,0,737,59.9993792470531,683.553851207078,-555.728501608466,383.209320460137
5777,968.147058295432,0,0,738,87.8329335110508,394.64999999998594,-619.834602729697,367.498727514093
5778,487.538048124748,0,0,739,38.9638937575228,1.46935056450514e-11,-641.7,351.27415436721003
5779,138.68089177355,0,0,740,78.6072019511317,-394.649999999999,-619.834602729695,334.558292552112
5780,-367.71969109837005,0,0,741,-186.811858995894,-683.553851207041,-555.728501608481,317.374520713046
5781,-186.88125313663502,0,0,742,14.4222964420245,-789.3,-453.7504214874,299.746871908741
5782,84.74105014999,0,0,743,64.4449013570517,-683.5538512070599,-320.85000000000196,281.7
5783,533.7063557255169,0,0,744,87.18139179880751,-394.650000000032,-166.084181242302,263.259145169044
5784,990.394755583049,0,0,745,0.944656964247314,-2.32026377369398e-11,-9.431859011652269e-12,244.450098618835
5785,1595.89948502555,0,0,746,63.866137281530506,394.64999999999196,166.084181242284,225.29916650174098
5786,1882.41049585901,0,0,747,-74.8264884760751,683.553851207059,320.850000000001,205.83313312802798
5787,2255.49528569121,0,0,748,78.3656406982659,789.3,453.7504214874,186.079223505542
5788,2087.75298695623,0,0,749,-66.5944311223931,683.553851207042,555.728501608481,166.065065263103
5789,2048.5901827747502,0,0,750,138.28693003428998,394.65,619.834602729695,145.81865001076
5790,1516.46105630553,0,0,751,-1.6072378854921399,3.1711769828828194e-11,641.7,125.368294190989
5791,1050.13429685232,0,0,752,-31.792905352976103,-394.649999999984,619.834602729697,104.742599475588
5792,-1207.51354966099,1,0,753,5.729309133092309,-683.553851207055,555.7285016084751,83.9704127636566
5793,514.1300094939589,0,0,754,32.5988021699502,-789.3,453.750421487405,63.080785836603795
5794,511.0559446899,0,0,755,76.6568611703691,-683.553851207069,320.85000000000804,42.1029347265917
5795,598.191122903655,0,0,756,49.690742806108204,-394.650000000047,166.084181242309,21.0661988552843
5796,739.948586526554,0,0,757,-17.0514134734489,4.645608586119139e-12,-1.88843724167785e-12,6.20969405975657e-13
5797,944.025014570681,0,0,758,-21.4746053317378,394.649999999977,-166.084181242277,-21.0661988552811
5798,1095.1084731716999,0,0,759,15.507556691230599,683.553851207051,-320.849999999995,-42.1029347265905
5799,1031.30834881344,0,0,760,-1.1604438625529099,789.3,-453.750421487408,-63.0807858366045
5800,858.9609416533721,0,0,761,54.106004818455496,683.553851207051,-555.728501608477,-83.97041276365741
5801,490.47544550186205,0,0,762,58.4026477071247,394.65000000001504,-619.834602729693,-104.74259947558501
5802,140.12061449993098,0,0,763,144.188908690869,4.8730034012605e-11,-641.7,-125.368294190986
5803,-289.181611593167,0,0,764,107.121641147296,-394.650000000008,-619.834602729694,-145.81865001076
5804,-663.892897324135,0,0,765,-23.5454792455063,-683.5538512070469,-555.728501608479,-166.065065263103
5805,-621.310091934012,0,0,766,41.8195530589372,-789.3,-453.75042148741,-186.079223505539
5806,-474.71083940462194,0,0,767,-31.473855069506303,-683.5538512070771,-320.850000000014,-205.83313312802503
5807,-33.556231103958304,0,0,768,-15.522883359953001,-394.649999999984,-166.08418124228,-225.29916650174198
5808,541.7560921216179,0,0,769,17.206190740467,-1.2372655597657699e-11,-5.02947744648228e-12,-244.45009861883202
5809,1032.74581581237,0,0,770,-34.7292202608218,394.649999999962,166.08418124227,-263.25914516904203
5810,1369.51856287084,0,0,771,-124.18528833622601,683.553851207065,320.850000000005,-281.700000000001
5811,1824.26955319638,0,0,772,108.96600361771999,789.3,453.750421487403,-299.746871908741
5812,1771.5365778394698,0,0,773,76.62874573697971,683.553851207059,555.728501608474,-317.37452071304403
5813,1363.838951952,0,0,774,-90.0873582256131,394.65000000003,619.834602729692,-334.55829255211
5814,1041.82021320863,0,0,775,-23.605632424135603,-2.3984722817289697e-11,641.7,-351.274154367211
5815,793.1434363245911,0,0,776,159.457561108982,-394.64999999999395,619.8346027296959,-367.498727514094
5816,247.549696313901,0,0,777,-18.4156336274087,-683.553851207038,555.728501608482,-383.20932046013496
5817,62.608545738253206,0,0,778,18.5420847713377,-789.3,453.750421487415,-398.383960520499
5818,-46.5130553098226,0,0,779,-49.8077795138395,-683.553851207063,320.850000000004,-413.001424588924
5819,136.389858569437,0,0,780,11.996946147296601,-394.64999999999804,166.084181242287,-427.041268820148
5820,371.673604210298,0,0,781,31.1574614328036,-2.93909197814345e-11,1.19473921346424e-11,-440.48385722248804
5821,573.861408053828,0,0,782,16.6059784166431,394.65000000002505,-166.084181242299,-453.31038912054197
5822,647.927050627351,0,0,783,-32.273875130075496,683.5538512070559,-320.849999999999,-465.502925449631
5823,659.157467611939,0,0,784,16.6523029445516,789.3,-453.750421487398,-477.044413845215
5824,442.286118926001,0,0,785,17.3794818195555,683.5538512070681,-555.72850160847,-487.918712492152
5825,48.42506841640329,0,0,786,-14.2797161534107,394.650000000006,-619.834602729694,-498.110612700497
5826,-275.98768960735,0,0,787,86.31817056887951,-6.96645863351287e-12,-641.7,-507.605860176223
5827,-685.709580800436,0,0,788,57.166196886384704,-394.649999999979,-619.8346027296981,-516.391174957144
5828,-1036.61141574146,0,0,789,-61.8747929397972,-683.55385120703,-555.728501608486,-524.454269986144
5829,-1028.17132855491,0,0,790,-43.3370387717731,-789.3,-453.750421487407,-531.783868295734
5830,-845.036195755751,0,0,791,-93.26262576875709,-683.553851207072,-320.85000000000997,-538.369718779912
5831,-504.12441683986196,0,0,792,-191.18762506629503,-394.650000000013,-166.084181242294,-544.20261053126
5832,-1712.7398362001502,1,0,793,-34.077528517744796,-1.54267345837554e-12,-6.2709588131229e-13,-549.27438572324
5833,784.413011248772,0,0,794,-16.7432189738967,394.65000000001,166.084181242292,-553.577951019634
5834,1297.5439157630599,0,0,795,55.2473520512515,683.5538512070481,320.849999999993,-557.107287495237
5835,1590.8837526090197,0,0,796,111.69079017548201,789.3,453.75042148739306,-559.857459053853
5836,1422.52062751742,0,0,797,-51.9371059662354,683.553851207054,555.728501608476,-561.824619331877
5837,1312.20200852811,0,0,798,62.7234228761829,394.65000000002,619.834602729693,-563.006017077784
5838,940.462776665953,0,0,799,63.16277666594279,1.00518055502639e-11,641.7,-563.4
5839,458.994193790523,0,0,800,-3.18439186142834,-394.649999999964,619.8346027297,-563.006017077784
5840,202.24514966022,0,0,801,90.89511859069229,-683.5538512070659,555.728501608471,-561.824619331877
5841,-76.8323918459141,0,0,802,16.5746457205271,-789.3,453.75042148741204,-559.857459053853
5842,-75.92144145913208,0,0,803,40.88969724317,-683.55385120708,320.850000000016,-557.107287495238
5843,83.7560446316358,0,0,804,61.899814408976496,-394.649999999989,166.084181242283,-553.577951019634
5844,175.943791627651,0,0,805,-79.7818226490983,-1.8560937642152397e-11,7.54501056947242e-12,-549.27438572324
5845,474.295162141605,0,0,806,-16.068046084844102,394.64999999999606,-166.084181242286,-544.202610531261
5846,647.8486581628599,0,0,807,16.5145257357203,683.5538512070391,-320.849999999987,-538.369718779912
5847,656.992043438013,0,0,808,45.2263332211614,789.3,-453.75042148741403,-531.783868295734
5848,447.955129621408,0,0,809,35.5840500089635,683.553851207062,-555.728501608472,-524.454269986145
5849,81.6753587904125,0,0,810,13.251136477213302,394.650000000035,-619.834602729691,-516.391174957145
5850,-402.67561573106497,0,0,811,-64.36975555486879,2.70700697340408e-11,-641.7,-507.605860176224
5851,-689.6616889395731,0,0,812,10.933526490608699,-394.64999999998804,-619.834602729697,-498.110612700497
5852,-1029.98823603998,0,0,813,-115.787170732297,-683.5538512070581,-555.728501608474,-487.918712492153
5853,-986.022928148309,0,0,814,-79.9280928156756,-789.3,-453.750421487417,-477.044413845216
5854,-625.2652741268499,0,0,815,29.6415025298163,-683.553851207044,-320.84999999999,-465.502925449632
5855,-259.559273306472,0,0,816,-61.514702943638405,-394.65000000000396,-166.08418124228902,-453.310389120541
5856,412.179847223284,0,0,817,35.6637044458222,-3.55792018259292e-11,-1.4462925257632599e-11,-440.48385722248804
5857,882.3088430986451,0,0,818,-69.3840693234652,394.649999999981,166.084181242279,-427.04126882015
5858,1354.3533981595199,0,0,819,-56.049028458608205,683.553851207053,320.849999999997,-413.00142458892304
5859,1637.1990097611701,0,0,820,-27.4674512057382,789.3,453.75042148740897,-398.383960520502
5860,1536.65631283729,0,0,821,-140.416719518109,683.553851207071,555.7285016084691,-383.209320460137
5861,1439.85108698478,0,0,822,-29.134788230862302,394.65000000005,619.834602729689,-367.498727514095
5862,1124.57242884091,0,0,823,11.146583208118699,-7.781765890181971e-13,641.7,-351.27415436721003
5863,630.552470019162,0,0,824,-84.0738401584527,-394.649999999974,619.8346027296981,-334.558292552111
5864,400.843213220089,0,0,825,21.043083531706603,-683.553851207049,555.728501608478,-317.374520713046
5865,187.864416207154,0,0,826,-2.83913337151345,-789.3,453.75042148740897,-299.746871908741
5866,273.740247709398,0,0,827,91.1440989164543,-683.553851207053,320.849999999996,-281.7
5867,-1602.45177236957,1,0,828,-16.2388864836392,-394.650000000018,166.084181242296,-263.259145169044
5868,541.258527294243,0,0,829,-43.2913740868917,-5.2597466009706004e-11,2.1380839945792698e-11,-244.450098618835
5869,752.1556856238819,0,0,830,-81.11096663209241,394.65000000000504,-166.08418124229,-225.29916650174098
5870,1014.15793701684,0,0,831,26.287218937811698,683.553851207045,-320.849999999991,-205.83313312802798
5871,897.588183334467,0,0,832,-83.8821716725865,789.3,-453.750421487404,-186.079223505542
5872,863.0941101400771,0,0,833,68.3338258045974,683.553851207057,-555.7285016084751,-166.065065263103
5873,413.73689763952905,0,0,834,-49.259849620001496,394.649999999987,-619.834602729697,-145.81865001076
5874,60.8784937597789,0,0,835,-7.053212049248231,1.6240087594758598e-11,-641.7,-125.368294190989
5875,-335.079773098865,0,0,836,-51.85257089361771,-394.64999999995905,-619.8346027297,-104.742599475588
5876,-443.425353638296,0,0,837,42.8274119408954,-683.553851207063,-555.728501608472,-83.9704127636567
5877,-409.719716855196,0,0,838,58.4114904688215,-789.3,-453.750421487413,-63.080785836603795
5878,-201.13564997442901,0,0,839,6.37113595922613,-683.553851207061,-320.85000000000196,-42.1029347265918
5879,217.459030278355,0,0,840,-40.7405896240249,-394.65000000003306,-166.084181242303,-21.066198855284398
5880,834.9650304344831,0,0,841,-6.0349695655442,2.0117290820188697e-11,8.17766724902769e-12,-6.89966006639619e-13
5881,1319.67666082348,0,0,842,-104.12371927407,394.64999999999003,166.084181242283,21.066198855281
5882,1842.50711739815,0,0,843,-46.9996685354609,683.553851207036,320.849999999985,42.1029347265904
5883,2084.3625712884,0,0,844,-65.7686360356147,789.3,453.75042148741204,63.08078583660439
5884,2154.45911600398,0,0,845,-13.7936495752086,683.553851207065,555.728501608471,83.9704127636573
5885,2053.96917316507,0,0,846,88.74197095979271,394.65000000000197,619.834602729695,104.74259947558501
5886,1724.43742645505,0,0,847,110.369132264032,3.32583517785354e-11,641.7,125.368294190986
5887,1085.60590432346,0,0,848,-133.39734841696898,-394.650000000022,619.834602729693,145.81865001076
5888,856.789639412115,0,0,849,-30.4500762524097,-683.553851207054,555.728501608476,166.065065263103
5889,619.164697251247,0,0,850,-81.36494774171221,-789.3,453.750421487418,186.079223505541
5890,821.580166132943,0,0,851,127.450884211979,-683.553851207069,320.85000000000804,205.83313312802503
5891,775.8345552999181,0,0,852,-72.8987924441066,-394.650000000009,166.084181242292,225.29916650174198
5892,1051.21494282454,0,0,853,-46.235155794290506,3.0990266364119304e-12,-1.2597525608675599e-12,244.45009861883202
5893,1425.5739006399697,0,0,854,79.74893671322471,394.649999999976,-166.084181242276,263.25914516904203
5894,1435.32661784262,0,0,855,-64.0772333644389,683.553851207073,-320.850000000011,281.700000000001
5895,1347.5109734386199,0,0,856,-143.78547698271498,789.3,-453.750421487407,299.746871908741
5896,1304.44671930465,0,0,857,2.24684899299893,683.553851207074,-555.728501608468,317.374520713045
5897,1025.54320541905,0,0,858,58.169515596616,394.65000000001703,-619.834602729693,334.55829255211
5898,632.278010253111,0,0,859,63.7038558858952,5.410105455476481e-12,-641.7,351.274154367211
5899,267.696523915549,0,0,860,54.682399131158505,-394.650000000007,-619.834602729694,367.498727514092
5900,-40.9121883406611,0,0,861,-45.8391559852721,-683.553851207046,-555.728501608479,383.20932046013604
5901,-136.52592536984199,0,0,862,-153.859464402918,-789.3,-453.750421487423,398.383960520499
5902,223.13274699649202,0,0,863,-48.464826385377705,-683.553851207055,-320.849999999999,413.001424588924
5903,813.836198150659,0,0,864,83.5291105728346,-394.650000000024,-166.084181242298,427.041268820147
5904,1351.72420247367,0,0,865,46.240345251197205,-1.3919237547364901e-11,-5.65816212729257e-12,440.48385722248804
5905,1921.2576175404897,0,0,866,41.2130471776585,394.65,166.084181242287,453.31038912054197
5906,2336.84785958251,0,0,867,-0.0589170741858335,683.553851207064,320.850000000005,465.502925449631
5907,2601.23668301425,0,0,868,13.141847681626999,789.3,453.750421487402,477.044413845216
5908,2547.21534400419,0,0,869,-48.985721303511895,683.553851207082,555.728501608464,487.918712492152
5909,2435.2028255803502,0,0,870,52.60761015016029,394.64999999999196,619.8346027296959,498.110612700497
5910,2075.8338148193698,0,0,871,55.5279546431206,2.2428369639253303e-11,641.7,507.605860176222
5911,1554.96343480584,0,0,872,-58.612342881011,-394.64999999999196,619.8346027296959,516.391174957145
5912,1217.1892873608099,0,0,873,-52.439633026775205,-683.5538512070369,555.728501608482,524.454269986144
5913,970.250818509989,0,0,874,-99.9834712731475,-789.3,453.750421487402,531.783868295734
5914,1144.530254734,0,0,875,93.8643871611508,-683.553851207064,320.850000000005,538.369718779911
5915,1303.03680483035,0,0,876,111.400013056824,-394.650000000039,166.084181242305,544.202610531261
5916,1358.64222734123,0,0,877,-67.6321583820141,1.3929008775694101e-11,-5.66213412603755e-12,549.27438572324
5917,1713.22841969339,0,0,878,53.084649916047404,394.64999999998497,-166.084181242281,553.577951019634
5918,1747.12071445289,0,0,879,-51.690424249403705,683.553851207055,-320.849999999999,557.107287495238
5919,1723.4233299734399,0,0,880,-51.983707593014294,789.3,-453.750421487397,559.857459053853
5920,1510.2115711677302,0,0,881,-60.4383977627138,683.553851207046,-555.728501608479,561.824619331877
5921,1272.67582915139,0,0,882,52.8544148032981,394.650000000007,-619.834602729694,563.006017077784
5922,824.2567817540789,0,0,883,19.5567817540394,3.94466338230301e-11,-641.7,563.4
5923,453.000799614568,0,0,884,20.4793852664599,-394.64999999997804,-619.8346027296981,563.006017077784
5924,188.83796560788997,0,0,885,-18.7043009084587,-683.553851207051,-555.728501608477,561.824619331877
5925,309.409953292537,0,0,886,106.602915726091,-789.3,-453.750421487407,559.857459053853
5926,366.856124191565,0,0,887,-72.84731209658959,-683.553851207073,-320.850000000011,557.107287495237
5927,1034.42203359511,0,0,888,153.578263817727,-394.649999999976,-166.084181242276,553.577951019634
5928,1431.93968084943,0,0,889,-6.3347048738084695,-3.08925540808275e-12,-1.2557805621225801e-12,549.27438572324
5929,2086.05684298421,0,0,890,91.1200512107082,394.64999999997,166.08418124227398,544.2026105312619
5930,2274.48982637578,0,0,891,-159.283743611168,683.5538512070469,320.849999999993,538.369718779912
5931,2615.0406113908302,0,0,892,-51.7936783923127,789.3,453.750421487405,531.783868295734
5932,2714.31237993256,0,0,893,57.575757130883204,683.553851207054,555.728501608476,524.454269986145
5933,2477.01114654403,0,0,894,52.13536885717,394.650000000022,619.834602729693,516.391174957144
5934,2061.66851446155,0,0,895,17.3626542852693,5.6464898006806897e-11,641.7,507.605860176224
5935,1459.7271254697598,0,0,896,-159.56808996043,-394.65000000000197,619.834602729695,498.110612700497
5936,1246.264439671,0,0,897,-10.8289232225865,-683.553851207043,555.72850160848,487.918712492154
5937,1024.30792090441,0,0,898,-15.186914428222199,-789.3,453.75042148741204,477.044413845215
5938,1006.2297483671699,0,0,899,4.43067412459866,-683.553851207059,320.850000000001,465.502925449631
5939,1055.99195541102,0,0,900,-68.752614951811,-394.64999999999003,166.084181242283,453.310389120541
5940,1434.1263677117902,0,0,901,92.64251048931459,-2.0107519591859604e-11,8.17369525028271e-12,440.48385722249003
5941,1514.13932857203,0,0,902,-43.4677590058041,394.649999999956,-166.084181242267,427.041268820149
5942,1693.3794287848998,0,0,903,14.674152988914098,683.553851207061,-320.85000000000196,413.00142458892304
5943,1584.1614352665197,0,0,904,-53.7721037665779,789.3,-453.75042148740096,398.383960520502
5944,1386.16401380703,0,0,905,-29.870656251692,683.553851207063,-555.728501608472,383.20932046013604
5945,1117.34604531025,0,0,906,69.03192052581221,394.650000000037,-619.834602729691,367.498727514095
5946,727.799345555043,0,0,907,111.225191187849,-1.62498588230878e-11,-641.7,351.27415436721003
5947,330.243519763054,0,0,908,102.16982994062599,-394.649999999987,-619.834602729697,334.558292552112
5948,-2.13982691587504,0,0,909,10.768005186598401,-683.553851207034,-555.728501608484,317.374520713045
5949,-38.30339540451929,0,0,910,-4.9998458258542104,-789.3,-453.750421487404,299.746871908739
5950,123.327525393941,0,0,911,-64.9686233989858,-683.553851207067,-320.850000000007,281.7
5951,570.971839863869,0,0,912,-43.5531240628814,-394.65000000000504,-166.08418124229,263.259145169045
5952,1130.53673909756,0,0,913,-26.9133595212195,-3.71257837756364e-11,-1.50916099384428e-11,244.450098618833
5953,1657.35430514177,0,0,914,-42.6790426022878,394.650000000018,166.084181242296,225.29916650174098
5954,1944.1999516903102,0,0,915,-181.03703264477198,683.553851207053,320.849999999996,205.83313312802798
5955,2361.39301736936,0,0,916,16.263372376417802,789.3,453.750421487396,186.079223505544
5956,2237.29717399855,0,0,917,-85.05024408009271,683.553851207071,555.7285016084691,166.065065263105
5957,2089.1523822150198,0,0,918,10.8491294745544,394.65000000001197,619.834602729694,145.81865001076
5958,1711.85501907235,0,0,919,25.7867248813625,7.68405360689013e-13,641.7,125.368294190989
5959,1240.3746515678802,0,0,920,-9.552550637427391,-394.649999999972,619.834602729699,104.74259947558599
5960,887.804378991405,0,0,921,10.6593158263516,-683.553851207071,555.7285016084691,83.97041276365479
5961,649.235898278774,0,0,922,-0.295309045239213,-789.3,453.75042148740897,63.0807858366039
5962,662.417708007971,0,0,923,60.0186244884395,-683.553851207076,320.850000000013,42.102934726593794
5963,647.439529613069,0,0,924,-69.0608504844899,-394.65000000002,166.084181242297,21.066198855282398
5964,881.802089616248,0,0,925,-43.1979103837457,-9.27753745257742e-12,3.77131368511271e-12,-1.24263627933262e-12
5965,1116.6816314005698,0,0,926,-16.8179885018681,394.65000000000396,-166.08418124228902,-21.0661988552809
5966,1292.48872820701,0,0,927,44.887811726543106,683.553851207044,-320.84999999999,-42.102934726588295
5967,1180.2995340028099,0,0,928,-20.169258673201302,789.3,-453.75042148739095,-63.0807858366024
5968,1067.3803832332198,0,0,929,94.5254463982921,683.553851207057,-555.728501608474,-83.97041276365721
5969,544.589897357356,0,0,930,-55.4829004373954,394.65000000002703,-619.834602729692,-104.74259947558399
5970,32.0823431481666,0,0,931,-131.849362660863,1.7786669544465802e-11,-641.7,-125.36829419098801
5971,-249.28976428130198,0,0,932,-20.986511540848102,-394.64999999999606,-619.8346027296959,-145.818650010762
5972,-433.089541930824,0,0,933,39.257876147813604,-683.553851207062,-555.728501608472,-166.065065263103
5973,-437.83981554450503,0,0,934,57.2898294484478,-789.3,-453.75042148741403,-186.079223505539
5974,-328.950086925349,0,0,935,-53.7131025902199,-683.553851207084,-320.850000000019,-205.833133128027
5975,188.561413110853,0,0,936,38.5947608548776,-394.64999999999606,-166.084181242286,-225.299166501743
5976,639.020563553735,0,0,937,-53.5293378273969,-2.62958016363542e-11,-1.0689228373272802e-11,-244.45009861883202
5977,1191.37960808416,0,0,938,-44.09542798907211,394.649999999989,166.084181242283,-263.25914516904
5978,1701.0011293847,0,0,939,39.297278177675,683.553851207035,320.849999999985,-281.699999999999
5979,1747.4411895422,0,0,940,-135.86236003647102,789.3,453.75042148741204,-299.746871908741
5980,1956.4571846228198,0,0,941,93.54935252033121,683.5538512070659,555.728501608471,-317.374520713043
5981,1589.9559861986802,0,0,942,-31.970323978941103,394.65000000004204,619.83460272969,-334.558292552108
5982,1227.80394768623,0,0,943,-5.6218979465502,-1.00615767785931e-11,641.7,-351.27415436721196
5983,780.9426577989841,0,0,944,-20.7432174166387,-394.649999999982,619.834602729697,-367.498727514094
5984,405.35089383046403,0,0,945,-28.614436110823497,-683.553851207054,555.728501608476,-383.209320460134
5985,37.0572468368406,0,0,946,-175.00921413007703,-789.3,453.750421487419,-398.38396052050103
5986,206.943748901652,0,0,947,35.6490246976316,-683.5538512070481,320.849999999993,-413.00142458892503
5987,249.863903946007,0,0,948,-42.529008476127295,-394.65000000001,166.084181242292,-427.041268820148
5988,568.476904672833,0,0,949,59.9607618953448,-4.3314065820131e-11,1.7607143061432998e-11,-440.48385722248594
5989,625.651537117129,0,0,950,-99.6038925200294,394.649999999974,-166.084181242276,-453.31038912054
5990,893.30822472941,0,0,951,45.1072989719872,683.553851207049,-320.849999999994,-465.502925449632
5991,745.629701904762,0,0,952,-64.87546276261621,789.3,-453.750421487407,-477.044413845215
5992,556.214922368104,0,0,953,-36.6917147383518,683.553851207075,-555.728501608467,-487.91871249215103
5993,213.004698092391,0,0,954,-17.7000864773916,394.649999999979,-619.8346027296981,-498.110612700498
5994,-149.169432192407,0,0,955,45.1364279838087,6.9566874051836905e-12,-641.7,-507.605860176223
5995,-563.1010404169081,0,0,956,11.774737269902001,-394.64999999996695,-619.834602729699,-516.391174957144
5996,-766.021197855999,0,0,957,40.715424945669795,-683.553851207045,-555.728501608479,-524.454269986145
5997,-789.46703947867,0,0,958,27.367250304475604,-789.3,-453.75042148741096,-531.783868295735
5998,-519.6120385795169,0,0,959,64.16153140745,-683.5538512070559,-320.849999999999,-538.369718779912
5999,-32.7067723893368,0,0,960,112.23001938424801,-394.65000000002505,-166.084181242299,-544.20261053126
6000,367.40787483979204,0,0,961,-44.31773943688379,-6.03323300039079e-11,-2.45250577495931e-11,-549.274385723239
6001,808.238888060983,0,0,962,-160.917342161667,394.64999999999804,166.084181242287,-553.5779510196351
6002,1329.6881445064998,0,0,963,-80.6084192052902,683.553851207041,320.849999999988,-557.107287495237
6003,1672.3467415375,0,0,964,25.1537791039501,789.3,453.750421487402,-559.857459053852
6004,1654.60743615618,0,0,965,12.1497026725185,683.553851207061,555.7285016084729,-561.824619331877
6005,1434.0880093691298,0,0,966,16.6094237172236,394.64999999999395,619.8346027296959,-563.006017077784
6006,894.608317397281,0,0,967,-150.691682602743,2.39749515889605e-11,641.7,-563.4
6007,585.647058007923,0,0,968,-44.5315276440423,-394.649999999952,619.834602729701,-563.006017077784
6008,184.76937745129902,0,0,969,-94.58065361823941,-683.553851207059,555.728501608474,-561.824619331877
6009,85.1130891726213,0,0,970,10.520126739058501,-789.3,453.750421487416,-559.857459053853
6010,-32.3939704091849,0,0,971,-83.5828317068875,-683.553851207065,320.850000000005,-557.107287495238
6011,224.39420423662798,0,0,972,34.537974013976104,-394.650000000001,166.084181242288,-553.5779510196351
6012,334.88293713673903,0,0,973,-88.8426771400292,1.23824268259869e-11,-5.03344944522727e-12,-549.274385723239
6013,713.835161094472,0,0,974,55.47195286803039,394.649999999984,-166.08418124228,-544.202610531261
6014,788.269560253222,0,0,975,-11.0645721739156,683.553851207032,-320.849999999982,-538.369718779913
6015,687.177213504768,0,0,976,-92.5884967120874,789.3,-453.75042148741,-531.783868295735
6016,672.99021837715,0,0,977,92.61913876469481,683.553851207069,-555.72850160847,-524.454269986144
6017,249.339525132698,0,0,978,12.9153028195288,394.650000000008,-619.834602729694,-516.391174957145
6018,-219.691968584505,0,0,979,-49.38610840832129,4.09932157727373e-11,-641.7,-507.60586017622495
6019,-605.798287886596,0,0,980,-73.2030724564261,-394.649999999976,-619.8346027296981,-498.110612700496
6020,-664.76002151325,0,0,981,81.441043794431,-683.553851207051,-555.728501608477,-487.918712492153
6021,-848.8279757142,0,0,982,-110.733140381576,-789.3,-453.750421487408,-477.044413845217
6022,-470.496347512824,0,0,983,16.4104291438546,-683.553851207051,-320.849999999995,-465.502925449632
6023,-100.535755217268,0,0,984,-70.4911848544739,-394.649999999977,-166.084181242277,-453.31038912054
6024,646.328423434226,0,0,985,101.812280656784,-4.9502347864625704e-11,-2.01226761844231e-11,-440.48385722248804
6025,1067.0642059930901,0,0,986,-52.6287064290022,394.649999999969,166.08418124227302,-427.04126882015
6026,1560.49616835245,0,0,987,-17.906258265662,683.553851207046,320.849999999992,-413.00142458892503
6027,1887.6044501647302,0,0,988,54.937989197828706,789.3,453.750421487405,-398.3839605205
6028,1972.7652803096698,0,0,989,127.692247954277,683.553851207055,555.7285016084751,-383.209320460137
6029,1605.82792628111,0,0,990,-31.157948934539398,394.65000000006205,619.8346027296881,-367.498727514096
6030,1376.92368841132,0,0,991,95.49784277856529,-3.17215410571574e-11,641.7,-351.27415436721196
6031,800.835438304168,0,0,992,-81.79087187345921,-394.64999999996104,619.8346027297,-334.558292552111
6032,510.477559148189,0,0,993,-37.3225705402035,-683.553851207042,555.728501608481,-317.374520713046
6033,438.05215393496104,0,0,994,79.3486043562897,-789.3,453.750421487413,-299.746871908741
6034,378.073330033783,0,0,995,27.477181240839602,-683.553851207059,320.850000000001,-281.699999999999
6035,-1437.98168266129,1,0,996,-19.768796775374,-394.64999999999196,166.084181242284,-263.259145169044
6036,750.8421029981441,0,0,997,-1.7077983829815702,-6.65206120484025e-11,2.7040590872583202e-11,-244.450098618835
6037,952.283715164377,0,0,998,-48.9829370916096,394.650000000032,-166.084181242302,-225.299166501743
6038,1108.03738151341,0,0,999,-47.83333656561771,683.553851207038,-320.849999999986,-205.83313312802602
6039,1212.58450077127,0,0,1000,63.114145764208295,789.3,-453.7504214874,-186.079223505542
6040,803.80548304021,0,0,1001,-158.954801295275,683.553851207064,-555.728501608472,-166.065065263107
6041,664.982071486589,0,0,1002,33.9853242270466,394.649999999999,-619.834602729695,-145.818650010762
6042,357.847618181829,0,0,1003,121.915912372831,-1.47032768733806e-11,-641.7,-125.368294190987
6043,-126.21704653748199,0,0,1004,-10.989844332245099,-394.649999999947,-619.8346027297019,-104.742599475588
6044,-169.01927078208598,0,0,1005,149.23349479711501,-683.553851207078,-555.728501608466,-83.9704127636568
6045,-304.663815648477,0,0,1006,-4.53260832445748,-789.3,-453.750421487417,-63.080785836602004
6046,-40.1959065105453,0,0,1007,-0.689120576878009,-683.5538512070681,-320.850000000007,-42.1029347265919
6047,364.357145090271,0,0,1008,-61.8424748121474,-394.650000000006,-166.08418124229,-21.0661988552845
6048,941.5434713183479,0,0,1009,-67.4565286816597,6.194144781492191e-12,2.51791632223713e-12,-8.27959207967542e-13
6049,1676.56653307633,0,0,1010,84.76615297873491,394.65000000001703,166.084181242295,21.0661988552829
6050,1962.2411154398899,0,0,1011,-95.2656704937086,683.5538512070291,320.84999999997996,42.10293472659029
6051,2435.67689790238,0,0,1012,117.545690578379,789.3,453.75042148739504,63.08078583660029
6052,2411.73812824443,0,0,1013,75.48536266523129,683.553851207072,555.728501608468,83.9704127636552
6053,2113.3771359296397,0,0,1014,-19.8500662756522,394.650000000014,619.834602729693,104.74259947558599
6054,1834.7425953306101,0,0,1015,52.6743011396188,2.3149873103962205e-12,641.7,125.368294190986
6055,1401.7961171436903,0,0,1016,14.792864403242302,-394.65000000001,619.834602729694,145.81865001076
6056,866.7742054274139,0,0,1017,-188.465510237086,-683.55385120707,555.7285016084691,166.06506526310102
6057,734.252606831732,0,0,1018,-134.277038161231,-789.3,453.75042148742205,186.079223505541
6058,873.149219351719,0,0,1019,11.019937430757501,-683.553851207076,320.850000000013,205.83313312802503
6059,960.784178383493,0,0,1020,-55.9491693605243,-394.65000000002095,166.084181242297,225.29916650174098
6060,1216.6298217677802,0,0,1021,-48.8202768510447,-1.08241194022846e-11,4.3999983659229995e-12,244.450098618833
6061,1563.7507102047302,0,0,1022,49.9257462779754,394.65000000000197,-166.08418124228902,263.25914516904203
6062,1641.3611369271698,0,0,1023,-26.0427142798702,683.553851207021,-320.849999999974,281.699999999997
6063,1669.80414871616,0,0,1024,10.5076982948385,789.3,-453.750421487416,299.746871908739
6064,1356.16958001015,0,0,1025,-114.030290301512,683.553851207081,-555.728501608465,317.374520713045
6065,1215.8485030672698,0,0,1026,80.47481324482841,394.65000000002897,-619.834602729692,334.558292552109
6066,779.9003362178571,0,0,1027,43.3261818506275,1.9333251494173003e-11,-641.7,351.274154367211
6067,327.34660588705003,0,0,1028,-53.66751889735129,-394.649999999995,-619.8346027296959,367.498727514092
6068,150.926572443031,0,0,1029,-22.000395201571102,-683.553851207061,-555.7285016084729,383.20932046013604
6069,195.42123855332,0,0,1030,10.0876995202483,-789.3,-453.750421487427,398.383960520499
6070,334.275418921932,0,0,1031,-105.32215445996401,-683.55385120704,-320.849999999988,413.001424588924
6071,931.0643646263111,0,0,1032,32.7572770485015,-394.650000000036,-166.084181242304,427.041268820149
6072,1524.3413562631301,0,0,1033,50.8574990406854,-2.7842383586061396e-11,-1.13179130540831e-11,440.483857222487
6073,2038.41631755147,0,0,1034,-9.628252811339712,394.64999999998804,166.084181242282,453.310389120539
6074,2460.9583030420604,0,0,1035,-43.9484736146264,683.553851207057,320.85,465.502925449631
6075,2769.9058855588105,0,0,1036,13.8110502261795,789.3,453.75042148741096,477.044413845216
6076,2561.86951383853,0,0,1037,-202.331551469171,683.553851207089,555.728501608461,487.918712492152
6077,2572.5874775178895,0,0,1038,21.992262087725102,394.649999999966,619.834602729699,498.110612700497
6078,2118.09150170334,0,0,1039,-70.2143584729211,3.63515156779499e-11,641.7,507.605860176222
6079,1724.33650901488,0,0,1040,-57.239268671979,-394.64999999998,619.8346027296981,516.391174957145
6080,1422.63374739238,0,0,1041,-14.9951729951866,-683.553851207053,555.728501608476,524.454269986144
6081,1214.9451998274199,0,0,1042,-23.289089955725302,-789.3,453.750421487406,531.783868295734
6082,1200.58099487115,0,0,1043,-18.084872701701396,-683.553851207049,320.849999999994,538.369718779911
6083,1446.17130495676,0,0,1044,86.53451318323928,-394.65000000005097,166.084181242311,544.202610531261
6084,1566.0886302671202,0,0,1045,-28.185755456093602,-4.48606477698383e-11,1.82358277422433e-11,549.274385723239
6085,1884.9785321705103,0,0,1046,56.834762393175495,394.649999999973,-166.084181242275,553.577951019634
6086,2074.14799867918,0,0,1047,107.336859976885,683.553851207049,-320.849999999994,557.107287495238
6087,2057.15436436842,0,0,1048,113.747326801969,789.3,-453.750421487406,559.857459053853
6088,1699.6617102662801,0,0,1049,-38.9882586641694,683.553851207053,-555.728501608476,561.824619331877
6089,1434.73300523629,0,0,1050,46.91159088822349,394.64999999998,-619.8346027296981,563.006017077784
6090,863.415609061747,0,0,1051,-109.284390938306,5.3369779861726706e-11,-641.7,563.4
6091,610.2881373820901,0,0,1052,9.76672303397132,-394.649999999966,-619.834602729699,563.006017077784
6092,415.957524055632,0,0,1053,40.415257539279104,-683.553851207044,-555.72850160848,561.824619331877
6093,379.777139377359,0,0,1054,8.97010181091677,-789.3,-453.75042148741096,559.857459053853
6094,611.604862079011,0,0,1055,3.9014257908302903,-683.553851207057,-320.85,557.107287495237
6095,1130.1172134842402,0,0,1056,81.27344370698658,-394.650000000065,-166.08418124231702,553.5779510196351
6096,1600.97497773951,0,0,1057,-5.29940798376858,2.78541090600565e-11,1.1322679452577099e-11,549.27438572324
6097,2254.9548387381196,0,0,1058,92.01804696463431,394.64999999995797,166.084181242269,544.202610531261
6098,2633.94493614678,0,0,1059,32.171366159835,683.55385120704,320.849999999988,538.369718779912
6099,2846.73950255005,0,0,1060,11.9052127669103,789.3,453.75042148740096,531.783868295734
6100,2886.17594684898,0,0,1061,61.4393240473029,683.553851207061,555.7285016084729,524.454269986145
6101,2668.1258459993696,0,0,1062,75.2500683125368,394.649999999995,619.8346027296959,516.391174957144
6102,2147.24837148948,0,0,1063,-65.0574886868191,7.03880440455035e-11,641.7,507.605860176224
6103,1842.8712205489603,0,0,1064,55.5760051187988,-394.65000000002897,619.834602729692,498.110612700497
6104,1371.26991710777,0,0,1065,-53.823445785834,-683.553851207036,555.7285016084829,487.918712492154
6105,1111.7645050731699,0,0,1066,-95.73033025945949,-789.3,453.750421487416,477.044413845216
6106,1065.5976175153598,0,0,1067,-104.201456727213,-683.5538512070659,320.850000000006,465.50292544963304
6107,1216.65820317342,0,0,1068,-76.08636718940569,-394.65000000000197,166.08418124228902,453.310389120541
6108,1513.5912764100901,0,0,1069,4.10741918759313,1.08358448762797e-11,-4.40476476441698e-12,440.48385722249003
6109,1693.53496559595,0,0,1070,-32.072121981881,394.649999999943,-166.084181242262,427.041268820149
6110,1930.9714394088198,0,0,1071,84.2661636128368,683.553851207076,-320.850000000013,413.001424588924
6111,1642.8893934564599,0,0,1072,-163.04414557665,789.3,-453.750421487397,398.383960520502
6112,1701.9501997837199,0,0,1073,117.91552972498,683.55385120707,-555.7285016084691,383.20932046013604
6113,1251.81390476103,0,0,1074,35.4997799766149,394.65000000001,-619.834602729694,367.498727514095
6114,735.595958222419,0,0,1075,-48.9781961447888,-2.3267127843912403e-12,-641.7,351.27415436721003
6115,435.077390739255,0,0,1076,39.00370091685021,-394.650000000014,-619.834602729693,334.558292552112
6116,141.164806486733,0,0,1077,-13.9273614107978,-683.5538512070269,-555.728501608487,317.374520713045
6117,140.992124772291,0,0,1078,6.29567435096912,-789.3,-453.750421487421,299.746871908743
6118,310.16722946664,0,0,1079,-46.1289193262751,-683.553851207074,-320.850000000012,281.7
6119,687.762466397397,0,0,1080,-94.76249752933559,-394.65000000001703,-166.084181242295,263.259145169045
6120,1452.1628785649698,0,0,1081,126.71277994614799,-6.18241930749716e-12,-2.51314992374315e-12,244.450098618833
6121,1907.79262456215,0,0,1082,39.7592768181114,394.650000000006,166.08418124229,225.29916650174098
6122,2356.3700808337303,0,0,1083,63.13309649862221,683.5538512070681,320.850000000007,205.83313312802798
6123,2447.4946125287697,0,0,1084,-65.6350324641641,789.3,453.750421487392,186.079223505541
6124,2418.49180368537,0,0,1085,-71.85561439327759,683.553851207078,555.728501608466,166.065065263105
6125,2244.51215154078,0,0,1086,-1.79110119970024,394.650000000024,619.834602729692,145.81865001076
6126,1840.5373349850602,0,0,1087,-13.530959205943802,1.46915513993856e-11,641.7,125.368294190989
6127,1428.1479393003501,0,0,1088,10.220737095066301,-394.649999999999,619.834602729695,104.74259947558599
6128,1020.49904124185,0,0,1089,-24.646021923217802,-683.553851207064,555.728501608472,83.9704127636549
6129,863.808925079839,0,0,1090,46.2777177558353,-789.3,453.7504214874,63.080785836604
6130,786.407987071938,0,0,1091,16.0089035524094,-683.553851207083,320.850000000018,42.102934726594
6131,850.964842223061,0,0,1092,-33.5355378744914,-394.650000000032,166.084181242302,21.066198855282604
6132,1119.05301839342,0,0,1093,26.0530183934379,-2.3200683491274002e-11,9.43106461190328e-12,-1.1046430780047e-12
6133,1330.56786201788,0,0,1094,29.068242115454897,394.64999999999196,-166.084181242284,-21.0661988552808
6134,1386.4648498803601,0,0,1095,-29.136066600105902,683.553851207059,-320.850000000001,-42.1029347265882
6135,1414.4823825894198,0,0,1096,46.0135899134076,789.3,-453.75042148738703,-63.080785836602296
6136,1123.7208850693598,0,0,1097,-17.134051765548598,683.553851207042,-555.728501608481,-83.9704127636571
6137,883.2571445035429,0,0,1098,115.18434670877899,394.650000000039,-619.83460272969,-104.74259947558399
6138,394.78533226758,0,0,1099,62.8536264585355,3.17098155831624e-11,-641.7,-125.36829419098801
6139,-214.889787609869,0,0,1100,-154.586534869426,-394.649999999984,-619.834602729697,-145.818650010762
6140,-349.519367153259,0,0,1101,-45.1719490746257,-683.553851207055,-555.7285016084751,-166.065065263103
6141,-394.08549349468694,0,0,1102,-66.9558485017433,-789.3,-453.750421487405,-186.079223505539
6142,-54.896572437123396,0,0,1103,52.3404118980178,-683.553851207091,-320.850000000024,-205.83313312802602
6143,312.94013443605303,0,0,1104,-5.0265178199611,-394.649999999969,-166.08418124227302,-225.299166501743
6144,937.0929684579199,0,0,1105,76.5430670768078,-4.021894767505079e-11,-1.63489793000634e-11,-244.450098618831
6145,1390.39448485423,0,0,1106,-13.080551218980698,394.649999999977,166.084181242277,-263.25914516904
6146,1857.75873862932,0,0,1107,28.054887422274998,683.553851207051,320.849999999995,-281.699999999999
6147,2020.8017013894898,0,0,1108,-30.501848189176602,789.3,453.750421487408,-299.746871908741
6148,2079.1266550133605,0,0,1109,48.218822910872,683.553851207051,555.728501608477,-317.374520713043
6149,1891.1083665170001,0,0,1110,101.182056339365,394.65000000005404,619.834602729689,-334.558292552111
6150,1337.1110482411698,0,0,1111,-64.3147973915792,-4.1004941246732296e-11,641.7,-351.27415436721196
6151,989.937921247281,0,0,1112,20.252046031645502,-394.64999999997,619.834602729699,-367.498727514093
6152,532.890214079262,0,0,1113,-69.0751158620352,-683.5538512070469,555.728501608479,-383.209320460134
6153,441.34909635334503,0,0,1114,61.282635386436205,-789.3,453.75042148741,-398.38396052050103
6154,370.21836849962403,0,0,1115,30.923644295605804,-683.553851207055,320.84999999999803,-413.00142458892503
6155,371.954099086837,0,0,1116,-88.43881333531179,-394.649999999984,166.08418124228,-427.041268820148
6156,640.479029600458,0,0,1117,-36.0371131770221,-5.72372118588276e-11,2.32668939882235e-11,-440.48385722248594
6157,767.389105156141,0,0,1118,-125.866324481011,394.649999999962,-166.08418124227,-453.31038912054
6158,1026.90293067739,0,0,1119,10.7020049199736,683.553851207042,-320.849999999989,-465.502925449632
6159,989.8977121772549,0,0,1120,11.392547509872301,789.3,-453.750421487403,-477.044413845214
6160,692.701377176668,0,0,1121,-68.2052599297665,683.553851207059,-555.728501608474,-487.91871249215103
6161,537.6805455861701,0,0,1122,138.975761016373,394.649999999991,-619.8346027296959,-498.110612700498
6162,28.0741661338061,0,0,1123,54.3800263100529,-2.39866770629555e-11,-641.7,-507.605860176223
6163,-362.103364199989,0,0,1124,44.772413486809995,-394.649999999955,-619.834602729701,-516.391174957144
6164,-704.214632006997,0,0,1125,-65.4780092053326,-683.553851207038,-555.728501608482,-524.454269986145
6165,-589.891693547592,0,0,1126,58.9425962355581,-789.3,-453.750421487415,-531.783868295735
6166,-389.482301587248,0,0,1127,26.291268399731496,-683.553851207063,-320.850000000004,-538.369718779912
6167,-29.1250456609232,0,0,1128,-52.188253887377904,-394.64999999999804,-166.084181242287,-544.20261053126
6168,580.752462207151,0,0,1129,1.02684793049509,-7.425547604260441e-11,-3.0184808676383696e-11,-549.274385723239
6169,1182.57949179356,0,0,1130,45.42326157087071,394.65000000002505,166.084181242299,-553.5779510196351
6170,1610.10648686073,0,0,1131,31.8099231489458,683.553851207034,320.84999999998297,-557.107287495237
6171,1735.52748809662,0,0,1132,-79.66547433693059,789.3,453.750421487398,-559.857459053852
6172,1831.26118112846,0,0,1133,20.8034476448036,683.5538512070681,555.72850160847,-561.824619331877
6173,1509.72661446616,0,0,1134,-75.7519711857555,394.650000000006,619.834602729694,-563.006017077784
6174,1227.46636039535,0,0,1135,14.1663603953537,-6.968412879178709e-12,641.7,-563.4
6175,809.300414679762,0,0,1136,11.1218290277834,-394.64999999993995,619.8346027297019,-563.006017077784
6176,510.322926594988,0,0,1137,62.972895525471706,-683.553851207075,555.728501608467,-561.824619331877
6177,389.171437564859,0,0,1138,146.578475131293,-789.3,453.75042148742006,-559.857459053853
6178,57.2021290179469,0,0,1139,-161.98673227975402,-683.553851207072,320.85000000000997,-557.107287495238
6179,351.30243071771895,0,0,1140,-6.55379950492624,-394.650000000013,166.084181242294,-553.5779510196351
6180,630.692648085774,0,0,1141,38.967033809014204,-1.5407192127097e-12,6.26301481563293e-13,-549.274385723239
6181,863.3463482266341,0,0,1142,36.9831400001773,394.65000000001,-166.084181242292,-544.202610531261
6182,1060.51934324312,0,0,1143,93.18521081598591,683.553851207025,-320.849999999977,-538.369718779913
6183,1035.18310469099,0,0,1144,87.41739447414659,789.3,-453.750421487419,-531.783868295735
6184,671.698437219614,0,0,1145,-76.672642392851,683.553851207076,-555.728501608467,-524.454269986144
6185,425.962686656933,0,0,1146,21.5384643437505,394.65000000002,-619.834602729693,-516.391174957145
6186,14.152929646427,0,0,1147,16.4587898226415,1.00498513045981e-11,-641.7,-507.60586017622495
6187,-552.203920448772,0,0,1148,-187.608705018578,-394.650000000003,-619.834602729695,-498.110612700496
6188,-660.035721957807,0,0,1149,-81.83465665011771,-683.5538512070659,-555.728501608471,-487.918712492153
6189,-580.536272844325,0,0,1150,-10.4414375116841,-789.3,-453.750421487425,-477.044413845217
6190,-362.24600398844495,0,0,1151,-43.33922733171679,-683.55385120708,-320.850000000016,-465.502925449632
6191,355.60955691439597,0,0,1152,217.654127277264,-394.650000000028,-166.0841812423,-453.31038912054
6192,710.788774524117,0,0,1153,-1.7273682533679802,-1.85589833964865e-11,-7.54421616972342e-12,-440.483857222489
6193,1382.76285337394,0,0,1154,95.06994095180599,394.64999999999606,166.084181242286,-427.04126882015
6194,1841.57384164224,0,0,1155,95.1714150240985,683.553851207062,320.85000000000304,-413.00142458892503
6195,1989.85316399061,0,0,1156,-10.813296976303599,789.3,453.75042148741403,-398.3839605205
6196,2129.4522506624103,0,0,1157,116.37921830699699,683.553851207085,555.728501608463,-383.209320460137
6197,1821.6062921980802,0,0,1158,16.620416982451697,394.650000000035,619.834602729691,-367.498727514096
6198,1317.31384753091,0,0,1159,-132.111998101907,2.70681154883749e-11,641.7,-351.274154367209
6199,1010.2706140579598,0,0,1160,-40.3556961196386,-394.64999999998804,619.834602729697,-334.558292552111
6200,791.914852779791,0,0,1161,76.1147230914204,-683.5538512070581,555.728501608474,-317.374520713046
6201,600.241109299946,0,0,1162,73.5375597212579,-789.3,453.750421487429,-299.746871908741
6202,435.66650057225195,0,0,1163,-82.92964822069541,-683.553851207044,320.84999999999,-281.699999999999
6203,731.59377732801,0,0,1164,59.41874125478971,-394.650000000043,166.08418124230698,-263.259145169044
6204,1001.6622114199699,0,0,1165,81.11231003882979,-3.55772475802633e-11,1.44621308578836e-11,-244.450098618835
6205,1135.93486908912,0,0,1166,-33.331783166838605,394.649999999981,-166.084181242279,-225.299166501743
6206,1328.21625761886,0,0,1167,4.34553953982522,683.553851207053,-320.849999999997,-205.83313312802602
6207,1230.53651367163,0,0,1168,-86.933841335418,789.3,-453.75042148740897,-186.07922350554298
6208,1230.51317999728,0,0,1169,99.7528956617584,683.553851207093,-555.72850160846,-166.065065263107
6209,824.410684344572,0,0,1170,25.4139370850605,394.649999999972,-619.834602729699,-145.818650010762
6210,424.602028095241,0,0,1171,20.6703222861843,4.4086379672151705e-11,-641.7,-125.368294190987
6211,53.072371745215904,0,0,1172,0.299573950475938,-394.649999999974,-619.8346027296981,-104.742599475588
6212,-268.715074569907,0,0,1173,-118.462308990719,-683.553851207049,-555.728501608478,-83.9704127636609
6213,-155.20443556580298,0,0,1174,-23.073228241792002,-789.3,-453.75042148740897,-63.080785836602104
6214,279.684313661897,0,0,1175,151.191099595538,-683.553851207053,-320.849999999996,-42.1029347265921
6215,606.75829795322,0,0,1176,12.5586780508755,-394.650000000057,-166.084181242314,-21.0661988552847
6216,1144.05703625142,0,0,1177,-32.9429637486274,3.7137509249631396e-11,1.50963763369368e-11,-9.65952409295466e-13
6217,1765.7551216452698,0,0,1178,5.954741547750349,394.649999999966,166.084181242272,21.0661988552827
6218,2239.1244234856895,0,0,1179,13.617637552064302,683.553851207045,320.849999999991,42.1029347265901
6219,2432.18085879695,0,0,1180,-53.9503485270508,789.3,453.750421487404,63.0807858366002
6220,2432.17536312666,0,0,1181,-72.0774024525298,683.553851207057,555.7285016084751,83.970412763655
6221,2266.23071918188,0,0,1182,-34.9964830233908,394.649999999987,619.834602729697,104.74259947558599
6222,1908.9632443108603,0,0,1183,-41.105049880191004,6.11046438559286e-11,641.7,125.368294190986
6223,1509.6000694609302,0,0,1184,-45.40318327956739,-394.64999999995905,619.8346027297,145.818650010756
6224,1239.31383712733,0,0,1185,16.0741214627839,-683.55385120704,555.728501608481,166.065065263105
6225,1062.86803268324,0,0,1186,26.338387690283298,-789.3,453.750421487413,186.079223505541
6226,1166.2176885783501,0,0,1187,136.088406657385,-683.553851207061,320.85000000000196,205.83313312802397
6227,1249.95408554623,0,0,1188,65.2207378021993,-394.64999999999395,166.084181242285,225.29916650174098
6228,1439.75512275449,0,0,1189,6.30502413564981,2.01192450658546e-11,-8.17846164877669e-12,244.450098618833
6229,1681.37390720868,0,0,1190,-0.451056718052726,394.64999999995104,-166.084181242266,263.25914516904203
6230,1762.19861741159,0,0,1191,-73.20523379546171,683.553851207036,-320.849999999985,281.699999999997
6231,1928.1920808852399,0,0,1192,100.895630463899,789.3,-453.75042148739897,299.746871908739
6232,1688.7148643038001,0,0,1193,50.5149939921585,683.553851207065,-555.728501608471,317.374520713045
6233,1300.46788503954,0,0,1194,-2.90580478287333,394.65000000000197,-619.834602729695,334.558292552109
6234,948.638638574834,0,0,1195,44.0644842075484,7.812290803970542e-11,-641.7,351.274154367207
6235,581.4150315979531,0,0,1196,32.400906813575,-394.650000000022,-619.834602729693,367.498727514092
6236,372.020111675064,0,0,1197,31.093144030445103,-683.553851207032,-555.728501608485,383.20932046013604
6237,349.97540860485395,0,0,1198,-3.3581304282265196,-789.3,-453.750421487418,398.383960520499
6238,715.48991151368,0,0,1199,107.892338131834,-683.553851207069,-320.85000000000804,413.001424588924
6239,1012.34865694985,0,0,1200,-53.958430628001096,-394.650000000009,-166.084181242292,427.041268820149
6240,1661.30540429293,0,0,1201,19.8215470704387,3.10098088207777e-12,1.2605469606165602e-12,440.483857222487
6241,2187.9556887534804,0,0,1202,-28.088881609256703,394.649999999937,166.084181242259,453.310389120539
6242,2663.35140649588,0,0,1203,-9.55537016083672,683.553851207073,320.850000000011,465.502925449631
6243,2841.16147809424,0,0,1204,-82.9333572383674,789.3,453.750421487394,477.044413845216
6244,2902.76730962966,0,0,1205,-29.433755678029197,683.553851207074,555.728501608468,487.918712492152
6245,2634.96030644455,0,0,1206,-83.634908985658,394.65000000001703,619.834602729693,498.110612700495
6246,2397.3857825243804,0,0,1207,41.079922348153,5.4081512098106396e-12,641.7,507.605860176222
6247,1853.9454792230604,0,0,1208,-95.63029846376878,-394.650000000007,619.834602729694,516.391174957144
6248,1549.7671489750198,0,0,1209,-55.8617714125899,-683.5538512070231,555.728501608488,524.454269986144
6249,1323.3839010803,0,0,1210,-82.8503887028274,-789.3,453.750421487397,531.783868295734
6250,1386.4588719812,0,0,1211,-0.20699559164808298,-683.553851207078,320.850000000014,538.369718779912
6251,1410.37794854933,0,0,1212,-117.258843224205,-394.650000000024,166.084181242298,544.202610531261
6252,1955.8084380318899,0,0,1213,193.534052308657,-1.3917283301699e-11,5.65736772754357e-12,549.274385723239
6253,1939.6630831555499,0,0,1214,-56.480686621798895,394.65,-166.084181242287,553.577951019634
6254,2112.7016788895603,0,0,1215,-22.109459812738105,683.553851207064,-320.850000000005,557.107287495238
6255,2171.01425905461,0,0,1216,59.6072214881509,789.3,-453.75042148739004,559.857459053853
6256,1972.21076590823,0,0,1217,65.5607969777327,683.553851207082,-555.728501608464,561.824619331877
6257,1490.3245232730999,0,0,1218,-65.49689107501929,394.65000000003096,-619.834602729691,563.006017077784
6258,1109.81247803239,0,0,1219,-30.887521967636598,2.2426415393587498e-11,-641.7,563.4
6259,739.4537672601401,0,0,1220,-29.0676470879555,-394.64999999999196,-619.8346027296959,563.006017077784
6260,453.063365748675,0,0,1221,-90.47890076766859,-683.5538512070599,-555.7285016084729,561.824619331877
6261,585.657280633716,0,0,1222,46.85024306726561,-789.3,-453.750421487402,559.857459053853
6262,813.042304044853,0,0,1223,37.338867756722,-683.553851207086,-320.85000000002003,557.107287495238
6263,1199.70120421602,0,0,1224,-17.1425655612763,-394.650000000039,-166.084181242305,553.5779510196351
6264,1713.75708541884,0,0,1225,-60.51730030435229,-3.09355474854759e-11,-1.2575282415703698e-11,549.27438572324
6265,2245.61656819769,0,0,1226,-85.3202235758331,394.64999999998497,166.084181242281,544.202610531261
6266,2791.34583097023,0,0,1227,21.572260983260797,683.553851207055,320.849999999999,538.369718779912
6267,3024.6931797804805,0,0,1228,21.8588899973309,789.3,453.75042148741,531.783868295734
6268,3075.1485966736604,0,0,1229,82.41197387199091,683.553851207046,555.728501608479,524.454269986145
6269,2776.41917283049,0,0,1230,15.5433951436142,394.650000000046,619.83460272969,516.391174957144
6270,2390.07112815975,0,0,1231,9.765267983486778,3.9444679577364295e-11,641.7,507.605860176224
6271,2000.74587079453,0,0,1232,45.4506553643131,-394.64999999997804,619.8346027296981,498.110612700497
6272,1581.40445962207,0,0,1233,-11.688903271512698,-683.553851207051,555.728501608477,487.918712492154
6273,1445.06898284894,0,0,1234,69.57414751632179,-789.3,453.750421487407,477.044413845216
6274,-622.354196930475,1,0,1235,-37.7653492138776,-683.553851207095,320.850000000026,465.50292544963304
6275,1308.3920369475,0,0,1236,-152.352533415338,-394.649999999976,166.084181242276,453.310389120541
6276,1599.8238628768,0,0,1237,-77.659994345659,-4.79538116692527e-11,1.94931971038638e-11,440.483857222487
6277,1859.8563450582396,0,0,1238,-33.7507425196033,394.64999999997,-166.08418124227398,427.041268820149
6278,1921.49879441518,0,0,1239,-93.20648138079599,683.5538512070469,-320.849999999993,413.001424588924
6279,2031.78274074667,0,0,1240,57.8492017135702,789.3,-453.750421487405,398.383960520502
6280,1758.0077046668303,0,0,1241,5.97303460811733,683.553851207054,-555.728501608476,383.20932046013604
6281,1326.27379403669,0,0,1242,-58.040330747778704,394.650000000061,-619.8346027296881,367.498727514095
6282,944.596899654519,0,0,1243,-7.977254712658159,-3.32700772525305e-11,-641.7,351.27415436721003
6283,728.4855558747771,0,0,1244,164.411866052327,-394.649999999963,-619.8346027297,334.558292552113
6284,286.179204014352,0,0,1245,-36.9129638831697,-683.553851207043,-555.72850160848,317.374520713045
6285,283.660668823518,0,0,1246,-19.0357815978127,-789.3,-453.75042148741204,299.746871908743
6286,423.05772414768796,0,0,1247,-101.23842464525299,-683.553851207059,-320.850000000001,281.700000000001
6287,1020.0823985029599,0,0,1248,69.5574345761845,-394.64999999999003,-166.084181242283,263.259145169046
6288,1526.03444148941,0,0,1249,32.5843428706642,-6.49720758530295e-11,-2.6411111792024e-11,244.450098618833
6289,2097.7196612900398,0,0,1250,61.6863135459661,394.65000000003306,166.084181242303,225.29916650174098
6290,2435.05404355786,0,0,1251,-26.182940777189003,683.5538512070391,320.849999999987,205.83313312802798
6291,2609.74697514131,0,0,1252,-71.3826698516323,789.3,453.75042148740096,186.079223505541
6292,2616.1915102766197,0,0,1253,-42.1559078020219,683.553851207063,555.728501608472,166.065065263105
6293,2478.07512344216,0,0,1254,63.771870701705105,394.64999999999804,619.834602729695,145.81865001076
6294,2119.88372156809,0,0,1255,97.81542737712108,-1.62518130687536e-11,641.7,125.36829419098999
6295,1534.38396537445,0,0,1256,-51.5432368308853,-394.64999999994797,619.834602729701,104.74259947558599
6296,1186.6185936699198,0,0,1257,-26.5264694951883,-683.553851207034,555.728501608484,83.970412763659
6297,885.419691880155,0,0,1258,-100.11151544386601,-789.3,453.750421487417,63.08078583660421
6298,984.115245831156,0,0,1259,45.7161623116223,-683.553851207067,320.850000000007,42.1029347265941
6299,1118.3966429669802,0,0,1260,65.8962628694148,-394.65000000000504,166.08418124229,21.0661988552827
6300,1362.00185191593,0,0,1261,101.001851915923,7.74268097686523e-12,-3.14739540279641e-12,-9.66649876676774e-13
6301,1475.53277565971,0,0,1262,6.0331557572682595,394.650000000018,-166.084181242296,-21.0661988552807
6302,1511.58898199132,0,0,1263,-72.0119344891409,683.55385120703,-320.849999999981,-42.1029347265921
6303,1602.9626961712602,0,0,1264,66.4939034952558,789.3,-453.750421487396,-63.080785836602104
6304,1258.83048206253,0,0,1265,-50.024454772417094,683.553851207071,-555.7285016084691,-83.970412763657
6305,947.841790450797,0,0,1266,11.768992656062201,394.65000000001197,-619.834602729694,-104.74259947558399
6306,356.43426250254,0,0,1267,-143.497443306473,7.664511150231759e-13,-641.7,-125.368294190987
6307,87.7506162196389,0,0,1268,-19.946131039966602,-394.649999999933,-619.834602729703,-145.818650010758
6308,-192.53489455836004,0,0,1269,-56.1874764797169,-683.553851207071,-555.7285016084691,-166.065065263103
6309,-197.471757543562,0,0,1270,-38.342112550601705,-789.3,-453.75042148742205,-186.079223505539
6310,161.277922642956,0,0,1271,100.514906978071,-683.553851207076,-320.850000000013,-205.83313312802602
6311,491.91195418625296,0,0,1272,5.94530193031279,-394.65000000002,-166.084181242297,-225.299166501743
6312,918.0231743682081,0,0,1273,-110.526727012948,-9.27558320691158e-12,-3.77051928536372e-12,-244.450098618831
6313,1548.63108922827,0,0,1274,-22.843946844980803,394.65000000000396,166.08418124228902,-263.25914516904
6314,2057.69181019381,0,0,1275,59.98795898681371,683.553851207021,320.849999999975,-281.699999999999
6315,2232.72878509701,0,0,1276,13.425235518337601,789.3,453.750421487417,-299.746871908741
6316,2170.47602478318,0,0,1277,-28.4318073193267,683.55385120708,555.728501608465,-317.374520713043
6317,1925.39305931275,0,0,1278,-32.533250864858196,394.65000000002703,619.834602729692,-334.558292552111
6318,1619.11941730765,0,0,1279,49.693571674839795,1.77847152988e-11,641.7,-351.274154367209
6319,1015.7822790266099,0,0,1280,-121.903596188994,-394.64999999999606,619.8346027296959,-367.498727514093
6320,876.478727767596,0,0,1281,106.51339782631901,-683.553851207062,555.728501608472,-383.209320460134
6321,565.970930916348,0,0,1282,17.9044699494217,-789.3,453.750421487427,-398.3839605205
6322,528.323773216871,0,0,1283,21.0290490128477,-683.5538512070391,320.849999999987,-413.00142458892503
6323,625.436157474892,0,0,1284,-2.95675494722951,-394.650000000035,166.084181242303,-427.041268820148
6324,854.3152820108611,0,0,1285,9.79913923336275,-2.6293847390688397e-11,1.0688433973523801e-11,-440.48385722248594
6325,1121.0877155606402,0,0,1286,59.832285923476704,394.649999999989,-166.084181242283,-453.31038912054
6326,1208.05080029339,0,0,1287,23.849874535968798,683.5538512070581,-320.85,-465.502925449632
6327,1187.54626167782,0,0,1288,41.0410970104467,789.3,-453.75042148741204,-477.044413845214
6328,1006.22076065845,0,0,1289,77.3141235519776,683.553851207088,-555.728501608462,-487.918712492153
6329,564.370538199915,0,0,1290,-2.33424636994123,394.65000000004204,-619.83460272969,-498.110612700496
6330,105.076497399828,0,0,1291,-36.617642423983604,3.48029794825768e-11,-641.7,-507.605860176223
6331,1634.6212869818,1,0,1292,-48.890857290536005,-394.649999999982,-619.834602729697,-516.391174957144
6332,-460.204851792675,0,0,1293,10.531771008999302,-683.553851207054,-555.728501608476,-524.454269986144
6333,-578.019810054412,0,0,1294,-97.18552027127159,-789.3,-453.750421487406,-531.783868295735
6334,-200.829197560075,0,0,1295,46.9443724268773,-683.5538512070481,-320.849999999993,-538.369718779911
6335,80.9093968700372,0,0,1296,-110.153811356343,-394.650000000049,-166.08418124231,-544.20261053126
6336,709.5974652913811,0,0,1297,-38.12814898531921,-4.331211157446521e-11,-1.7606348661684e-11,-549.274385723239
6337,1282.1488677703098,0,0,1298,-23.007362452301603,394.649999999974,166.084181242276,-553.5779510196351
6338,1772.8101482601,0,0,1299,26.5135845482908,683.553851207049,320.849999999994,-557.107287495237
6339,2056.74750597569,0,0,1300,73.55454354213809,789.3,453.750421487407,-559.857459053852
6340,1946.24639821685,0,0,1301,-32.2113352668306,683.5538512070971,555.728501608458,-561.824619331877
6341,1749.7821991164,0,0,1302,-3.69638653548876,394.649999999979,619.8346027296981,-563.006017077784
6342,1447.54097429116,0,0,1303,66.2409742911098,5.18212436663536e-11,641.7,-563.4
6343,936.8765402042529,0,0,1304,-29.302045447695697,-394.64999999996695,619.834602729699,-563.006017077784
6344,586.352227362725,0,0,1305,-28.9978037068324,-683.553851207045,555.728501608479,-561.824619331877
6345,444.79713352007,0,0,1306,34.204171086512495,-789.3,453.75042148741096,-559.857459053853
6346,375.311850830335,0,0,1307,-11.877010467370699,-683.5538512070559,320.849999999999,-557.107287495237
6347,450.631473118461,0,0,1308,-75.22475710415709,-394.650000000064,166.08418124231702,-553.5779510196351
6348,742.2143141747031,0,0,1309,-17.5113001020754,2.94026452554295e-11,-1.1952158533136402e-11,-549.274385723239
6349,967.372209976351,0,0,1310,-26.990998250076498,394.64999999996,-166.084181242269,-544.2026105312619
6350,1198.5844448748198,0,0,1311,63.2503124476834,683.553851207041,-320.849999999988,-538.369718779913
6351,1014.07985337594,0,0,1312,-101.68585684092301,789.3,-453.750421487402,-531.783868295733
6352,894.1641082935199,0,0,1313,-22.206971318984603,683.553851207105,-555.728501608455,-524.454269986146
6353,585.752514946429,0,0,1314,13.3282926332761,394.64999999999395,-619.8346027296959,-516.391174957145
6354,148.17589384305,0,0,1315,-17.5182459807057,-2.08935131635411e-11,-641.7,-507.605860176223
6355,-267.564560695074,0,0,1316,-70.9693452649223,-394.649999999952,-619.834602729701,-498.110612700498
6356,-398.674723379384,0,0,1317,11.5263419282885,-683.5538512070369,-555.7285016084829,-487.918712492153
6357,-369.99677519343203,0,0,1318,32.098060139172304,-789.3,-453.75042148739004,-477.044413845214
6358,-82.7920738137865,0,0,1319,68.11470284291529,-683.553851207065,-320.850000000005,-465.502925449632
6359,348.941023713958,0,0,1320,42.9855940767871,-394.650000000001,-166.084181242288,-453.31038912054
6360,843.208210383524,0,0,1321,-37.3079323938759,-7.734863994201879e-11,-3.14421780380042e-11,-440.483857222491
6361,1371.0386764693199,0,0,1322,-84.6542359527379,394.649999999945,166.08418124226299,-427.04126882015
6362,1946.78257724772,0,0,1323,32.3801506295534,683.5538512070771,320.850000000014,-413.00142458892503
6363,2320.5374058253897,0,0,1324,151.8709448585,789.3,453.750421487397,-398.383960520503
6364,2040.9307574183802,0,0,1325,-140.142274937017,683.553851207069,555.72850160847,-383.209320460137
6365,1997.5721026968697,0,0,1326,24.5862274812572,394.650000000008,619.834602729694,-367.498727514093
6366,1531.3776427544,0,0,1327,-86.0482028784787,8.58577720339073e-11,641.7,-351.27415436721196
6367,1118.42047662764,0,0,1328,-100.20583354993099,-394.65000000001504,619.834602729693,-334.558292552111
6368,935.937977274751,0,0,1329,52.13784758639879,-683.553851207073,555.728501608468,-317.374520713043
6369,638.029167677283,0,0,1330,-56.67438190139671,-789.3,453.750421487421,-299.746871908741
6370,551.3904018388299,0,0,1331,-135.205746954109,-683.553851207073,320.850000000011,-281.699999999999
6371,922.4630950687401,0,0,1332,82.2880589955515,-394.650000000094,166.08418124233,-263.25914516904703
6372,947.017265147091,0,0,1333,-141.53263623407102,-4.63388311212412e-12,1.88367084318386e-12,-244.450098618835
6373,1280.50916510789,0,0,1334,-56.7574871480808,394.650000000008,-166.08418124229098,-225.299166501743
6374,1492.2931094633402,0,0,1335,0.422391384320688,683.553851207024,-320.849999999976,-205.83313312803003
6375,1562.68389484039,0,0,1336,77.2135398333257,789.3,-453.750421487392,-186.07922350554298
6376,1256.4008053855698,0,0,1337,-42.3594789498718,683.553851207033,-555.728501608484,-166.065065263103
6377,1015.6144238447802,0,0,1338,48.6176765852083,394.65000000002294,-619.834602729692,-145.818650010762
6378,762.8617905896859,0,0,1339,190.93008478066102,1.3143015204012498e-11,-641.7,-125.36829419098801
6379,166.482302682811,0,0,1340,-54.2904951119089,-394.65,-619.834602729695,-104.74259947558399
6380,143.064941495438,0,0,1341,125.317707074604,-683.55385120702,-555.7285016084901,-83.9704127636571
6381,45.923716252697204,0,0,1342,10.0549235766992,-789.3,-453.7504214874,-63.080785836602296
6382,291.935337611624,0,0,1343,-4.5578764546806605,-683.553851207082,-320.850000000017,-42.1029347265962
6383,768.02514856558,0,0,1344,5.825528663196371,-394.65000000003096,-166.084181242301,-21.0661988552848
6384,1321.01154418193,0,0,1345,-23.9884558180378,-2.1652147295900896e-11,-8.80158553134399e-12,-1.1039456106233898e-12
6385,1861.53276498875,0,0,1346,-66.2676151086903,394.649999999915,166.084181242249,21.0661988552786
6386,2391.4559211876604,0,0,1347,-2.05086474599209,683.5538512070599,320.85000000000196,42.10293472659001
6387,2757.2281006206395,0,0,1348,103.09689329662201,789.3,453.750421487413,63.080785836604
6388,2628.31145687869,0,0,1349,-43.941308700517595,683.553851207086,555.728501608463,83.9704127636549
6389,2451.6990643822896,0,0,1350,-17.5281378230255,394.650000000038,619.834602729691,104.74259947558599
6390,2132.45721040794,0,0,1351,14.388916217007,-5.95717416258822e-11,641.7,125.368294190989
6391,1599.83683238706,0,0,1352,-123.166420353403,-394.64999999998594,619.834602729697,145.818650010756
6392,1303.8393486739,0,0,1353,-87.4003669906274,-683.5538512070559,555.7285016084751,166.065065263105
6393,1205.21901194984,0,0,1354,0.689366956870562,-789.3,453.75042148742995,186.079223505537
6394,1173.2653685319901,0,0,1355,-24.863913388965898,-683.55385120709,320.850000000023,205.83313312802397
6395,1450.1224736330498,0,0,1356,97.38912588900742,-394.64999999996803,166.08418124227302,225.29916650174098
6396,1639.2445990533301,0,0,1357,37.7945004345256,-3.86704114796777e-11,1.57195002195041e-11,244.450098618829
6397,1729.3133186336,0,0,1358,-120.511645293143,394.64999999997804,-166.084181242278,263.25914516904203
6398,1989.28015922637,0,0,1359,-14.1236919806908,683.553851207052,-320.849999999996,281.7
6399,1986.4875674593,0,0,1360,-8.80888296206026,789.3,-453.75042148738197,299.746871908739
6400,1844.42152923363,0,0,1361,38.2216589220115,683.55385120705,-555.728501608477,317.374520713045
6401,1518.0803075942802,0,0,1362,46.706617771891295,394.64999999997497,-619.8346027296981,334.558292552112
6402,1054.08268033916,0,0,1363,-18.491474028096302,4.71795435715662e-11,-641.7,351.274154367207
6403,672.311410352397,0,0,1364,-44.7027144320285,-394.649999999971,-619.834602729699,367.498727514095
6404,501.94811728629503,0,0,1365,-6.978850358337961,-683.553851207003,-555.728501608497,383.209320460133
6405,595.2237464118409,0,0,1366,73.8902073787514,-789.3,-453.75042148740897,398.383960520499
6406,934.525228200437,0,0,1367,158.927654818565,-683.553851207054,-320.84999999999803,413.001424588924
6407,1169.3748740141,0,0,1368,-64.93221356366709,-394.65000000006006,-166.084181242315,427.041268820146
6408,1873.06611611939,0,0,1369,63.582258896980804,-5.56886756634546e-11,-2.2637414907664303e-11,440.483857222487
6409,2438.3243182076003,0,0,1370,54.279747844713,394.65000000004096,166.08418124230602,453.310389120541
6410,2914.6752986070396,0,0,1371,73.76852195037391,683.553851207043,320.84999999999,465.502925449631
6411,3037.27162657045,0,0,1372,-54.823208762165606,789.3,453.750421487403,477.044413845216
6412,3210.82887984955,0,0,1373,110.627814541868,683.5538512070581,555.728501608474,487.918712492154
6413,2940.35996472484,0,0,1374,53.7647492945918,394.650000000067,619.8346027296869,498.110612700495
6414,2413.78961049946,0,0,1375,-110.516249676736,-2.55352132583286e-11,641.7,507.605860176222
6415,2051.47491891328,0,0,1376,-66.10085877361101,-394.649999999956,619.834602729701,516.391174957143
6416,1623.91431878978,0,0,1377,-149.714601597802,-683.5538512070391,555.728501608482,524.454269986144
6417,1482.76542921365,0,0,1378,-91.4688605694935,-789.3,453.75042148741403,531.783868295734
6418,1517.2771876527402,0,0,1379,-37.3886799200977,-683.553851207107,320.85000000003504,538.369718779911
6419,1673.7763964730802,0,0,1380,-21.8603953004704,-394.649999999997,166.084181242286,544.202610531261
6420,1912.97910740833,0,0,1381,-17.295278314923,1.7026081166440198e-11,-6.9210922871561195e-12,549.27438572324
6421,2115.67172086262,0,0,1382,-48.4720489146983,394.64999999994905,-166.084181242264,553.577951019634
6422,2519.33775899452,0,0,1383,216.52662029223302,683.553851207035,-320.849999999984,557.107287495237
6423,2327.0937139737803,0,0,1384,47.686676407346894,789.3,-453.75042148742403,559.857459053853
6424,2071.4708868778503,0,0,1385,-3.1790820526237797,683.553851207067,-555.728501608471,561.824619331877
6425,1735.4107000466502,0,0,1386,11.5892856985529,394.65000000000396,-619.834602729695,563.006017077784
6426,1258.3900019512,0,0,1387,-50.30999804888061,8.12160719391198e-11,-641.7,563.4
6427,870.150479033085,0,0,1388,-66.37093531505471,-394.64999999994103,-619.8346027297019,563.006017077784
6428,619.135037278332,0,0,1389,-92.40722923800199,-683.553851207075,-555.728501608467,561.824619331877
6429,708.954501736423,0,0,1390,2.14746416998931,-789.3,-453.750421487419,559.857459053853
6430,921.135229964218,0,0,1391,-22.568206323938497,-683.553851207071,-320.85000000000997,557.107287495238
6431,1256.95539844285,0,0,1392,-127.88837133447599,-394.65000000001197,-166.084181242293,553.577951019634
6432,2086.36932765809,0,0,1393,144.094941934979,-8.97252040310082e-11,-3.6473244283984504e-11,549.27438572324
6433,2580.14086959953,0,0,1394,81.20407782596841,394.65000000001197,166.084181242293,544.202610531261
6434,2963.7141885496303,0,0,1395,25.9406185626376,683.553851207071,320.85000000000997,538.369718779911
6435,3261.0150509578802,0,0,1396,90.1807611747475,789.3,453.75042148739306,531.783868295735
6436,3252.37125755065,0,0,1397,91.63463474896092,683.553851207075,555.728501608467,524.454269986145
6437,2913.8929473664803,0,0,1398,-14.982830320450402,394.65000000009695,619.834602729683,516.391174957146
6438,2625.8512016036602,0,0,1399,77.54534142742929,8.50131510922506e-12,641.7,507.605860176224
6439,2149.1166956565303,0,0,1400,25.821480226346303,-394.65000000000396,619.834602729695,498.110612700497
6440,1674.96284302685,0,0,1401,-86.13051986676649,-683.553851207022,555.728501608489,487.918712492154
6441,1490.6593779628,0,0,1402,-52.83545736983971,-789.3,453.75042148742403,477.044413845216
6442,1515.92483157155,0,0,1403,10.1257573289705,-683.553851207035,320.849999999984,465.502925449631
6443,1487.4743194046803,0,0,1404,-141.270250958139,-394.65000000002703,166.0841812423,453.31038912054396
6444,1876.0420625338,0,0,1405,30.5582053113181,-1.70104472011135e-11,6.91473708916414e-12,440.483857222487
6445,1975.54642891202,0,0,1406,-86.0606586658383,394.649999999997,-166.084181242286,427.041268820146
6446,2100.3299620962102,0,0,1407,-82.3753136997655,683.5538512070179,-320.849999999972,413.001424588927
6447,2221.50048445166,0,0,1408,79.56694541856871,789.3,-453.75042148741403,398.383960520502
6448,1982.17305779107,0,0,1409,62.138387732314605,683.553851207084,-555.728501608464,383.209320460139
6449,1596.7233703108,0,0,1410,44.4092455263659,394.650000000034,-619.834602729691,367.498727514095
6450,1072.11674255899,0,0,1411,-48.457411808246896,2.5519579293001896e-11,-641.7,351.274154367211
6451,732.4151225870979,0,0,1412,0.341432764603524,-394.64999999991204,-619.8346027297059,334.558292552113
6452,616.211034506511,0,0,1413,125.11886660899799,-683.5538512070581,-555.728501608474,317.374520713045
6453,521.964699348801,0,0,1414,51.268248927465,-789.3,-453.750421487403,299.746871908739
6454,638.490637908825,0,0,1415,-53.8055108840697,-683.553851207088,-320.850000000022,281.700000000004
6455,1042.40051350719,0,0,1416,-76.1244504195089,-394.65000000004096,-166.08418124230602,263.25914516904203
6456,1603.9636559359199,0,0,1417,-57.4864426829853,5.570430962878129e-11,2.2643770105656197e-11,244.45009861883
6457,2211.9791625715698,0,0,1418,7.94581482755921,394.649999999982,166.08418124228,225.299166501745
6458,2673.1964933927698,0,0,1419,43.95950905768821,683.553851207054,320.84999999999803,205.83313312802798
6459,3028.58343942394,0,0,1420,179.45379443099202,789.3,453.75042148740897,186.079223505541
6460,2717.5310459791604,0,0,1421,-108.81637209949601,683.553851207092,555.72850160846,166.065065263105
6461,2563.4880165301397,0,0,1422,-18.8152362102878,394.649999999971,619.834602729699,145.81865001076
6462,2114.5826497546,0,0,1423,-75.48564443642941,4.25378434767787e-11,641.7,125.36829419098999
6463,1640.68353779017,0,0,1424,-113.24366441514299,-394.64999999997497,619.8346027296981,104.74259947558599
6464,1284.5740744134,0,0,1425,-96.57098875168622,-683.55385120705,555.728501608477,83.9704127636552
6465,1209.54345357533,0,0,1426,56.012246251290904,-789.3,453.750421487434,63.08078583660829
6466,1186.7217099562401,0,0,1427,80.3226264367055,-683.553851207052,320.849999999996,42.1029347265943
6467,1186.85422714479,0,0,1428,-33.6461529527868,-394.64999999997804,166.084181242278,21.0661988552789
6468,1433.90350556686,0,0,1429,4.903505566885929,-5.10469755686671e-11,2.0750566465484396e-11,3.17454109792355e-12
6469,1648.73009030228,0,0,1430,11.2304703998681,394.64999999996803,-166.08418124227302,-21.0661988552805
6470,1726.29577800228,0,0,1431,-25.3051384781916,683.55385120709,-320.850000000023,-42.1029347265919
6471,1745.69811542019,0,0,1432,41.2293227442002,789.3,-453.750421487405,-63.080785836602004
6472,1542.8723150826402,0,0,1433,66.0173782477142,683.5538512070559,-555.7285016084751,-83.9704127636568
6473,1002.75438529836,0,0,1434,-101.318412496427,394.650000000063,-619.8346027296881,-104.74259947558399
6474,612.849574525743,0,0,1435,-55.082131283329105,5.95561076605555e-11,-641.7,-125.368294190987
6475,261.322885921428,0,0,1436,-14.3738613380814,-394.650000000038,-619.834602729691,-145.818650010762
6476,-64.2130760122354,0,0,1437,-95.8656579336141,-683.553851207041,-555.728501608481,-166.065065263099
6477,-32.7451839747198,0,0,1438,-41.6155389817682,-789.3,-453.750421487413,-186.079223505539
6478,282.582655729698,0,0,1439,53.81964006479011,-683.5538512070599,-320.85000000000196,-205.83313312803003
6479,694.8524951442309,0,0,1440,40.8858428883605,-394.65000000007103,-166.08418124232,-225.299166501739
6480,1194.0587141138801,0,0,1441,-2.4911872673153397,2.1667781261227602e-11,8.80794072933597e-12,-244.450098618831
6481,1741.6082995513,0,0,1442,2.13326347801373,394.65000000003096,166.084181242301,-263.259145169044
6482,2172.54135244811,0,0,1443,6.83750124108475,683.5538512070369,320.849999999986,-281.699999999999
6483,2377.04889380963,0,0,1444,-10.2546557690291,789.3,453.7504214874,-299.746871908741
6484,2401.28148419767,0,0,1445,34.3736520951489,683.553851207109,555.728501608453,-317.374520713043
6485,2025.30433025212,0,0,1446,-100.62197992546899,394.65,619.834602729695,-334.558292552111
6486,1794.22139492478,0,0,1447,56.7955492920053,-1.3158649169339199e-11,641.7,-351.27415436721196
6487,1318.31262694695,0,0,1448,12.6267517312813,-394.649999999945,619.8346027297019,-367.49872751409
6488,1004.56104826925,0,0,1449,66.5957183279335,-683.553851207033,555.728501608484,-383.209320460134
6489,678.1816216133831,0,0,1450,-37.8848393535083,-789.3,453.750421487392,-398.3839605205
6490,605.326345195493,0,0,1451,-69.968379008524,-683.553851207069,320.85000000000804,-413.00142458892196
6491,742.548169281451,0,0,1452,-53.844743140684606,-394.650000000008,166.08418124229098,-427.041268820148
6492,989.8307924058889,0,0,1453,-22.6853503716256,4.649517077450809e-12,-1.8900260411758403e-12,-440.48385722248804
6493,1221.10750549589,0,0,1454,-8.14792414124426,394.64999999993796,-166.084181242259,-453.31038912054
6494,1395.57090628036,0,0,1455,43.36998052293329,683.553851207073,-320.850000000011,-465.502925449632
6495,1281.3660346920599,0,0,1456,-33.1391299753325,789.3,-453.75042148739504,-477.04441384521203
6496,1117.1478892753998,0,0,1457,20.2412521689461,683.553851207073,-555.728501608468,-487.918712492153
6497,603.063759251518,0,0,1458,-131.64102531830602,394.65000000001504,-619.834602729693,-498.110612700498
6498,334.298017447337,0,0,1459,24.6038776234651,9.359263602810909e-11,-641.7,-507.60586017622103
6499,-98.68226363563049,0,0,1460,-27.8064859487843,-394.650000000008,-619.834602729694,-516.391174957144
6500,-422.780382212843,0,0,1461,-120.04375941116001,-683.553851207069,-555.72850160847,-524.454269986144
6501,-256.09608160370203,0,0,1462,56.738208179454205,-789.3,-453.750421487423,-531.783868295733
6502,-64.8530176178059,0,0,1463,14.920552369196802,-683.5538512070771,-320.850000000014,-538.369718779911
6503,249.971130154646,0,0,1464,-109.092078071885,-394.649999999945,-166.08418124226299,-544.202610531261
6504,886.892359903344,0,0,1465,-28.8332543733997,-1.2368747106326e-11,-5.0278886469842905e-12,-549.274385723239
6505,1414.26460333112,0,0,1466,-58.8916268915381,394.650000000001,166.084181242288,-553.5779510196351
6506,1904.5285114794,0,0,1467,-9.7680522323575,683.55385120702,320.849999999974,-557.107287495237
6507,2158.6289975351397,0,0,1468,7.436035101600961,789.3,453.75042148739004,-559.857459053853
6508,2245.63531787417,0,0,1469,99.17758439052591,683.5538512070369,555.7285016084829,-561.824619331877
6509,1829.5515994881698,0,0,1470,-91.92698616376958,394.65000000003,619.834602729692,-563.006017077784
6510,1478.90688763651,0,0,1471,-70.3931123635108,2.08778791982144e-11,641.7,-563.4
6511,1269.40006961389,0,0,1472,135.221483961971,-394.64999999999395,619.8346027296959,-563.006017077784
6512,873.745294251919,0,0,1473,90.39526318232019,-683.553851207016,555.728501608491,-561.824619331877
6513,509.531029646173,0,0,1474,-69.0619327873759,-789.3,453.750421487402,-559.857459053853
6514,603.391201166324,0,0,1475,48.2023398686137,-683.553851207041,320.849999999988,-557.107287495237
6515,578.7698590082621,0,0,1476,-115.08637121437,-394.650000000037,166.084181242304,-553.5779510196351
6516,964.568279297166,0,0,1477,36.842665020422295,-2.93870112901028e-11,1.19458033351444e-11,-549.274385723239
6517,1178.26073724258,0,0,1478,15.897529016180501,394.64999999990897,-166.084181242246,-544.2026105312619
6518,1387.5160891907099,0,0,1479,84.18195676356359,683.5538512070559,-320.849999999999,-538.369718779913
6519,1335.89249956613,0,0,1480,52.1267893492749,789.3,-453.75042148741096,-531.783868295734
6520,1213.09008262685,0,0,1481,128.719003014366,683.55385120709,-555.728501608461,-524.454269986146
6521,640.506253193922,0,0,1482,-99.9179691192871,394.650000000045,-619.83460272969,-516.391174957145
6522,446.687309661102,0,0,1483,112.993169837377,-5.183687763168029e-11,-641.7,-507.605860176223
6523,-20.4414721480102,0,0,1484,8.15374328216469,-394.649999999979,-619.8346027296981,-498.110612700498
6524,-300.113409732933,0,0,1485,-57.9123444252511,-683.553851207052,-555.728501608476,-487.918712492153
6525,-199.43578465926004,0,0,1486,34.6590506733614,-789.3,-453.750421487407,-477.044413845215
6526,-60.53056006265061,0,0,1487,-77.6237834058983,-683.553851207094,-320.850000000026,-465.502925449632
6527,405.184834162412,0,0,1488,-68.7705954747971,-394.649999999974,-166.084181242276,-453.31038912054
6528,1133.41042938685,0,0,1489,84.89428660941,-4.64052754738796e-11,-1.88637180233045e-11,-440.483857222491
6529,1498.50220416259,0,0,1490,-125.190708259505,394.649999999972,166.084181242275,-427.04126882015
6530,2120.66125082506,0,0,1491,38.258824206936396,683.5538512070481,320.849999999993,-413.00142458892196
6531,2375.0265324942998,0,0,1492,38.360071527421105,789.3,453.75042148738,-398.383960520504
6532,2363.90794028433,0,0,1493,14.8349079289344,683.553851207054,555.728501608476,-383.209320460137
6533,2188.00090978139,0,0,1494,47.0150345658068,394.649999999982,619.834602729697,-367.498727514094
6534,1837.88440464224,0,0,1495,52.4585590093954,5.4914407565768e-11,641.7,-351.27415436721196
6535,1287.3812791467599,0,0,1496,-99.24503103086641,-394.649999999964,619.8346027297,-334.558292552111
6536,1142.94688837195,0,0,1497,91.14675868361651,-683.553851207088,555.728501608462,-317.374520713043
6537,955.67613698234,0,0,1498,92.9725874036693,-789.3,453.75042148741204,-299.746871908741
6538,807.150231198797,0,0,1499,-47.445917594146096,-683.5538512070581,320.85,-281.699999999999
6539,1042.41047827747,0,0,1500,34.23544220426339,-394.650000000067,166.084181242318,-263.259145169048
6540,1323.49226914338,0,0,1501,66.9423677622525,-6.342353965765639e-11,2.57816327114647e-11,-244.450098618835
6541,1349.37691664199,0,0,1502,-155.889735613995,394.650000000035,-166.084181242303,-225.299166501743
6542,1630.6577698338099,0,0,1503,-29.212948245216104,683.5538512070391,-320.849999999987,-205.83313312803003
6543,1706.25884475362,0,0,1504,52.7884897465633,789.3,-453.75042148740096,-186.07922350554298
6544,1420.1311364164499,0,0,1505,-46.629147919039795,683.553851207062,-555.728501608472,-166.065065263103
6545,1141.88730841377,0,0,1506,6.89056115414175,394.650000000074,-619.834602729686,-145.818650010762
6546,733.9531156145199,0,0,1507,-5.97859019447405,-1.78003492641267e-11,-641.7,-125.36829419098801
6547,411.95638822681804,0,0,1508,23.1835904321218,-394.65000000002703,-619.834602729692,-104.74259947558399
6548,223.394430500022,0,0,1509,37.6471960791984,-683.553851207035,-555.7285016084829,-83.97041276365721
6549,255.14801505895198,0,0,1510,51.279222382971,-789.3,-453.750421487417,-63.0807858366024
6550,390.853933979079,0,0,1511,-73.639280087175,-683.5538512071109,-320.850000000038,-42.102934726596295
6551,910.627569776154,0,0,1512,-19.572050126268,-394.65000000000396,-166.08418124228902,-21.0661988552849
6552,1578.03720156684,0,0,1513,65.0372015668297,9.291217172238278e-12,3.7768744833557e-12,-1.24193881195131e-12
6553,2126.61612256624,0,0,1514,30.8157424687536,394.649999999942,166.084181242261,21.066198855278397
6554,2459.15630189223,0,0,1515,-102.350484041372,683.553851207031,320.849999999981,42.1029347265899
6555,2814.0931252264504,0,0,1516,-8.03808209757353,789.3,453.75042148742205,63.0807858366039
6556,2820.0700405100897,0,0,1517,-20.1827250691005,683.553851207071,555.7285016084691,83.97041276365479
6557,2548.88276712063,0,0,1518,-88.34443508465941,394.650000000011,619.834602729694,104.74259947558599
6558,2337.2688154088396,0,0,1519,51.200521217848994,-7.8208508034987e-13,641.7,125.368294190989
6559,1976.8333737745102,0,0,1520,85.8301210339847,-394.649999999935,619.834602729703,145.81865001076
6560,1455.58478130906,0,0,1521,-103.65493435544701,-683.553851207071,555.7285016084691,166.065065263105
6561,1368.83363726987,0,0,1522,-3.6960077230925203,-789.3,453.750421487421,186.079223505537
6562,1337.45010726464,0,0,1523,-28.679174656325397,-683.553851207075,320.850000000012,205.83313312802397
6563,1624.8265410045,0,0,1524,104.09319326048599,-394.650000000018,166.084181242296,225.29916650174098
6564,1800.95684229901,0,0,1525,31.506743680236397,-9.746006802521009e-11,3.96174620877849e-11,244.450098618829
6565,2157.5018089394002,0,0,1526,139.676845012642,394.65000000000504,-166.08418124229,263.25914516904203
6566,2192.6449759947895,0,0,1527,21.2411247877289,683.553851207067,-320.850000000007,281.7
6567,2161.8219011015303,0,0,1528,-1.4745493198176298,789.3,-453.75042148739095,299.746871908739
6568,1862.4520227133498,0,0,1529,-111.74784759831101,683.553851207079,-555.728501608466,317.374520713045
6569,1484.85356931862,0,0,1530,-154.520120503737,394.64999999994797,-619.834602729701,334.558292552112
6570,1182.32392824036,0,0,1531,-58.250226126863794,1.62361791034269e-11,-641.7,351.274154367207
6571,828.946806420394,0,0,1532,-56.067318364007704,-394.64999999999804,-619.834602729695,367.498727514095
6572,652.918855930808,0,0,1533,-24.0081117138164,-683.5538512070179,-555.7285016084901,383.209320460133
6573,687.068069004766,0,0,1534,-2.26547002830661,-789.3,-453.75042148742597,398.383960520499
6574,965.824738815513,0,0,1535,22.2271654336146,-683.5538512070391,-320.849999999987,413.00142458892304
6575,1287.8093646517698,0,0,1536,-114.49772292603599,-394.65000000003306,-166.084181242303,427.041268820146
6576,2126.40744378184,0,0,1537,148.92358655939302,-2.4745311195315398e-11,-1.00589548929646e-11,440.483857222487
6577,2552.06005721805,0,0,1538,0.0154868552377866,394.64999999999003,166.084181242283,453.310389120541
6578,3152.42240813479,0,0,1539,143.515631478178,683.553851207014,320.849999999969,465.502925449631
6579,3384.70905885213,0,0,1540,124.61422351950199,789.3,453.75042148741204,477.044413845215
6580,3273.4692755337,0,0,1541,5.268210226025349,683.553851207043,555.72850160848,487.918712492154
6581,2952.09638062065,0,0,1542,-102.498834809573,394.65000000004096,619.83460272969,498.110612700495
6582,2594.20144296749,0,0,1543,-98.10441720876801,3.32544432872038e-11,641.7,507.605860176224
6583,2255.22194504318,0,0,1544,-30.3538326437607,-394.649999999905,619.8346027297071,516.391174957143
6584,1895.6447183462801,0,0,1545,-45.9842020412837,-683.553851207054,555.728501608476,524.454269986144
6585,1874.8096277493398,0,0,1546,132.575337966199,-789.3,453.750421487405,531.783868295734
6586,1742.9655508677401,0,0,1547,20.299683294898802,-683.553851207092,320.850000000024,538.369718779911
6587,1828.5707870219396,0,0,1548,-35.0660047515871,-394.650000000048,166.084181242309,544.202610531261
6588,1969.2244305292102,0,0,1549,-129.04995519405898,4.7969445634579394e-11,-1.9499552301855803e-11,549.27438572324
6589,2297.69267527047,0,0,1550,-34.4510945068642,394.649999999976,-166.084181242276,553.577951019634
6590,2483.1444307071697,0,0,1551,12.333292004877,683.55385120705,-320.849999999995,557.107287495237
6591,2575.9611938245603,0,0,1552,128.554156258118,789.3,-453.750421487407,559.857459053853
6592,2150.92041126674,0,0,1553,-91.72955766377041,683.553851207096,-555.728501608459,561.824619331877
6593,1857.1010188748398,0,0,1554,-34.7203954732202,394.64999999997804,-619.8346027296981,563.006017077784
6594,1563.9002309712698,0,0,1555,87.2002309712234,5.02727074709806e-11,-641.7,563.4
6595,1149.31582294885,0,0,1556,44.794408600734606,-394.64999999996803,-619.834602729699,563.006017077784
6596,845.3076090039549,0,0,1557,-34.2346575123966,-683.553851207046,-555.728501608479,561.824619331877
6597,874.5127911664639,0,0,1558,-0.29424639995344704,-789.3,-453.750421487436,559.857459053853
6598,1114.30284302158,0,0,1559,2.5994067333985402,-683.553851207055,-320.849999999999,557.107287495238
6599,1534.01955141021,0,0,1560,-18.824218367156,-394.64999999998497,-166.084181242281,553.577951019634
6600,2201.31769469871,0,0,1561,91.0433089755486,-5.8781839562869e-11,-2.38947842692848e-11,549.27438572324
6601,2701.16689892882,0,0,1562,34.2301071553237,394.64999999996104,166.08418124227,544.202610531261
6602,3050.5783827922496,0,0,1563,-55.19518719476871,683.553851207086,320.85000000002003,538.369718779911
6603,3287.3272237818,0,0,1564,-51.50706600134279,789.3,453.750421487402,531.783868295735
6604,3378.5405587980604,0,0,1565,49.803935996384894,683.5538512070599,555.7285016084729,524.454269986145
6605,3137.03853617646,0,0,1566,40.1627584895522,394.65000000007007,619.8346027296869,516.391174957146
6606,2648.24159020119,0,0,1567,-68.064269975098,6.72909716547574e-11,641.7,507.605860176224
6607,2342.34852896285,0,0,1568,51.0533135326898,-394.65000000003096,619.834602729691,498.110612700497
6608,1868.6749670899399,0,0,1569,-60.4183958036625,-683.5538512070369,555.728501608482,487.918712492154
6609,1762.45063506905,0,0,1570,50.95579973642101,-789.3,453.750421487415,477.044413845216
6610,1708.2075158911402,0,0,1571,34.4084416485651,-683.553851207064,320.850000000005,465.502925449631
6611,1731.4752283565601,0,0,1572,-65.2693420062276,-394.650000000077,166.08418124232298,453.31038912054197
6612,1940.07699342773,0,0,1573,-73.4068637947708,1.3932917267025698e-11,-5.66372292553555e-12,440.48385722248804
6613,2288.12219687258,0,0,1574,58.5151092947119,394.650000000024,-166.084181242298,427.041268820147
6614,2398.89848582167,0,0,1575,48.193210025690604,683.553851207033,-320.84999999998297,413.001424588927
6615,2276.6521078015303,0,0,1576,-33.2814312315745,789.3,-453.750421487397,398.383960520502
6616,2126.5976185393,0,0,1577,38.5629484805039,683.553851207113,-555.728501608452,383.209320460139
6617,1724.9283788301002,0,0,1578,4.61425404569274,394.650000000007,-619.834602729694,367.498727514095
6618,1365.4156699859,0,0,1579,76.84151561869571,-5.423785175137339e-12,-641.7,351.274154367211
6619,1024.00464353836,0,0,1580,123.93095371588801,-394.649999999939,-619.834602729703,334.558292552113
6620,590.692085696364,0,0,1581,-68.4000822011659,-683.5538512070291,-555.728501608486,317.374520713045
6621,662.125033618442,0,0,1582,23.4285831970966,-789.3,-453.750421487394,299.74687190874
6622,1009.7292586096302,0,0,1583,149.43310981670498,-683.553851207073,-320.850000000011,281.700000000004
6623,1256.11029773845,0,0,1584,-30.414666188283,-394.650000000014,-166.084181242294,263.25914516904203
6624,1871.65581925762,0,0,1585,42.2057206387924,-3.08534691675107e-12,-1.25419176262458e-12,244.45009861883
6625,2367.8804462283397,0,0,1586,-4.15290151558985,394.649999999931,166.084181242256,225.299166501745
6626,2810.50171026846,0,0,1587,13.264725933354699,683.553851207069,320.85000000000804,205.83313312802798
6627,3011.8640727082106,0,0,1588,-5.265572284728901,789.3,453.75042148739306,186.079223505545
6628,3172.0534852282503,0,0,1589,177.706067149604,683.5538512070771,555.728501608466,166.065065263105
6629,2671.1189072954003,0,0,1590,-79.1843454450725,394.650000000022,619.834602729693,145.81865001076
6630,2375.97178760815,0,0,1591,17.9034934170544,1.0132750002231099e-10,641.7,125.36829419098999
6631,1928.15819955618,0,0,1592,6.23099735089971,-394.65000000000197,619.834602729695,104.742599475587
6632,1622.7048429139902,0,0,1593,73.55977974892421,-683.553851207065,555.728501608471,83.9704127636553
6633,1329.22590678286,0,0,1594,7.69469945882454,-789.3,453.750421487425,63.0807858366084
6634,1399.6455858999302,0,0,1595,125.246502380406,-683.553851207081,320.850000000017,42.1029347265904
6635,1369.72584331252,0,0,1596,-18.774536785071604,-394.64999999995104,166.084181242266,21.066198855279
6636,1618.06987869983,0,0,1597,21.0698786998405,-2.0103611100527897e-11,8.17210645078471e-12,3.31253429925148e-12
6637,1837.4501537972303,0,0,1598,31.9505338947998,394.64999999999395,-166.084181242285,-21.066198855280398
6638,1927.8554327893698,0,0,1599,8.25451630891711,683.553851207016,-320.84999999997103,-42.1029347265878
6639,1884.64460878325,0,0,1600,12.1758161072425,789.3,-453.750421487388,-63.0807858366018
6640,1614.5915633325,0,0,1601,-30.2633735024008,683.55385120704,-555.728501608481,-83.9704127636567
6641,1303.1748137341801,0,0,1602,31.1020159394165,394.650000000037,-619.834602729691,-104.74259947558399
6642,857.3910472998421,0,0,1603,21.459341490800103,2.86127431924163e-11,-641.7,-125.368294190987
6643,463.91166652555495,0,0,1604,20.214919266000102,-394.649999999987,-619.834602729697,-145.818650010762
6644,139.155624041564,0,0,1605,-60.496957879831896,-683.553851207012,-555.7285016084929,-166.065065263099
6645,215.457849738609,0,0,1606,38.5874947315515,-789.3,-453.750421487404,-186.07922350553798
6646,468.54993071199004,0,0,1607,71.7869150470557,-683.553851207045,-320.849999999991,-205.83313312803003
6647,961.8611807707041,0,0,1608,139.89452851479402,-394.65000000004403,-166.08418124230698,-225.299166501739
6648,1436.80468447199,0,0,1609,72.254783090878,-3.7121875284304704e-11,-1.50900211389448e-11,-244.450098618831
6649,1962.18033604436,0,0,1610,54.7052999712556,394.649999999902,166.084181242243,-263.25914516904
6650,2361.1060786694898,0,0,1611,27.4022274624358,683.553851207053,320.849999999996,-281.699999999999
6651,2453.6430082237803,0,0,1612,-101.66054135488599,789.3,453.75042148740897,-299.746871908741
6652,2567.0652968720897,0,0,1613,32.1574647695843,683.553851207094,555.72850160846,-317.374520713043
6653,2444.6428308155605,0,0,1614,150.716520637927,394.65000000005097,619.834602729689,-334.558292552111
6654,1902.67461538555,0,0,1615,-2.75123024719194,-4.41020136374784e-11,641.7,-351.27415436721196
6655,1432.29051318303,0,0,1616,-41.3953620326062,-394.649999999972,619.834602729699,-367.49872751409
6656,1116.39391257556,0,0,1617,10.4285826342644,-683.5538512070481,555.728501608478,-383.209320460134
6657,902.167708504066,0,0,1618,18.101247537160102,-789.3,453.75042148740897,-398.383960520503
6658,816.276688866241,0,0,1619,-27.0180353377673,-683.553851207098,320.850000000029,-413.00142458892196
6659,944.0207156041811,0,0,1620,-20.372196817969602,-394.649999999981,166.084181242279,-427.041268820147
6660,1305.29595584571,0,0,1621,124.779813068228,-5.4140139468081504e-11,2.2007935827105e-11,-440.48385722248594
6661,1375.93262309884,0,0,1622,-21.3228065383176,394.64999999996496,-166.084181242272,-453.31038912054
6662,1462.5297132488902,0,0,1623,-57.671212508529905,683.553851207044,-320.84999999999,-465.502925449632
6663,1533.71447208245,0,0,1624,51.209307415040904,789.3,-453.750421487378,-477.044413845214
6664,1258.89913944459,0,0,1625,-6.007497661839389,683.553851207057,-555.728501608474,-487.918712492153
6665,1016.64237745749,0,0,1626,113.937592887698,394.64999999998804,-619.834602729697,-498.110612700498
6666,516.343309785132,0,0,1627,38.6491699612903,6.264927155996989e-11,-641.7,-507.60586017622103
6667,122.673774221668,0,0,1628,25.5495519084691,-394.64999999995797,-619.8346027297,-516.391174957144
6668,-202.15221435723,0,0,1629,-67.4155915555376,-683.553851207085,-555.728501608463,-524.454269986144
6669,-135.06856224562299,0,0,1630,9.76572753752466,-789.3,-453.75042148741403,-531.783868295733
6670,70.45911961121891,0,0,1631,-17.767310401805002,-683.553851207062,-320.85000000000304,-538.369718779911
6671,523.709689841439,0,0,1632,-3.35351838490616,-394.650000000073,-166.084181242321,-544.20261053126
6672,1075.98178499358,0,0,1633,-7.7438292830826105,-7.115840365185829e-11,-2.89258505152651e-11,-549.274385723239
6673,1702.70368007729,0,0,1634,61.547449854592294,394.650000000028,166.0841812423,-553.5779510196351
6674,2028.3177669160102,0,0,1635,-53.9787967957732,683.553851207035,320.849999999985,-557.107287495237
6675,2354.40848748923,0,0,1636,35.2155250556861,789.3,453.75042148739897,-559.857459053853
6676,2368.41380417508,0,0,1637,53.9560706914236,683.5538512070659,555.728501608471,-561.824619331877
6677,1974.4235980320602,0,0,1638,-115.054987619926,394.65000000008104,619.834602729685,-563.006017077784
6678,1716.1112188395998,0,0,1639,-1.18878116039065,-1.00654852699248e-11,641.7,-563.4
6679,1304.13651486077,0,0,1640,1.95792920888176,-394.65000000002,619.834602729693,-563.006017077784
6680,864.921607351461,0,0,1641,-86.4284237181156,-683.553851207031,555.728501608485,-561.824619331877
6681,799.2111574774871,0,0,1642,52.61819504392079,-789.3,453.750421487419,-559.857459053853
6682,775.403308905625,0,0,1643,52.2144476079377,-683.553851207115,320.850000000041,-557.107287495238
6683,863.975344282215,0,0,1644,2.1191140595678704,-394.65000000001,166.084181242292,-553.5779510196351
6684,1056.78266395585,0,0,1645,-38.9429503209141,1.55635317803639e-12,-6.32656679555273e-13,-549.274385723239
6685,1378.73505329913,0,0,1646,48.3718450727181,394.649999999935,-166.08418124225798,-544.202610531263
6686,1463.84970539956,0,0,1647,-7.4844270275784694,683.5538512070269,-320.84999999997797,-538.369718779912
6687,1499.32258100432,0,0,1648,47.556870787471,789.3,-453.75042148742006,-531.783868295734
6688,1279.1779005881801,0,0,1649,26.806820975719,683.553851207075,-555.728501608467,-524.454269986146
6689,954.884554536232,0,0,1650,46.4603322230534,394.650000000018,-619.834602729693,-516.391174957145
6690,383.644054599544,0,0,1651,-118.05008522424,6.952778913852009e-12,-641.7,-507.605860176223
6691,267.51085448465597,0,0,1652,128.106069914786,-394.64999999992796,-619.834602729704,-498.110612700498
6692,-85.29281727696991,0,0,1653,-11.091751969279,-683.5538512070681,-555.72850160847,-487.918712492153
6693,-14.5670861335546,0,0,1654,51.5277491990861,-789.3,-453.75042148742403,-477.044413845217
6694,198.54693925107398,0,0,1655,13.4537159077996,-683.553851207079,-320.850000000015,-465.502925449632
6695,633.710024819896,0,0,1656,-8.24540481723941,-394.65000000002505,-166.084181242299,-453.31038912054
6696,1330.25510016307,0,0,1657,113.738957385714,-1.0519493201941201e-10,-4.2761679891585395e-11,-440.483857222491
6697,1946.7677165225,0,0,1658,155.074804100364,394.64999999999804,166.084181242287,-427.041268820151
6698,2214.64487635248,0,0,1659,-35.7575502656599,683.553851207063,320.850000000004,-413.00142458892304
6699,2425.50186441207,0,0,1660,-79.16459655481749,789.3,453.750421487389,-398.383960520504
6700,2560.0490418989802,0,0,1661,42.9760095435664,683.553851207083,555.728501608464,-383.209320460137
6701,2222.77698884435,0,0,1662,-86.2088863712144,394.649999999955,619.834602729701,-367.498727514094
6702,2013.6623043652498,0,0,1663,60.236458732442706,2.3971043097628803e-11,641.7,-351.27415436721196
6703,1560.9270520392802,0,0,1664,6.300741861689009,-394.649999999991,619.8346027296959,-334.558292552111
6704,1353.8231102325901,0,0,1665,134.022980544215,-683.553851207059,555.728501608474,-317.37452071304403
6705,984.508507342321,0,0,1666,-46.1950422363659,-789.3,453.750421487429,-299.746871908741
6706,955.499047232564,0,0,1667,-67.0971015603842,-683.553851207042,320.849999999989,-281.699999999999
6707,1127.74005900835,0,0,1668,-48.4349770648654,-394.65000000004,166.08418124230602,-263.259145169048
6708,1338.39685988371,0,0,1669,-86.1530414974312,-3.2480175189517197e-11,1.3203172696765e-11,-244.450098618835
6709,1778.46151811058,0,0,1670,105.194865854612,394.649999999984,-166.08418124228,-225.29916650174
6710,1960.0806732192898,0,0,1671,132.209955140278,683.55385120701,-320.849999999967,-205.83313312803003
6711,1853.8908656648898,0,0,1672,32.4205106578424,789.3,-453.75042148741,-186.07922350554298
6712,1686.46905787707,0,0,1673,51.7087735416096,683.5538512070469,-555.728501608479,-166.065065263103
6713,1230.1532616088,0,0,1674,-72.843485650791,394.650000000047,-619.834602729689,-145.818650010762
6714,1002.2546961884599,0,0,1675,94.3229903794095,4.09893072814056e-11,-641.7,-125.36829419098801
6715,531.814188074722,0,0,1676,-24.9586097199504,-394.65000000005404,-619.834602729689,-104.74259947558501
6716,360.0265567004,0,0,1677,6.27932227958507,-683.553851207051,-555.728501608477,-83.97041276365741
6717,500.54175635062995,0,0,1678,128.67296367464,-789.3,-453.750421487408,-63.080785836602494
6718,694.362668671743,0,0,1679,61.869454605461904,-683.553851207096,-320.850000000027,-42.1029347265965
6719,1060.88410310621,0,0,1680,-37.3155167961382,-394.650000000055,-166.08418124231198,-21.0661988552851
6720,-1.7794582452469099,0,0,-3,1.2205417547530901,0.0,0.0,0.0
6721,90.6953001863079,0,0,-6,-1.8972353165920701,79.5,17.185584594807402,1.9069509080926101
6722,166.46002640120702,0,0,-9,0.75075242657382,137.698039201726,33.2,3.8112347729076403
6723,190.541829543659,0,0,-12,-9.120249008396211,159.0,46.9518902707868,5.7101882812687
6724,184.921060383331,0,0,-15,-2.88222120466609,137.698039201726,57.504086811286705,7.601155574984901
6725,141.346301346219,0,0,-18,6.2273345153161594,79.5,64.1374748655941,9.481491965308642
6726,57.5642450248357,0,0,-21,0.8156773930636121,1.9471884106442904e-14,66.4,11.348567631772001
6727,-28.8825890734525,0,0,-24,-2.71983523927518,-79.5,64.1374748655941,13.199771300228601
6728,-103.127611190735,0,0,-27,-10.966172695252302,-137.698039201726,57.504086811286705,15.0325138949561
6729,-122.265753780259,0,0,-30,2.9381237892412204,-159.0,46.9518902707868,16.8442321597135
6730,-114.975760275789,0,0,-33,3.8898866832509498,-137.698039201726,33.2,18.6323922426861
6731,-76.5143504577601,0,0,-36,1.40557170712574,-79.5000000000001,17.185584594807402,20.3944932403068
6732,-24.5447364193056,0,0,-39,-7.672807114301079,-3.894376821288581e-14,8.131654746338429e-15,22.1280706949955
6733,39.112581868477605,0,0,-42,-5.03253357864117,79.5,-17.185584594807402,23.8307000419262
6734,87.0501543899116,0,0,-45,2.05211518818585,137.698039201726,-33.2,25.5
6735,86.50412970990601,0,0,-48,-4.677615921589441,159.0,-46.951890270786706,27.1336359022822
6736,56.3269385136664,0,0,-51,-1.5963368380174,137.698039201726,-57.504086811286705,28.729322961244698
6737,-10.8774610504934,0,0,-54,-2.5248156491477998,79.5,-64.1374748655941,30.2848294642486
6738,-82.3417051565001,0,0,-57,9.260314948704501,5.841565231932869e-14,-66.4,31.7979798947954
6739,-164.770953838788,0,0,-60,5.59986305162189,-79.4999999999999,-64.1374748655941,33.266657975184195
6740,-224.945678987826,0,0,-63,-1.4323626011300001,-137.698039201726,-57.504086811286705,34.6888096263169
6741,-229.181881763321,0,0,-66,6.70756266695148,-159.0,-46.9518902707868,36.062445840513895
6742,-199.196127752606,0,0,-69,3.3162659857982897,-137.698039201726,-33.2,37.3856454633211
6743,-135.155130841599,0,0,-72,-5.12610412720976,-79.5000000000002,-17.185584594807402,38.6565578804181
6744,-37.4351628843467,0,0,-75,-2.3085684902161003,-7.78875364257717e-14,-1.6263309492676902e-14,39.8734056058695
6745,74.5917085797352,0,0,-78,14.8716372168276,79.5000000000001,17.185584594807402,41.0344867681001
6746,131.862218333458,0,0,-81,-0.17399835838312697,137.698039201726,33.2,42.1381774901157
6747,158.917134330741,0,0,-84,-6.21769010068841,159.0,46.951890270786706,43.1829341606425
6748,144.010602080854,0,0,-87,-8.35881952516472,137.698039201726,57.504086811286705,44.1672955930064
6749,99.2251911154846,0,0,-90,0.497831181155399,79.5,64.1374748655941,45.08988506873511
6750,36.326799460569504,0,0,-93,16.9773871975457,3.7980015799685404e-13,66.4,45.9494122630234
6751,-57.2825860066037,0,0,-96,7.3352640784332,-79.4999999999998,64.1374748655941,46.7446750493688
6752,-128.490774547714,0,0,-99,3.22861666187059,-137.698039201726,57.50408681128679,47.474561180854394
6753,-161.671986038721,0,0,-102,4.23807384476561,-159.0,46.951890270786706,48.1380498457267
6754,-166.210531100377,0,0,-105,-5.44670499374431,-137.698039201726,33.2,48.7342130950932
6755,-123.89205782176599,0,0,-108,-2.8398595573155294,-79.5,17.185584594807402,49.2622171407425
6756,-55.7140964637644,0,0,-111,5.5645800149626305,-1.16831304638657e-13,2.43949642390153e-14,49.721323521273
6757,-0.969791958245941,0,0,-114,0.604902501663895,79.4999999999998,-17.1855845948073,50.1108901348977
6758,40.364949243465,0,0,-117,2.43653790425777,137.698039201726,-33.1999999999999,50.430372137481605
6759,39.1776999221927,0,0,-120,-3.5497325115759395,159.0,-46.951890270786706,50.679322704555396
6760,-5.2028987416415795,0,0,-123,-13.2542447883208,137.698039201726,-57.504086811286705,50.857393656240205
6761,-56.4435486333893,0,0,-126,3.22959028799596,79.5000000000005,-64.1374748655941,50.9643359442083
6762,-148.388296332267,0,0,-129,-3.98829633226694,1.3630318874510002e-13,-66.4,51.0
6763,-234.050201306033,0,0,-132,-9.377062384647608,-79.4999999999998,-64.1374748655941,50.9643359442083
6764,-268.355446953107,0,0,-135,10.9892854036655,-137.698039201726,-57.50408681128679,50.857393656240205
6765,-297.383800958704,0,0,-138,-4.11123339247275,-159.0,-46.951890270786706,50.679322704555396
6766,-269.753887817243,0,0,-141,-8.286220752998691,-137.698039201726,-33.2000000000001,50.430372137481605
6767,-189.18516865260102,0,0,-144,1.3895258073082701,-79.5000000000001,-17.185584594807402,50.1108901348977
6768,-98.471725654537,0,0,-147,-1.19304917580981,-1.55775072851543e-13,-3.2526618985353703e-14,49.721323521273
6769,-3.06547995158921,0,0,-150,0.9867183128612099,79.4999999999998,17.1855845948073,49.2622171407425
6770,64.8679476857728,0,0,-153,-1.76430461104628,137.698039201726,33.2,48.7342130950932
6771,95.9162959605669,0,0,-156,-2.1736441559465103,159.0,46.951890270786706,48.1380498457267
6772,80.9657518210633,0,0,-159,-2.7109353728035295,137.698039201726,57.504086811286705,47.474561180854394
6773,44.1918899950266,0,0,-162,15.8097400800636,79.5000000000001,64.1374748655941,46.7446750493688
6774,-57.105188501846705,0,0,-165,-4.4546007648703,1.75246956957986e-13,66.4,45.9494122630234
6775,-139.127317525631,0,0,-168,-0.854677459959687,-79.5000000000002,64.1374748655941,45.08988506873511
6776,-204.43278333290502,0,0,-171,2.59387346452745,-137.698039201726,57.50408681128679,44.1672955930064
6777,-251.550238433696,0,0,-174,-8.68506286512521,-159.0,46.9518902707868,43.1829341606425
6778,-242.134727534639,0,0,-177,-2.77486582302903,-137.698039201726,33.2,42.1381774901157
6779,-200.14940109538503,0,0,-180,1.13052754170718,-79.5000000000001,17.185584594807402,41.0344867681001
6780,-142.954514992495,0,0,-183,0.172079401636363,-7.596003159937091e-13,1.5860836786786901e-13,39.8734056058695
6781,-89.49357382970591,0,0,-186,-4.46454711531643,79.4999999999998,-17.1855845948073,38.6565578804181
6782,-45.47413662970321,0,0,-189,1.64217870525002,137.698039201726,-33.1999999999999,37.3856454633211
6783,-38.8629863557199,0,0,-192,5.02645807455299,159.0,-46.9518902707868,36.062445840513895
6784,-81.3471720064111,0,0,-195,-1.2299340231673999,137.698039201726,-57.504086811286705,34.6888096263169
6785,-156.31848839482,0,0,-198,-6.947671504409831,79.5000000000001,-64.1374748655941,33.266657975184195
6786,-234.123418777261,0,0,-201,1.4786013279437602,-3.5069074975840805e-13,-66.4,31.7979798947954
6787,-320.212006651011,0,0,-204,-2.8593612496653096,-79.4999999999997,-64.1374748655942,30.2848294642486
6788,-377.57479377122,0,0,-207,-4.1019907194524,-137.698039201726,-57.504086811286705,28.729322961244698
6789,-394.204216686812,0,0,-210,-5.3859623183075,-159.0,-46.9518902707868,27.1336359022822
6790,-365.31438342081805,0,0,-213,-6.91634421909197,-137.698039201726,-33.2,25.5
6791,-285.23614153453997,0,0,-216,3.6187430183405205,-79.49999999999959,-17.1855845948073,23.8307000419262
6792,-198.663438598753,0,0,-219,-1.79150929374841,-2.33662609277315e-13,-4.87899284780306e-14,22.1280706949955
6793,-106.60992642086201,0,0,-222,-1.6900042559748603,79.4999999999992,17.1855845948072,20.3944932403068
6794,-43.545343924450904,0,0,-225,-8.07577536886253,137.698039201726,33.1999999999999,18.6323922426861
6795,7.31464484781451,0,0,-228,12.5185224173142,159.0,46.9518902707868,16.8442321597135
6796,-3.0894756809469803,0,0,-231,17.675884411084198,137.698039201726,57.504086811286705,15.0325138949561
6797,-73.77139642162,0,0,-234,3.39135741255716,79.5000000000001,64.1374748655941,13.199771300228601
6798,-151.509587710021,0,0,-237,7.74184465820621,8.18015968313038e-13,66.4,11.348567631772001
6799,-248.954359899529,0,0,-240,-3.0733267304323597,-79.4999999999997,64.1374748655942,9.481491965308642
6800,-326.591556832273,0,0,-243,-10.9987600168185,-137.698039201726,57.504086811286705,7.601155574984911
6801,-354.509982099456,0,0,-246,-2.17206065151171,-159.0,46.9518902707868,5.71018828126871
6802,-358.502719161475,0,0,-249,-8.815914732656491,-137.698039201726,33.2000000000002,3.81123477290766
6803,-305.497382608808,0,0,-252,6.91008188829183,-79.4999999999997,17.1855845948073,1.9069509080926001
6804,-247.841609876512,0,0,-255,7.158390123487821,-2.7260637749020105e-13,5.6921583224369e-14,6.2456986756515004e-15
6805,-185.309641735127,0,0,-258,12.282893767773302,79.5000000000002,-17.185584594807402,-1.9069509080926101
6806,-161.918025808454,0,0,-261,-1.60483023727184,137.698039201726,-33.1999999999999,-3.81123477290762
6807,-161.300749040748,0,0,-264,-3.63867048869276,159.0,-46.9518902707866,-5.710188281268691
6808,-199.16441002081402,0,0,-267,-4.75720683626898,137.698039201726,-57.504086811286705,-7.60115557498488
6809,-266.921801468612,0,0,-270,-2.8028346377098297,79.5000000000002,-64.1374748655941,-9.481491965308651
6810,-353.816874953008,0,0,-273,-3.06830732123554,-2.72803213332636e-13,-66.4,-11.348567631772001
6811,-438.55554345144,0,0,-276,-5.718297285617879,-79.4999999999997,-64.1374748655942,-13.199771300228601
6812,-488.435059118154,0,0,-279,0.7995807898144521,-137.698039201725,-57.50408681128679,-15.0325138949561
6813,-500.580521342154,0,0,-282,4.21560108834578,-159.0,-46.9518902707868,-16.8442321597135
6814,-483.571966876104,0,0,-285,-9.04153543169201,-137.698039201726,-33.2,-18.6323922426861
6815,-389.19269184723504,0,0,-288,15.887385987878499,-79.4999999999997,-17.1855845948073,-20.3944932403068
6816,-322.50613246661703,0,0,-291,-9.37806177162073,-3.1155014570308697e-13,-6.505323797070741e-14,-22.1280706949955
6817,-237.96521027661498,0,0,-294,-16.820094829495098,79.49999999999909,17.1855845948072,-23.830700041926104
6818,-153.794077568065,0,0,-297,-2.1921167697905504,137.698039201725,33.1999999999999,-25.5
6819,-116.80381017880501,0,0,-300,4.37793545269039,159.0,46.9518902707868,-27.1336359022822
6820,-133.387141314587,0,0,-303,3.14005563364563,137.698039201726,57.50408681128679,-28.729322961244698
6821,-203.036983680813,0,0,-306,-10.389629082158699,79.5000000000002,64.1374748655941,-30.2848294642486
6822,-270.243266153035,0,0,-309,4.1547137417591395,8.959035047388091e-13,66.4,-31.7979798947954
6823,-358.774471799957,0,0,-312,1.85471130963215,-79.49999999999959,64.1374748655942,-33.266657975184195
6824,-427.538016458164,0,0,-315,2.34474555859189,-137.698039201726,57.504086811286705,-34.6888096263169
6825,-459.70731359213204,0,0,-318,6.403241977595661,-159.0,46.951890270786706,-36.062445840513895
6826,-460.0354165278201,0,0,-321,2.84826813722678,-137.698039201726,33.2,-37.3856454633211
6827,-423.126906949846,0,0,-324,1.84406633576507,-79.50000000000071,17.1855845948075,-38.6565578804181
6828,-347.66437072348396,0,0,-327,19.2090348823857,-3.50493913915972e-13,7.318489271704581e-14,-39.8734056058695
6829,-301.373033643796,0,0,-330,7.34703771911221,79.49999999999909,-17.1855845948072,-41.0344867681001
6830,-268.797203850899,0,0,-333,1.84293443749081,137.698039201726,-33.2000000000001,-42.1381774901157
6831,-268.597902886886,0,0,-336,-1.46307845545649,159.0,-46.951890270786706,-43.1829341606425
6832,-306.718067878149,0,0,-339,-3.74472467558257,137.698039201726,-57.504086811286705,-44.1672955930064
6833,-370.88909087291,0,0,-342,0.838269061419264,79.5000000000002,-64.1374748655941,-45.08988506873511
6834,-455.33916530656603,0,0,-345,2.01024695645648,9.348472729516949e-13,-66.4,-45.9494122630234
6835,-542.984309072657,0,0,-348,-4.602159157693531,-79.5000000000006,-64.1374748655941,-46.7446750493688
6836,-603.360075688225,0,0,-351,-9.683388494358288,-137.698039201726,-57.504086811286705,-47.474561180854394
6837,-608.656438982431,0,0,-354,-0.5664988659170551,-159.0,-46.9518902707869,-48.1380498457267
6838,-571.886353733522,0,0,-357,4.7458985632974695,-137.698039201726,-33.2,-48.7342130950932
6839,-513.9898872257451,0,0,-360,-8.04208549019452,-79.50000000000071,-17.185584594807597,-49.2622171407425
6840,-410.501521724294,0,0,-363,2.21980179698054,-1.51920063198742e-12,-3.1721673573573803e-13,-49.721323521273
6841,-317.748477310289,0,0,-366,1.67682822980077,79.5000000000001,17.185584594807402,-50.1108901348977
6842,-244.13103107477403,0,0,-369,4.401301860982009,137.698039201725,33.1999999999999,-50.430372137481605
6843,-218.492672950822,0,0,-372,-1.76524051705338,159.0,46.9518902707866,-50.679322704555396
6844,-220.557419721935,0,0,-375,10.097847921291999,137.698039201726,57.504086811286605,-50.857393656240205
6845,-284.702791055036,0,0,-378,0.6240700235777901,79.5000000000003,64.1374748655941,-50.9643359442083
6846,-352.326670924801,0,0,-381,13.273329075199499,-1.55971908693978e-13,66.4,-51.0
6847,-449.703058447659,0,0,-384,0.6238026309561979,-79.5000000000006,64.1374748655941,-50.9643359442083
6848,-518.211797787328,0,0,-387,-0.160451740649521,-137.698039201725,57.504086811286896,-50.857393656240205
6849,-553.540360772208,0,0,-390,-0.812928338439381,-159.0,46.9518902707869,-50.679322704555396
6850,-557.257443473504,0,0,-393,-9.32903213429658,-137.698039201726,33.2,-50.430372137481605
6851,-504.14255967203496,0,0,-396,4.2827458680555806,-79.4999999999998,17.1855845948073,-50.1108901348977
6852,-440.3321833320599,0,0,-399,8.38914018921288,7.01381499516815e-13,-1.4645198606263097e-13,-49.721323521273
6853,-382.242416282992,0,0,-402,6.70538545255836,79.49999999999909,-17.1855845948072,-49.2622171407425
6854,-347.020844293741,0,0,-405,2.21532959962685,137.698039201725,-33.1999999999999,-48.7342130950932
6855,-344.02087447833003,0,0,-408,0.0690656381832181,159.0,-46.951890270786706,-48.1380498457267
6856,-381.41427230908,0,0,-411,-3.1336635186648194,137.698039201726,-57.50408681128679,-47.474561180854394
6857,-444.39849728690103,0,0,-414,0.983652628062154,79.49999999999929,-64.1374748655942,-46.7446750493688
6858,-535.116458183632,0,0,-417,-5.767045920609879,1.01273480937747e-12,-66.4,-45.9494122630234
6859,-614.764127865742,0,0,-420,-6.0367679314132,-79.4999999999995,-64.1374748655942,-45.08988506873511
6860,-663.638311573539,0,0,-423,-1.26888996752038,-137.698039201726,-57.504086811286705,-44.1672955930064
6861,-663.336386303761,0,0,-426,11.7984381276688,-159.0,-46.951890270787004,-43.1829341606425
6862,-644.293048733905,0,0,-429,-2.2568320420637598,-137.698039201725,-33.1999999999998,-42.1381774901157
6863,-573.1162757571631,0,0,-432,-3.39620439425442,-79.5000000000008,-17.185584594807597,-41.0344867681001
6864,-465.45746644932404,0,0,-435,9.41593915654658,-4.6732521855463e-13,-9.75798569560611e-14,-39.8734056058695
6865,-378.317462856493,0,0,-438,1.6535104291179499,79.5,17.185584594807402,-38.6565578804181
6866,-326.32541046489,0,0,-441,-18.837804203293,137.698039201725,33.1999999999997,-37.385645463321204
6867,-263.256513214025,0,0,-444,10.854042355701802,159.0,46.9518902707869,-36.062445840513895
6868,-292.596359511936,0,0,-447,-6.1096758986314805,137.698039201726,57.504086811286605,-34.6888096263169
6869,-338.96184511737897,0,0,-450,0.6673379922106071,79.50000000000041,64.1374748655941,-33.266657975184195
6870,-407.13714505547097,0,0,-453,11.2608348393248,-7.80843722682068e-14,66.4,-31.7979798947954
6871,-500.89602691420504,0,0,-456,0.7513276844479069,-79.49999999999851,64.1374748655942,-30.2848294642486
6872,-559.318812321602,0,0,-459,8.60446303008146,-137.698039201725,57.504086811286896,-28.7293229612448
6873,-608.295589364604,0,0,-462,-7.1138437331088,-159.0,46.9518902707869,-27.1336359022822
6874,-601.920386662141,0,0,-465,-6.922347460414751,-137.698039201726,33.2000000000001,-25.5
6875,-554.2204575577169,0,0,-468,-0.07534211059830799,-79.4999999999999,17.1855845948073,-23.8307000419262
6876,-496.728813892051,0,0,-471,-3.60074319705417,-1.63603193662608e-12,3.41611699974753e-13,-22.1280706949955
6877,-422.94988815719904,0,0,-474,9.130189677916349,79.499999999999,-17.1855845948071,-20.3944932403068
6878,-379.90493879783895,0,0,-477,11.2294142431219,137.698039201725,-33.1999999999999,-18.6323922426861
6879,-372.270014221747,0,0,-480,12.5261082087534,159.0,-46.951890270786706,-16.8442321597135
6880,-413.295471788339,0,0,-483,4.54308971617807,137.698039201726,-57.50408681128679,-15.0325138949561
6881,-475.639988301088,0,0,-486,8.19725786473317,79.5000000000014,-64.1374748655941,-13.199771300228601
6882,-568.203130559696,0,0,-489,-1.4545629279248402,1.09062234580324e-12,-66.4,-11.348567631772001
6883,-641.7641421547701,0,0,-492,3.35482467613271,-79.4999999999995,-64.1374748655942,-9.48149196530867
6884,-695.499181422538,0,0,-495,2.30410016545889,-137.698039201725,-57.504086811287,-7.60115557498494
6885,-712.065136885074,0,0,-498,-2.40305833301779,-159.0,-46.9518902707871,-5.71018828126876
6886,-674.862072052174,0,0,-501,0.8472019224592391,-137.698039201725,-33.1999999999999,-3.81123477290762
6887,-603.680665029357,0,0,-504,-1.08812952645831,-79.4999999999989,-17.1855845948071,-1.9069509080926001
6888,-512.304137084968,0,0,-507,-5.30413708496733,-5.452127549804021e-13,-1.13843166448738e-13,-1.2491397351303001e-14
6889,-415.279764382846,0,0,-510,-3.8722998857455297,79.4999999999999,17.185584594807402,1.9069509080926201
6890,-345.650819767157,0,0,-513,-7.3600937417907595,137.698039201726,33.2000000000001,3.8112347729076403
6891,-299.315127739277,0,0,-516,5.0227937086677805,159.0,46.9518902707866,5.710188281268691
6892,-317.919744371731,0,0,-519,-1.72302595972838,137.698039201726,57.504086811286605,7.60115557498487
6893,-365.88941293130796,0,0,-522,2.99162023778931,79.50000000000041,64.1374748655941,9.4814919653086
6894,-447.886235063546,0,0,-525,-0.6348026953207271,2.25932906387468e-12,66.4,11.348567631772001
6895,-533.9851139042489,0,0,-528,-3.8223600700734597,-79.49999999999851,64.1374748655942,13.1997713002285
6896,-597.600643706669,0,0,-531,-1.43920521118641,-137.698039201725,57.504086811286896,15.0325138949561
6897,-621.661106907127,0,0,-534,7.54277066237285,-159.0,46.9518902707866,16.8442321597136
6898,-617.29922768403,0,0,-537,5.56641927500939,-137.698039201726,33.2000000000001,18.6323922426862
6899,-584.9868496337091,0,0,-540,-3.0669274688228603,-79.4999999999999,17.185584594807402,20.3944932403068
6900,-513.553169205211,0,0,-543,7.318760099793099,5.45606426665272e-13,-1.13925367077277e-13,22.1280706949955
6901,-454.980491755912,0,0,-546,4.8743927969698095,79.4999999999989,-17.1855845948071,23.830700041926104
6902,-433.875426549195,0,0,-549,-14.873465750920902,137.698039201725,-33.1999999999999,25.5
6903,-414.127554981101,0,0,-552,-1.3093006125963798,159.0,-46.951890270786706,27.1336359022822
6904,-447.361923868684,0,0,-555,-1.2851992203686398,137.698039201727,-57.5040868112865,28.729322961244698
6905,-509.030407618451,0,0,-558,3.32223778289267,79.5000000000014,-64.1374748655941,30.2848294642485
6906,-596.6914895919181,0,0,-561,-1.08946948671462,1.16850988222901e-12,-66.4,31.7979798947954
6907,-680.92160508967,0,0,-564,-6.55078819925911,-79.5000000000014,-64.1374748655941,33.266657975184195
6908,-732.9783725680679,0,0,-567,-5.46505618137269,-137.698039201726,-57.50408681128679,34.6888096263169
6909,-734.9128713616209,0,0,-570,4.97657306865153,-159.0,-46.951890270786706,36.062445840513895
6910,-699.762208121504,0,0,-573,6.750185616900639,-137.698039201725,-33.1999999999999,37.3856454633211
6911,-638.65323587253,0,0,-576,-4.62420915813943,-79.50000000000091,-17.185584594807597,38.6565578804181
6912,-544.269762684658,0,0,-579,-5.14316829052674,-6.231002914061729e-13,-1.30106475941415e-13,39.8734056058695
6913,-440.742721229267,0,0,-582,3.5372074078255498,79.4999999999999,17.1855845948073,41.0344867681001
6914,-352.703756589642,0,0,-585,19.2600267185176,137.698039201725,33.1999999999996,42.1381774901157
6915,-333.751726311078,0,0,-588,5.11344925749269,159.0,46.95189027078651,43.1829341606425
6916,-361.491740101291,0,0,-591,-9.86116170731066,137.698039201726,57.504086811286605,44.1672955930064
6917,-407.906276792158,0,0,-594,-2.63363672648957,79.5000000000024,64.137474865594,45.08988506873511
6918,-494.12876356934305,0,0,-597,-9.478175832366288,7.76907005833366e-14,66.4,45.9494122630234
6919,-560.6548265480429,0,0,-600,7.96302353699456,-79.50000000000041,64.1374748655941,46.7446750493688
6920,-638.411616284641,0,0,-603,-2.6922250750562,-137.698039201726,57.504086811286605,47.474561180854394
6921,-658.997012153826,0,0,-606,10.9130477296606,-159.0,46.9518902707869,48.1380498457267
6922,-667.86687794312,0,0,-609,-3.10305183648754,-137.698039201726,33.2000000000001,48.7342130950932
6923,-629.28762633028,0,0,-612,-4.23542806582996,-79.5,17.185584594807402,49.2622171407425
6924,-554.555565226501,0,0,-615,10.7231112522278,-1.79180700947762e-12,3.7413831896010705e-13,49.721323521273
6925,-491.12197979009903,0,0,-618,14.4527146698111,79.49999999999879,-17.1855845948071,50.1108901348977
6926,-477.263772164841,0,0,-621,-11.1921835040478,137.698039201725,-33.1999999999998,50.4303721374815
6927,-446.578489171695,0,0,-624,14.694078394535598,159.0,-46.9518902707864,50.679322704555396
6928,-496.148475213351,0,0,-627,-0.199821260029895,137.698039201726,-57.504086811286705,50.857393656240205
6929,-558.33583411689,0,0,-630,5.33730480449653,79.4999999999995,-64.1374748655942,50.9643359442083
6930,-635.821806554311,0,0,-633,12.5781934456899,-1.01312848106234e-12,-66.4,51.0
6931,-726.0999195016001,0,0,-636,2.57321941978494,-79.49999999999929,-64.1374748655942,50.9643359442083
6932,-776.598372585725,0,0,-639,6.7463597710470795,-137.698039201726,-57.50408681128679,50.857393656240205
6933,-790.6087714392149,0,0,-642,6.66379612701683,-159.0,-46.951890270786706,50.679322704555396
6934,-766.32706304666,0,0,-645,-0.8593959824142628,-137.698039201727,-33.2000000000003,50.430372137481605
6935,-692.061905731068,0,0,-648,2.51278872884316,-79.500000000001,-17.185584594807597,50.1108901348977
6936,-596.209703344614,0,0,-651,5.068973134114151,-7.009878278319449e-13,-1.4636978543409197e-13,49.721323521273
6937,-516.6621699122429,0,0,-654,-8.60997164779014,79.4999999999978,17.1855845948069,49.2622171407425
6938,-438.436683721341,0,0,-657,-1.06893601815821,137.698039201725,33.1999999999996,48.7342130950932
6939,-398.31688849852304,0,0,-660,7.59317138496299,159.0,46.9518902707869,48.1380498457267
6940,-430.611802465962,0,0,-663,-10.288489659828599,137.698039201725,57.504086811286896,47.474561180854394
6941,-482.085773387444,0,0,-666,-6.46792330240788,79.5000000000006,64.1374748655941,46.7446750493688
6942,-562.474567522894,0,0,-669,-5.82397978591751,1.55578237009108e-13,66.4,45.9494122630234
6943,-651.5902387195961,0,0,-672,-9.317598653925279,-79.5000000000003,64.1374748655941,45.08988506873511
6944,-705.6376199707761,0,0,-675,5.389036826655871,-137.698039201725,57.504086811286896,44.1672955930064
6945,-752.606047841957,0,0,-678,-5.740872273386789,-159.0,46.9518902707869,43.1829341606425
6946,-743.3860417364999,0,0,-681,-0.0261800248897206,-137.698039201726,33.2000000000001,42.1381774901157
6947,-701.108397305171,0,0,-684,4.17153133192299,-79.500000000002,17.1855845948078,41.0344867681001
6948,-641.783531645248,0,0,-687,5.34306274888434,-1.8696945459033897e-12,3.9040162845278295e-13,39.8734056058695
6949,-589.258091508964,0,0,-690,-0.229064794573621,79.49999999999879,-17.1855845948071,38.6565578804181
6950,-566.7888190066041,0,0,-693,-15.672503671651599,137.698039201726,-33.2000000000002,37.3856454633211
6951,-559.221144709078,0,0,-696,-11.3317002788055,159.0,-46.951890270786706,36.062445840513895
6952,-577.593947026516,0,0,-699,6.523290956728539,137.698039201726,-57.504086811286705,34.6888096263169
6953,-647.2169034566671,0,0,-702,6.15391343374303,79.49999999999959,-64.1374748655942,33.266657975184195
6954,-722.929223632309,0,0,-705,16.6727964728938,1.3242849550805501e-12,-66.4,31.7979798947954
6955,-823.0729243642461,0,0,-708,-1.7202789629013702,-79.49999999999929,-64.1374748655942,30.2848294642486
6956,-863.617448406946,0,0,-711,13.8553546448213,-137.698039201726,-57.50408681128679,28.7293229612448
6957,-893.2934174509539,0,0,-714,-0.475163082449252,-159.0,-46.9518902707871,27.1336359022822
6958,-853.108382021251,0,0,-717,9.28965718047573,-137.698039201727,-33.2000000000003,25.5000000000001
6959,-787.27537230233,0,0,-720,5.57951225055305,-79.5000000000011,-17.185584594807597,23.8307000419262
6960,-683.787044038285,0,0,-723,17.0848852667229,-3.03840126397484e-12,-6.344334714714749e-13,22.1280706949955
6961,-603.194084734269,0,0,-726,5.7258374306176,79.4999999999997,17.1855845948073,20.3944932403068
6962,-537.733010200146,0,0,-729,1.73655835544186,137.698039201726,33.2,18.6323922426861
6963,-522.831529912335,0,0,-732,-13.6276523428351,159.0,46.9518902707869,16.8442321597135
6964,-527.5097794651571,0,0,-735,-2.74441937312577,137.698039201726,57.504086811286605,15.0325138949561
6965,-581.05886686053,0,0,-738,0.10388697364722801,79.5000000000006,64.1374748655941,13.199771300228601
6966,-666.328736137448,0,0,-741,-3.0773037692227,2.4929916731519998e-12,66.4,11.348567631772099
6967,-756.1816270825169,0,0,-744,-6.300593913419879,-79.5000000000002,64.1374748655941,9.48149196530868
6968,-806.458932536758,0,0,-747,13.1338642786956,-137.698039201725,57.504086811286896,7.60115557498494
6969,-857.585328088457,0,0,-750,-1.24740664051299,-159.0,46.951890270787295,5.71018828126876
6970,-864.1697322376131,0,0,-753,-10.4829278087944,-137.698039201726,33.2000000000001,3.8112347729077203
6971,-814.0700755014881,0,0,-756,2.33738899561084,-79.49999999999821,17.185584594807,1.9069509080926101
6972,-756.31681158327,0,0,-759,2.68318841672998,3.1194381738795697e-13,-6.51354385992463e-14,1.8737096026954497e-14
6973,-703.561615453134,0,0,-762,-1.9690799502336,79.4999999999987,-17.1855845948071,-1.90695090809257
6974,-658.805407490767,0,0,-765,5.50778808041479,137.698039201726,-33.2000000000002,-3.8112347729075897
6975,-688.4248068500481,0,0,-768,-26.762728297992396,159.0,-46.951890270786706,-5.710188281268731
6976,-691.7053031598241,0,0,-771,6.70190002472017,137.698039201727,-57.5040868112865,-7.601155574984911
6977,-774.318999515424,0,0,-774,-6.200032684520671,79.4999999999997,-64.1374748655942,-9.481491965308642
6978,-851.845380744355,0,0,-777,2.90318688741535,1.4021724915063302e-12,-66.4,-11.348567631772001
6979,-938.8452006023861,0,0,-780,-2.00795443656637,-79.4999999999972,-64.1374748655943,-13.1997713002285
6980,-991.70825055306,0,0,-783,1.52638935490835,-137.698039201726,-57.50408681128679,-15.0325138949561
6981,-1023.0812801387599,0,0,-786,-14.285157708259199,-159.0,-46.9518902707871,-16.8442321597135
6982,-980.1830792662801,0,0,-789,-1.6526478218682301,-137.698039201726,-33.1999999999999,-18.6323922426862
6983,-905.889450140412,0,0,-792,3.19062769470375,-79.50000000000121,-17.185584594807597,-20.3944932403068
6984,-825.006572685268,0,0,-795,-7.87850199027458,1.40276299903363e-12,2.9290397212526097e-13,-22.128070694995397
6985,-727.478910336994,0,0,-798,-2.33379488987479,79.4999999999997,17.1855845948073,-23.830700041926104
6986,-652.3827270800081,0,0,-801,3.2192337182677595,137.698039201725,33.1999999999996,-25.5
6987,-622.2831287809099,0,0,-804,2.89861685058477,159.0,46.9518902707868,-27.1336359022821
6988,-648.6792729130381,0,0,-807,-8.15207596480594,137.698039201726,57.504086811286605,-28.729322961244698
6989,-706.064054099387,0,0,-810,-9.41669950073532,79.5000000000026,64.137474865594,-30.2848294642486
6990,-784.744792521306,0,0,-813,-6.34681262651093,3.11353309860652e-13,66.4,-31.7979798947954
6991,-870.6946575563769,0,0,-816,-6.065474446788469,-79.49999999999821,64.1374748655943,-33.266657975184195
6992,-928.632152766599,0,0,-819,5.250609250157691,-137.698039201726,57.504086811286705,-34.6888096263169
6993,-978.750949377286,0,0,-822,-8.64039380755913,-159.0,46.9518902707869,-36.062445840513895
6994,-962.0504325157359,0,0,-825,4.83325214931079,-137.698039201725,33.1999999999997,-37.3856454633211
6995,-929.4811789654281,0,0,-828,-0.510205679817052,-79.5000000000002,17.185584594807402,-38.6565578804181
6996,-876.369086134827,0,0,-831,-5.4956805289558694,-2.0254696187549298e-12,4.2292824743813697e-13,-39.8734056058695
6997,-804.20117822446,0,0,-834,8.51889313844734,79.5000000000006,-17.1855845948075,-41.0344867681001
6998,-776.199109335697,0,0,-837,-1.5589710473065501,137.698039201725,-33.1999999999998,-42.1381774901157
6999,-770.632342857805,0,0,-840,0.502481573623719,159.0,-46.95189027078629,-43.1829341606425
7000,-807.874882904174,0,0,-843,-0.901539701607029,137.698039201726,-57.504086811286705,-44.167295593006294
7001,-880.2897318247819,0,0,-846,-4.56237189045442,79.5000000000017,-64.137474865594,-45.08988506873511
7002,-966.459491066016,0,0,-849,-5.11007880299626,3.73958592764922e-12,-66.4,-45.9494122630234
7003,-1052.0337094144502,0,0,-852,-9.651559499487501,-79.49999999999909,-64.1374748655942,-46.7446750493688
7004,-1094.8832773484,0,0,-855,2.7934098454721497,-137.698039201727,-57.5040868112865,-47.474561180854394
7005,-1121.21196050953,0,0,-858,-9.12202039301269,-159.0,-46.9518902707868,-48.1380498457268
7006,-1061.96201581224,0,0,-861,18.670236484578396,-137.698039201727,-33.2000000000003,-48.7342130950932
7007,-1022.50502188886,0,0,-864,-12.557220153307,-79.49999999999929,-17.1855845948072,-49.2622171407425
7008,-912.294738445857,0,0,-867,4.42658507541682,-9.3465043710926e-13,-1.9515971391212197e-13,-49.721323521273
7009,-813.269889171049,0,0,-870,10.1554163690439,79.4999999999976,17.1855845948068,-50.1108901348977
7010,-746.1577756800231,0,0,-873,6.374557255733159,137.698039201726,33.2,-50.4303721374815
7011,-721.587859934646,0,0,-876,-0.8604275008775469,159.0,46.95189027078651,-50.679322704555396
7012,-735.138260592993,0,0,-879,-0.482992949766963,137.698039201728,57.5040868112864,-50.857393656240205
7013,-793.1179864592821,0,0,-882,-3.79112538066809,79.50000000000071,64.1374748655941,-50.9643359442083
7014,-882.2220048269161,0,0,-885,-12.6220048269146,-1.8702850534306998e-12,66.4,-51.0
7015,-967.280101956095,0,0,-888,-12.9532408774808,-79.5000000000001,64.1374748655941,-50.9643359442083
7016,-1038.82698501532,0,0,-891,-16.775638968646,-137.698039201725,57.504086811286896,-50.857393656240205
7017,-1068.2283582786301,0,0,-894,-11.500925844857399,-159.0,46.9518902707866,-50.679322704555396
7018,-1055.91538209699,0,0,-897,-3.98697075778467,-137.698039201726,33.2000000000002,-50.430372137481605
7019,-1029.21590530413,0,0,-900,-16.7905997640424,-79.5000000000022,17.185584594807903,-50.1108901348977
7020,-953.027328170852,0,0,-903,-0.30600464957885903,1.56168744536414e-13,-3.26088196138926e-14,-49.721323521273
7021,-898.108254999827,0,0,-906,-5.16045326427643,79.4999999999986,-17.1855845948071,-49.2622171407425
7022,-849.675690765181,0,0,-909,3.5604831281878706,137.698039201724,-33.1999999999994,-48.7342130950932
7023,-847.704611944136,0,0,-912,0.385328172377503,159.0,-46.9518902707866,-48.1380498457268
7024,-889.294982034339,0,0,-915,-7.01437324392501,137.698039201727,-57.5040868112865,-47.4745611808545
7025,-959.823151681402,0,0,-918,-10.441001766439099,79.4999999999998,-64.1374748655941,-46.7446750493688
7026,-1032.5757999556402,0,0,-921,0.7736123073864,1.5579475643578701e-12,-66.4,-45.9494122630234
7027,-1108.9194288163199,0,0,-924,3.8079311180103703,-79.500000000001,-64.1374748655941,-45.08988506873511
7028,-1166.66449424513,0,0,-927,-0.29507263911035303,-137.698039201725,-57.50408681128679,-44.1672955930064
7029,-1190.43677377437,0,0,-930,-11.3019493429373,-159.0,-46.9518902707871,-43.1829341606425
7030,-1146.06146848003,0,0,-933,-0.0252517881839024,-137.698039201726,-33.1999999999999,-42.1381774901157
7031,-1079.92856320088,0,0,-936,-6.20849183797539,-79.5000000000013,-17.1855845948077,-41.0344867681001
7032,-965.0394995573779,0,0,-939,13.8339060484955,-3.27206387325215e-12,-6.83223399949506e-13,-39.8734056058695
7033,-885.812748176944,0,0,-942,-1.84177489133242,79.4999999999995,17.1855845948073,-38.6565578804181
7034,-809.2492820397799,0,0,-945,2.23832422181646,137.698039201725,33.1999999999996,-37.385645463321204
7035,-776.5143772184281,0,0,-948,1.5961783512991798,159.0,46.9518902707868,-36.062445840513895
7036,-780.999935320567,0,0,-951,9.48674829273662,137.698039201726,57.504086811286605,-34.6888096263169
7037,-847.286032092872,0,0,-954,-3.6568489832807898,79.49999999999879,64.1374748655942,-33.266657975184195
7038,-925.539229217171,0,0,-957,-3.14124932237615,4.671283827121949e-13,66.4,-31.7979798947954
7039,-1001.9616558594198,0,0,-960,3.6856987392371603,-79.4999999999981,64.1374748655943,-30.2848294642486
7040,-1068.85472108818,0,0,-963,3.0685542635049097,-137.698039201726,57.504086811286705,-28.7293229612448
7041,-1102.7398510663002,0,0,-966,2.4418945651970803,-159.0,46.951890270787004,-27.1336359022822
7042,-1096.65130834357,0,0,-969,2.34673085815356,-137.698039201727,33.2000000000006,-25.5
7043,-1064.16240650775,0,0,-972,-6.01729106063599,-79.50000000000041,17.1855845948075,-23.8307000419262
7044,-1013.9995676807599,0,0,-975,-16.8714969857627,-2.18124469160648e-12,4.55454866423491e-13,-22.1280706949955
7045,-934.958009584715,0,0,-978,1.1220682504021597,79.49999999999659,-17.1855845948066,-20.3944932403068
7046,-895.7592630394839,0,0,-981,-0.62490999852313,137.698039201725,-33.1999999999998,-18.6323922426862
7047,-893.242783493508,0,0,-984,-4.4466610630078,159.0,-46.951890270787004,-16.8442321597135
7048,-920.025654564095,0,0,-987,1.81290694041896,137.698039201728,-57.5040868112862,-15.0325138949562
7049,-986.518853742739,0,0,-990,1.3183924230820299,79.50000000000179,-64.137474865594,-13.199771300228601
7050,-1067.9490132988901,0,0,-993,2.79955433287473,3.89536100050076e-12,-66.4,-11.348567631772099
7051,-1155.14338861128,0,0,-996,-6.02442178038149,-79.499999999999,-64.1374748655942,-9.48149196530868
7052,-839.8628202251981,1,0,-999,3.3532502796449304,-137.698039201727,-57.504086811286605,-7.60115557498486
7053,-1219.75302697357,0,0,-1002,-6.0909484215140495,-159.0,-46.9518902707868,-5.71018828126877
7054,-1175.14029236009,0,0,-1005,4.56898161453885,-137.698039201724,-33.1999999999996,-3.8112347729076297
7055,-1126.55755199225,0,0,-1008,-19.9650164893505,-79.5000000000033,-17.185584594808198,-1.9069509080926201
7056,-1015.55432194961,0,0,-1011,-4.5543219496126195,-1.0904255099608001e-12,-2.27686332897476e-13,-2.4982794702606002e-14
7057,-917.185030287339,0,0,-1014,-1.7775657902363402,79.4999999999975,17.1855845948068,1.90695090809257
7058,-842.876033216362,0,0,-1017,-0.585307190995058,137.698039201726,33.2,3.81123477290767
7059,-804.307950021803,0,0,-1020,4.02997142614198,159.0,46.95189027078651,5.71018828126863
7060,-810.506890663051,0,0,-1023,9.68982774895194,137.698039201725,57.50408681128679,7.601155574984901
7061,-867.759367976318,0,0,-1026,5.12166519277437,79.5000000000048,64.1374748655938,9.481491965308539
7062,-957.0821685347031,0,0,-1029,-5.83073616647732,2.80454181885509e-12,66.4,11.348567631772001
7063,-1035.6386793164,0,0,-1032,-1.47592548222512,-79.4999999999999,64.1374748655941,13.199771300228601
7064,-1096.80136621338,0,0,-1035,3.3600722821026703,-137.698039201725,57.504086811286896,15.0325138949561
7065,-1131.89008023349,0,0,-1038,1.3137973360111899,-159.0,46.9518902707866,16.8442321597135
7066,-1121.78772791527,0,0,-1041,5.0779190437669905,-137.698039201726,33.2000000000002,18.6323922426861
7067,-1082.67380457703,0,0,-1044,3.2461175878578103,-79.49999999999851,17.185584594807,20.3944932403068
7068,-1028.7764698045,0,0,-1047,-3.9045404994910697,-4.51865812774937e-12,9.43518552460874e-13,22.128070694995397
7069,-978.693082912789,0,0,-1050,-14.838198359906599,79.49999999999851,-17.185584594807,23.830700041926104
7070,-933.670239518565,0,0,-1053,-10.66827872029,137.698039201724,-33.1999999999994,25.5
7071,-927.2893145677801,0,0,-1056,-10.471060199275199,159.0,-46.9518902707866,27.1336359022822
7072,-953.961029435661,0,0,-1059,-3.88430478734654,137.698039201727,-57.5040868112865,28.729322961244698
7073,-1011.43787785858,0,0,-1062,4.91476754276264,79.4999999999999,-64.1374748655941,30.2848294642486
7074,-1107.06270833353,0,0,-1065,-7.4606882283233205,-2.80532916222483e-12,-66.4,31.7979798947955
7075,-1174.63722253772,0,0,-1068,3.73359435268573,-79.499999999997,-64.1374748655943,33.2666579751841
7076,-1232.5032992035199,0,0,-1071,-0.9899828168276841,-137.698039201725,-57.50408681128679,34.6888096263169
7077,-1245.83428684613,0,0,-1074,-1.9448424158575401,-159.0,-46.9518902707871,36.062445840513895
7078,-1203.99127238138,0,0,-1077,6.521121357019401,-137.698039201726,-33.2,37.3856454633211
7079,-788.4131893060809,1,0,-1080,-8.97137367484554,-79.5000000000014,-17.1855845948077,38.656557880418
7080,-1043.51699475027,0,0,-1083,-0.390400356144038,1.09121285333054e-12,2.27850734154554e-13,39.8734056058695
7081,-952.096617859229,0,0,-1086,-3.8166892221310595,79.4999999999955,17.1855845948063,41.0344867681001
7082,-876.1409593578419,0,0,-1089,-0.17717604968182601,137.698039201724,33.1999999999996,42.1381774901157
7083,-842.022291179081,0,0,-1092,0.842884389489793,159.0,46.9518902707868,43.1829341606425
7084,-858.667231612435,0,0,-1095,-3.03665321845387,137.698039201727,57.504086811286605,44.1672955930064
7085,-904.599289934946,0,0,-1098,4.67335013072557,79.499999999999,64.1374748655942,45.08988506873511
7086,-990.015325094068,0,0,-1101,-1.36473735709172,6.229034555637379e-13,66.4,45.9494122630234
7087,-1069.84075822019,0,0,-1104,2.77709186485002,-79.50000000000179,64.137474865594,46.7446750493688
7088,-1143.7942683327901,0,0,-1107,-4.07487712320986,-137.698039201724,57.5040868112872,47.474561180854394
7089,-1179.2705224432,0,0,-1110,-5.360462559711951,-159.0,46.951890270787004,48.1380498457268
7090,-1169.6022105483,0,0,-1113,-0.838384441662611,-137.698039201727,33.2000000000006,48.7342130950932
7091,-1122.78131718277,0,0,-1116,6.27088108168142,-79.5000000000005,17.1855845948075,49.2622171407425
7092,-1076.1446904936302,0,0,-1119,-6.866014014899731,-2.33701976445802e-12,4.87981485408844e-13,49.721323521273
7093,-1009.8783632076199,0,0,-1122,-0.303668747711473,79.50000000000041,-17.1855845948075,50.1108901348977
7094,-955.6359174093781,0,0,-1125,14.4356712514134,137.698039201727,-33.2000000000006,50.430372137481605
7095,-966.9813166657001,0,0,-1128,-1.70874909946953,159.0,-46.95189027078629,50.679322704555396
7096,-1017.3408199428501,0,0,-1131,-17.392165989534302,137.698039201726,-57.504086811286705,50.857393656240205
7097,-1068.87340249302,0,0,-1134,-1.2002635716358,79.5000000000019,-64.137474865594,50.9643359442083
7098,-1155.75957416843,0,0,-1137,-3.35957416842925,-4.67915726081935e-13,-66.4,51.0
7099,-1236.31342475545,0,0,-1140,-3.64028583406707,-79.4999999999989,-64.1374748655942,50.9643359442083
7100,-1273.65155648768,0,0,-1143,13.6931758690909,-137.698039201726,-57.504086811286605,50.857393656240205
7101,-1282.87131127944,0,0,-1146,18.401256286789803,-159.0,-46.951890270787494,50.679322704555396
7102,-1256.8748920043902,0,0,-1149,12.5927750598552,-137.698039201727,-33.2000000000004,50.430372137481605
7103,-1203.2938099994699,0,0,-1152,-4.71911553955134,-79.50000000000341,-17.185584594808198,50.1108901348977
7104,-1105.29035129864,0,0,-1155,-0.0116748199093909,-1.2462005828123501e-12,-2.6021295188283e-13,49.721323521273
7105,-1000.98094890718,0,0,-1158,11.071249357263902,79.5000000000013,17.1855845948077,49.2622171407425
7106,-933.7078535498981,0,0,-1161,7.65989415328352,137.698039201726,33.1999999999999,48.7342130950932
7107,-915.317572466292,0,0,-1164,-5.40751258280629,159.0,46.9518902707871,48.1380498457267
7108,-910.86354891654,0,0,-1167,13.459763889591802,137.698039201728,57.5040868112863,47.4745611808545
7109,-978.9675325552789,0,0,-1170,0.650317529757366,79.500000000001,64.1374748655941,46.7446750493688
7110,-1068.2901759544,0,0,-1173,-7.63958821742755,2.9603168917066297e-12,66.4,45.9494122630234
7111,-1139.76420239873,0,0,-1176,6.508437666938501,-79.4999999999998,64.1374748655941,45.08988506873511
7112,-1207.42974494865,0,0,-1179,7.596911848782951,-137.698039201725,57.504086811286896,44.1672955930064
7113,-1253.18305998515,0,0,-1182,-2.31788441658197,-159.0,46.9518902707866,43.1829341606425
7114,-1243.77555687462,0,0,-1185,3.5843048369879003,-137.698039201729,33.200000000001005,42.138177490115794
7115,-1209.67797013129,0,0,-1188,-0.398041494199582,-79.5000000000025,17.185584594808,41.0344867681001
7116,-1141.70244405412,0,0,-1191,9.424150340015288,-1.5538140116667302e-13,3.24444183568148e-14,39.8734056058695
7117,-1095.42821492545,0,0,-1194,-2.3991882110584903,79.4999999999983,-17.185584594807,38.6565578804181
7118,-1066.26655210051,0,0,-1197,-11.1502367655566,137.698039201726,-33.2000000000002,37.3856454633211
7119,-1056.1698217625599,0,0,-1200,-4.28037733228312,159.0,-46.9518902707866,36.062445840514
7120,-1080.98930625076,0,0,-1203,7.127931732480089,137.698039201725,-57.504086811286896,34.6888096263169
7121,-1159.39208127372,0,0,-1206,-2.0212643833183797,79.500000000004,-64.1374748655939,33.2666579751843
7122,-1234.5875175691901,0,0,-1209,9.014502536011712,1.86949771006095e-12,-66.4,31.7979798947954
7123,-1323.38043862757,0,0,-1212,1.97220677377368,-79.4999999999968,-64.1374748655943,30.2848294642486
7124,-1397.5499740303198,0,0,-1215,-16.0771709785523,-137.698039201725,-57.50408681128679,28.7293229612448
7125,-1391.6213050980402,0,0,-1218,5.196949270466191,-159.0,-46.9518902707872,27.1336359022822
7126,-1372.35170190399,0,0,-1221,-5.95366270226446,-137.698039201726,-33.2,25.5
7127,-1299.28722824026,0,0,-1224,-2.43234368738319,-79.4999999999976,-17.1855845948068,23.8307000419262
7128,-1200.85683694552,0,0,-1227,4.0150923594851395,-3.58361401895524e-12,-7.48276637920213e-13,22.1280706949955
7129,-1117.4714901787,0,0,-1230,-4.551568013816071,79.49999999999929,17.1855845948072,20.394493240306698
7130,-1041.98157011327,0,0,-1233,1.4879984423239498,137.698039201724,33.1999999999995,18.6323922426862
7131,-1006.4141778814301,0,0,-1236,6.789699688070151,159.0,46.9518902707868,16.8442321597135
7132,-1030.19639477137,0,0,-1239,-1.4310346793355,137.698039201727,57.5040868112865,15.0325138949562
7133,-1081.72919912596,0,0,-1242,3.43355470821334,79.49999999999909,64.1374748655942,13.199771300228601
7134,-1170.68823539857,0,0,-1245,-3.43680303035081,5.29773032784952e-12,66.4,11.348567631772198
7135,-1259.0850159819502,0,0,-1248,-5.20398281285582,-79.4999999999978,64.1374748655943,9.481491965308688
7136,-1322.82838438679,0,0,-1251,0.764412428667062,-137.698039201726,57.504086811286705,7.60115557498487
7137,-1346.69149928456,0,0,-1254,13.646422163380198,-159.0,46.951890270787004,5.71018828126878
7138,-1358.5224771953199,0,0,-1257,-0.8356727664983771,-137.698039201725,33.1999999999998,3.8112347729076403
7139,-1319.03664328866,0,0,-1260,1.3708212084438403,-79.5000000000006,17.1855845948075,1.9069509080926201
7140,-1264.7022979128399,0,0,-1263,-1.7022979128435303,2.02625696212467e-12,-4.23092648695215e-13,3.12284933782575e-14
7141,-1206.12768872864,0,0,-1266,-0.535153225734529,79.4999999999963,-17.1855845948065,-1.9069509080925602
7142,-1178.9797330910199,0,0,-1269,-10.666537519838,137.698039201725,-33.1999999999997,-3.81123477290767
7143,-1173.5388591515302,0,0,-1272,-7.8767805994772,159.0,-46.95189027078629,-5.71018828126862
7144,-1205.56330344359,0,0,-1275,-3.1561002590417497,137.698039201726,-57.504086811286705,-7.601155574984901
7145,-1275.16166798,0,0,-1278,-3.04270114910097,79.5000000000021,-64.137474865594,-9.481491965308539
7146,-1359.23958628228,0,0,-1281,-0.491018650502823,-3.12140653230392e-13,-66.4,-11.348567631772001
7147,-1434.4721836024403,0,0,-1284,6.365062563386981,-79.5000000000026,-64.137474865594,-13.199771300228601
7148,-1503.7295043087602,0,0,-1287,-6.4948644007885195,-137.698039201724,-57.504086811287095,-15.0325138949561
7149,-1512.45942949745,0,0,-1290,0.336692933047399,-159.0,-46.9518902707868,-16.8442321597135
7150,-1474.92583767856,0,0,-1293,7.60459376585366,-137.698039201727,-33.2000000000004,-18.6323922426861
7151,-1400.54171702214,0,0,-1296,12.538360812976402,-79.4999999999997,-17.1855845948073,-20.3944932403068
7152,-1314.19441041955,0,0,-1299,6.933660275448509,-1.4019756556638898e-12,-2.92739570868183e-13,-22.128070694995397
7153,-1230.5374405681098,0,0,-1302,-1.3923251209898,79.50000000000121,17.185584594807597,-23.830700041926104
7154,-1157.80008578409,0,0,-1305,1.8018750141907298,137.698039201723,33.1999999999991,-25.4999999999999
7155,-1135.6107276851599,0,0,-1308,-6.428982053659741,159.0,46.9518902707864,-27.1336359022821
7156,-1152.6159817344098,0,0,-1311,-8.08878478618092,137.698039201728,57.5040868112863,-28.729322961244602
7157,-1191.81407076346,0,0,-1314,8.833283835189368,79.50000000000121,64.1374748655941,-30.2848294642485
7158,-1293.73343897634,0,0,-1317,-11.335459081547501,-1.40295983487607e-12,66.4,-31.7979798947955
7159,-1378.65205736746,0,0,-1320,-10.0228742578701,-79.4999999999997,64.1374748655942,-33.266657975184195
7160,-1437.1707595249402,0,0,-1323,0.712002491812914,-137.698039201727,57.5040868112865,-34.6888096263169
7161,-1468.98203693229,0,0,-1326,5.1285186374394405,-159.0,46.951890270787295,-36.062445840513895
7162,-1468.4887069037,0,0,-1329,2.3949777613434704,-137.698039201726,33.2000000000002,-37.3856454633211
7163,-1441.2290056262198,0,0,-1332,-8.25803234060402,-79.5000000000026,17.185584594808,-38.6565578804181
7164,-1372.60976702595,0,0,-1335,2.26363857992052,-3.11156474018216e-13,6.49710373421685e-14,-39.8734056058695
7165,-1314.02043972151,0,0,-1338,2.69963164139463,79.49999999999821,-17.185584594807,-41.0344867681001
7166,-1279.93841108232,0,0,-1341,-1.29827279392727,137.698039201726,-33.2000000000001,-42.1381774901157
7167,-1279.5133609924699,0,0,-1344,-4.378536561040029,159.0,-46.951890270785896,-43.1829341606425
7168,-1311.96794922149,0,0,-1347,-0.9946060189238879,137.698039201727,-57.5040868112864,-44.167295593006294
7169,-1378.98067439248,0,0,-1350,0.7466855418497109,79.5000000000002,-64.1374748655941,-45.08988506873511
7170,-1468.90589957362,0,0,-1353,-3.5564873105994304,2.0252727829125e-12,-66.4,-45.9494122630233
7171,-1545.90443993694,0,0,-1356,0.477709978024839,-79.5000000000006,-64.1374748655941,-46.7446750493688
7172,-1592.44941531921,0,0,-1359,9.22727187465947,-137.698039201725,-57.50408681128679,-47.474561180854394
7173,-1621.15156467368,0,0,-1362,-5.0616245571706795,-159.0,-46.95189027078651,-48.1380498457268
7174,-1578.90519514188,0,0,-1365,5.72705715493909,-137.698039201728,-33.2000000000008,-48.7342130950932
7175,-1517.41232628742,0,0,-1368,-3.46452455186487,-79.5000000000017,-17.1855845948078,-49.2622171407425
7176,-1413.51140886646,0,0,-1371,7.20991465481915,-3.7393890918067794e-12,-7.80803256905567e-13,-49.721323521273
7177,-1325.55124382613,0,0,-1374,1.87406171395713,79.49999999999909,17.1855845948072,-50.1108901348977
7178,-1261.11379480232,0,0,-1377,-4.58146186656683,137.698039201724,33.1999999999995,-50.4303721374815
7179,-1224.47486887771,0,0,-1380,0.252563556054626,159.0,46.951890270786706,-50.679322704555396
7180,-1239.19261394475,0,0,-1383,-0.537346301520508,137.698039201724,57.504086811287,-50.857393656240205
7181,-1291.25808216705,0,0,-1386,2.06877891155852,79.5000000000032,64.1374748655939,-50.9643359442083
7182,-1370.92890302501,0,0,-1389,2.6710969749894597,9.34453601266825e-13,66.4,-51.0
7183,-1472.8159625993899,0,0,-1392,-14.4891015207757,-79.4999999999976,64.1374748655943,-50.9643359442083
7184,-1507.3084024239402,0,0,-1395,18.7429436227374,-137.698039201726,57.504086811286705,-50.857393656240205
7185,-1551.12435225934,0,0,-1398,9.603080174429019,-159.0,46.951890270787004,-50.679322704555396
7186,-1558.0476551740899,0,0,-1401,-2.1192438348799,-137.698039201725,33.1999999999998,-50.430372137481605
7187,-1519.4924286990602,0,0,-1404,-3.0671231589698,-79.5000000000047,17.1855845948085,-50.1108901348977
7188,-1455.4975331785902,0,0,-1407,1.22379034268106,-2.64856991016111e-12,5.53034723379552e-13,-49.721323521273
7189,-1401.8149502010199,0,0,-1410,-4.8671484654708,79.49999999999609,-17.1855845948065,-49.2622171407425
7190,-1347.6152677099,0,0,-1413,9.6209061834659,137.698039201725,-33.1999999999997,-48.7342130950932
7191,-1341.39447168041,0,0,-1416,10.6954684360997,159.0,-46.9518902707869,-48.1380498457267
7192,-1392.15241887669,0,0,-1419,-5.87181008627421,137.698039201726,-57.504086811286605,-47.4745611808545
7193,-1444.72485573367,0,0,-1422,8.657294181290059,79.4999999999983,-64.1374748655942,-46.7446750493688
7194,-1542.8087111401999,0,0,-1425,-5.45929887718294,4.36268621905539e-12,-66.4,-45.9494122630234
7195,-1602.01109575155,0,0,-1428,14.716264182776598,-79.4999999999986,-64.1374748655942,-45.08988506873511
7196,-1675.37714656524,0,0,-1431,-5.007724959219151,-137.698039201724,-57.504086811287095,-44.16729559300649
7197,-1692.67979977948,0,0,-1434,-9.544975348053251,-159.0,-46.9518902707869,-43.1829341606425
7198,-1660.1549596252403,0,0,-1437,-10.1187429333946,-137.698039201727,-33.2000000000005,-42.1381774901157
7199,-1584.5663190195498,0,0,-1440,-6.84624765664763,-79.4999999999998,-17.1855845948073,-41.0344867681001
7200,-1479.5696228065399,0,0,-1443,3.3037827993406497,-6.07680252794967e-12,-1.2688669429429499e-12,-39.8734056058695
7201,-1389.43259014189,0,0,-1446,-1.46161685627079,79.49999999999709,17.1855845948067,-38.6565578804181
7202,-1301.6355775525599,0,0,-1449,13.8520287090333,137.698039201725,33.1999999999999,-37.385645463321204
7203,-1279.8375043695,0,0,-1452,2.27305120022327,159.0,46.9518902707864,-36.062445840514
7204,-1299.17604153917,0,0,-1455,-4.68935792586507,137.698039201726,57.50408681128679,-34.6888096263168
7205,-1345.64138154239,0,0,-1458,1.98780156719539,79.5000000000013,64.1374748655941,-33.2666579751843
7206,-1429.5815485893202,0,0,-1461,-3.1835686945206,-1.24718476202452e-12,66.4,-31.7979798947954
7207,-1500.97437839191,0,0,-1464,8.67297620673699,-79.4999999999956,64.1374748655944,-30.2848294642487
7208,-1572.2171176907,0,0,-1467,3.7061576609863995,-137.698039201725,57.504086811287,-28.729322961244698
7209,-1602.59025546179,0,0,-1470,6.591490169704371,-159.0,46.9518902707874,-27.1336359022823
7210,-1609.76639131575,0,0,-1473,-6.768352114023651,-137.698039201726,33.2000000000003,-25.5
7211,-1549.6134872744299,0,0,-1476,12.531628172688698,-79.49999999999879,17.1855845948071,-23.8307000419262
7212,-1499.0692807780702,0,0,-1479,2.05878991692528,-4.9859833463039995e-12,1.0410984094169401e-12,-22.1280706949955
7213,-1444.19044356031,0,0,-1482,-4.11036572519087,79.4999999999981,-17.1855845948069,-20.3944932403068
7214,-1393.70085070674,0,0,-1485,5.43350233422305,137.698039201726,-33.2000000000001,-18.6323922426862
7215,-1392.07387889809,0,0,-1488,0.722243532408226,159.0,-46.9518902707872,-16.8442321597136
7216,-1415.02563047968,0,0,-1491,10.8129310248362,137.698039201727,-57.5040868112864,-15.0325138949562
7217,-1483.5414862860998,0,0,-1494,8.295759879723612,79.50000000000041,-64.1374748655941,-13.1997713002285
7218,-1561.4187934465801,0,0,-1497,13.329774185182801,6.7000996551982795e-12,-66.4,-11.348567631772198
7219,-1645.37326170701,0,0,-1500,7.74570512389294,-79.49999999999659,-64.1374748655944,-9.4814919653086
7220,-1705.0197794127403,0,0,-1503,0.783502175261203,-137.698039201725,-57.504086811286896,-7.60115557498505
7221,-1720.3860635282,0,0,-1506,-2.7239849761407102,-159.0,-46.95189027078651,-5.710188281268691
7222,-1693.3478669065198,0,0,-1509,-9.63859293189365,-137.698039201724,-33.1999999999992,-3.8112347729076403
7223,-1609.1400768095498,0,0,-1512,1.4524586933533998,-79.50000000000179,-17.1855845948078,-1.90695090809263
7224,-1506.78044439121,0,0,-1515,8.219555608789719,6.238876347759139e-13,1.30270877198493e-13,-3.7474192053908993e-14
7225,-1420.77777353418,0,0,-1518,-1.37030903707665,79.4999999999951,17.185584594806198,1.90695090809255
7226,-1355.54820281852,0,0,-1521,-9.25747679315565,137.698039201724,33.1999999999995,3.81123477290757
7227,-1315.32189507073,0,0,-1524,-2.98397362278449,159.0,46.951890270786706,5.71018828126862
7228,-1319.55120574081,0,0,-1527,4.64551267119301,137.698039201724,57.504086811287,7.6011555749848
7229,-1365.39938590378,0,0,-1530,11.4816472653159,79.5000000000033,64.1374748655939,9.481491965308528
7230,-1453.42152704568,0,0,-1533,1.82990532254255,1.09022867411837e-12,66.4,11.348567631772099
7231,-1542.15145307644,0,0,-1536,-3.9886992422659997,-79.49999999999359,64.1374748655945,13.1997713002284
7232,-1598.0468690156,0,0,-1539,6.11456947988068,-137.698039201723,57.5040868112872,15.0325138949561
7233,-1632.5428071786903,0,0,-1542,4.66107039080518,-159.0,46.951890270787004,16.8442321597135
7234,-1640.8077156122101,0,0,-1545,-9.942068653174712,-137.698039201725,33.1999999999999,18.6323922426861
7235,-1610.812273682,0,0,-1548,-20.8923515171212,-79.499999999997,17.1855845948067,20.3944932403068
7236,-1531.49924638374,0,0,-1551,-2.62731707873573,-2.8043449830126496e-12,5.85561342364906e-13,22.128070694995397
7237,-1467.6966786553198,0,0,-1554,0.15820589756297,79.4999999999999,-17.185584594807402,23.830700041926104
7238,-1436.4854377277402,0,0,-1557,-9.48347692945976,137.698039201723,-33.1999999999989,25.4999999999999
7239,-1421.21812526232,0,0,-1560,-0.39987089381814794,159.0,-46.9518902707862,27.1336359022821
7240,-1463.9435813473199,0,0,-1563,-9.866856699007519,137.698039201726,-57.504086811286605,28.729322961244602
7241,-1518.6945616031799,0,0,-1566,1.65808379817164,79.49999999999851,-64.1374748655942,30.2848294642485
7242,-1604.0663502892498,0,0,-1569,-0.464330184051481,4.518461291906929e-12,-66.4,31.797979894795297
7243,-2043.8238655002801,1,0,-1572,-2.86583752671192,-79.49999999999851,-64.1374748655942,33.266657975184195
7244,-1741.36761305685,0,0,-1575,-5.854296670153871,-137.698039201726,-57.504086811286605,34.6888096263169
7245,-1743.30548070321,0,0,-1578,4.58396372705956,-159.0,-46.9518902707876,36.062445840513895
7246,-1707.85498068165,0,0,-1581,6.65741305675597,-137.698039201727,-33.2000000000005,37.3856454633211
7247,-1646.7927236388,0,0,-1584,-4.76369692440624,-79.4999999999999,-17.185584594807402,38.6565578804181
7248,-1546.89304649602,0,0,-1587,0.23354789810349497,2.80552599806726e-12,5.858079442505219e-13,39.8734056058695
7249,-1449.45362436543,0,0,-1590,2.82630427166219,79.499999999997,17.1855845948067,41.0344867681001
7250,-1388.2383416626199,0,0,-1593,-8.27455835446318,137.698039201725,33.1999999999999,42.1381774901157
7251,-1343.59455838078,0,0,-1596,3.27061718778829,159.0,46.951890270785704,43.1829341606424
7252,-1372.9092600563001,0,0,-1599,-13.2786816623196,137.698039201728,57.5040868112863,44.167295593006294
7253,-1416.70279596719,0,0,-1602,-3.4301559015226,79.5000000000014,64.1374748655941,45.08988506873511
7254,-1494.5259950655802,0,0,-1605,-1.8754073286056498,-1.09140968917298e-12,66.4,45.9494122630233
7255,-1572.72688760929,0,0,-1608,3.8909624757527297,-79.5000000000033,64.1374748655939,46.7446750493688
7256,-1645.9963009884,0,0,-1611,-2.27690977882046,-137.698039201724,57.504086811287,47.474561180854394
7257,-1677.8947115515,0,0,-1614,0.0153483319846374,-159.0,46.951890270786706,48.1380498457267
7258,-1666.1444901335,0,0,-1617,6.619335973134089,-137.698039201729,33.200000000001104,48.7342130950932
7259,-1643.6018204112802,0,0,-1620,-10.5496221468245,-79.50000000000291,17.1855845948081,49.2622171407425
7260,-1588.3955996989998,0,0,-1623,-15.116923220270001,-6.22706619721303e-13,1.30024275312876e-13,49.721323521273
7261,-1507.1625857362199,0,0,-1626,6.41210872369128,79.50000000000179,-17.1855845948078,50.1108901348977
7262,-1467.1310433443302,0,0,-1629,6.940545316461519,137.698039201724,-33.1999999999992,50.4303721374815
7263,-1455.6374854896699,0,0,-1632,13.635082076556301,159.0,-46.95189027078651,50.679322704555396
7264,-1504.73034468925,0,0,-1635,-0.78169073592951,137.698039201725,-57.504086811286896,50.857393656240205
7265,-1588.01257770965,0,0,-1638,-16.339438788264598,79.5000000000044,-64.1374748655939,50.9643359442083
7266,-1641.61220470556,0,0,-1641,14.7877952944424,2.33682292861558e-12,-66.4,51.0
7267,-1715.32678218707,0,0,-1644,21.346356734313897,-79.50000000000041,-64.1374748655941,50.9643359442083
7268,-1786.04681293177,0,0,-1647,5.297919424998691,-137.698039201727,-57.5040868112864,50.857393656240205
7269,-1810.99600149901,0,0,-1650,-5.723433932777799,-159.0,-46.9518902707872,50.679322704555396
7270,-1762.15485018746,0,0,-1653,11.312816876785,-137.698039201726,-33.2000000000001,50.430372137481605
7271,-1702.4460029140198,0,0,-1656,0.128691545893771,-79.5000000000059,-17.1855845948087,50.1108901348977
7272,-1588.60724569714,0,0,-1659,20.671430781588,-4.05093923750987e-12,-8.458564948762739e-13,49.721323521273
7273,-1517.30987777706,0,0,-1662,-1.25767951261067,79.4999999999989,17.1855845948071,49.2622171407425
7274,-1450.7185040285,0,0,-1665,-5.35075632531576,137.698039201726,33.2000000000003,48.7342130950932
7275,-1407.0835513665,0,0,-1668,6.82650851699079,159.0,46.9518902707874,48.1380498457267
7276,-1433.7642703028698,0,0,-1671,-5.44095749673684,137.698039201727,57.5040868112865,47.4745611808545
7277,-1476.59871297314,0,0,-1674,7.01913711189865,79.4999999999995,64.1374748655942,46.7446750493688
7278,-1560.47490707858,0,0,-1677,4.17568065839197,5.765055546404151e-12,66.4,45.9494122630234
7279,-1648.1170157856698,0,0,-1680,2.15562427999379,-79.4999999999974,64.1374748655943,45.08988506873511
7280,-1718.62934128951,0,0,-1683,0.39731550792369397,-137.698039201726,57.50408681128679,44.16729559300649
7281,-1754.7339035207199,0,0,-1686,0.13127204784904198,-159.0,46.9518902707864,43.1829341606425
7282,-1762.6719999401398,0,0,-1689,-11.3121382285255,-137.698039201728,33.2000000000007,42.1381774901157
7283,-1707.22643824855,0,0,-1692,6.05349038854751,-79.500000000001,17.185584594807597,41.0344867681001
7284,-1663.40663816674,0,0,-1695,-8.28004377260571,-7.47917185529843e-12,1.56168871443967e-12,39.8734056058696
7285,-1607.32701030172,0,0,-1698,-10.2979835873247,79.49999999999591,-17.1855845948064,38.6565578804181
7286,-1560.6221793408301,0,0,-1701,-1.5058640058781103,137.698039201725,-33.1999999999996,37.3856454633211
7287,-1559.2833981115803,0,0,-1704,-3.39395368130921,159.0,-46.9518902707869,36.062445840514
7288,-1600.41319596633,0,0,-1707,-8.2959579830856,137.698039201724,-57.504086811287095,34.6888096263168
7289,-1659.2788772810998,0,0,-1710,2.0919396093094798,79.5000000000025,-64.137474865594,33.2666579751843
7290,-1758.6335785221697,0,0,-1713,-11.0315584169662,1.55184565324238e-13,-66.4,31.7979798947954
7291,-1826.9767008051397,0,0,-1716,2.37594459619873,-79.4999999999944,-64.1374748655945,30.2848294642487
7292,-1886.2798031665197,0,0,-1719,-0.8070001147490029,-137.698039201724,-57.504086811287095,28.729322961244698
7293,-1913.0320822506699,0,0,-1722,-12.2138278821662,-159.0,-46.9518902707869,27.1336359022823
7294,-1871.1867227634,0,0,-1725,-0.788683561679463,-137.698039201725,-33.1999999999997,25.5
7295,-1793.00122962708,0,0,-1728,7.85365492580222,-79.500000000004,-17.1855845948083,23.8307000419262
7296,-1711.2150017898998,0,0,-1731,-2.3430724848979305,-1.86930087421852e-12,-3.9031942782424393e-13,22.1280706949955
7297,-1631.26423676562,0,0,-1734,-14.3443146007363,79.50000000000071,17.185584594807597,20.3944932403068
7298,-1545.8936492840803,0,0,-1737,1.5759192715085801,137.698039201723,33.199999999999,18.6323922426862
7299,-1506.4390750716102,0,0,-1740,10.764802497885698,159.0,46.9518902707864,16.8442321597134
7300,-1540.55267072689,0,0,-1743,-7.787310634861879,137.698039201726,57.504086811286705,15.0325138949562
7301,-1586.72832411863,0,0,-1746,2.43442971554997,79.4999999999976,64.1374748655943,13.1997713002285
7302,-1675.9769362610998,0,0,-1749,-4.72550389287898,3.5834171831127997e-12,66.4,11.348567631772198
7303,-1755.6973395537198,0,0,-1752,2.18369361537954,-79.49999999999929,64.1374748655942,9.481491965308608
7304,-1824.20402041858,0,0,-1755,3.3887763968738502,-137.698039201722,57.5040868112875,7.60115557498506
7305,-1855.5343163382897,0,0,-1758,8.80360510965628,-159.0,46.9518902707874,5.7101882812687
7306,-1859.65017700508,0,0,-1761,2.0366274237384,-137.698039201727,33.2000000000003,3.81123477290783
7307,-1835.3723619813397,0,0,-1764,-10.964897484245501,-79.49999999999909,17.1855845948072,1.9069509080926397
7308,-1763.70964663068,0,0,-1767,3.29035336931243,3.740570106861391e-12,-7.810498587911842e-13,4.37198907295605e-14
7309,-1708.0904998491199,0,0,-1770,1.50203565378578,79.4999999999978,-17.1855845948069,-1.90695090809255
7310,-1675.33520407353,0,0,-1773,-3.02200850234706,137.698039201726,-33.2,-3.81123477290756
7311,-1674.2367518265198,0,0,-1776,-4.57467327446567,159.0,-46.951890270785796,-5.71018828126861
7312,-1713.05995549387,0,0,-1779,-6.652752309324129,137.698039201727,-57.5040868112864,-7.60115557498497
7313,-1784.24949451852,0,0,-1782,-8.130527687616791,79.5000000000006,-64.1374748655941,-9.481491965308528
7314,-1857.07526770494,0,0,-1785,5.67329992683694,-2.0264537979671102e-12,-66.4,-11.348567631772099
7315,-1955.09828514305,0,0,-1788,-10.2610389772349,-79.4999999999963,-64.1374748655944,-13.1997713002284
7316,-1996.2038982654,0,0,-1791,5.030741642569151,-137.698039201725,-57.504086811286896,-15.0325138949561
7317,-2036.4694528655102,0,0,-1794,-19.67333043501,-159.0,-46.9518902707879,-16.8442321597134
7318,-1992.16102593103,0,0,-1797,-5.63059448661722,-137.698039201728,-33.2000000000009,-18.6323922426861
7319,-1929.44610618857,0,0,-1800,-12.3660283534513,-79.5000000000021,-17.185584594807903,-20.3944932403068
7320,-1829.06344034988,0,0,-1803,-3.93536965488156,3.1233748907282696e-13,6.52176392277853e-14,-22.128070694995397
7321,-1729.60768865854,0,0,-1806,3.5374267885736,79.5000000000026,17.185584594808,-23.830700041926104
7322,-1658.88236255013,0,0,-1809,4.7195982481450995,137.698039201724,33.1999999999994,-25.4999999999999
7323,-1626.4798636550302,0,0,-1812,6.70188197646374,159.0,46.951890270786706,-27.1336359022821
7324,-1646.98190449547,0,0,-1815,1.54529245275477,137.698039201729,57.504086811286,-28.729322961244602
7325,-1715.62446028696,0,0,-1818,-10.9771056883072,79.5000000000036,64.1374748655939,-30.2848294642486
7326,-1797.67790030888,0,0,-1821,-11.279920414081301,1.40177881982145e-12,66.4,-31.797979894795297
7327,-1868.7989848363898,0,0,-1824,3.8301982732044397,-79.50000000000121,64.1374748655941,-33.266657975184195
7328,-1938.3600592536802,0,0,-1827,3.52270276307038,-137.698039201723,57.5040868112873,-34.6888096263168
7329,-1972.12008901129,0,0,-1830,5.99046655844141,-159.0,46.9518902707871,-36.062445840513895
7330,-1966.81279958387,0,0,-1833,8.070885081175831,-137.698039201726,33.1999999999999,-37.3856454633211
7331,-1937.09839352677,0,0,-1836,-0.127420241154309,-79.50000000000509,17.1855845948086,-38.6565578804181
7332,-1889.30423861288,0,0,-1839,-10.4308330070052,-3.1158951287157402e-12,6.506145803356129e-13,-39.8734056058695
7333,-1817.3424952218202,0,0,-1842,3.3775761410866405,79.4999999999997,-17.1855845948073,-41.0344867681001
7334,-1762.4210342142399,0,0,-1845,20.2191040741512,137.698039201727,-33.2000000000004,-42.1381774901157
7335,-1779.75775917803,0,0,-1848,-0.622934746604458,159.0,-46.9518902707862,-43.1829341606424
7336,-1827.77438926284,0,0,-1851,-12.8010460602774,137.698039201726,-57.504086811286605,-44.167295593006294
7337,-1893.29220575375,0,0,-1854,-9.564845819429259,79.5000000000066,-64.1374748655937,-45.089885068735
7338,-1969.15553395344,0,0,-1857,0.193878309578849,4.83001143761002e-12,-66.4,-45.9494122630234
7339,-2050.9064462451997,0,0,-1860,-0.524296330235656,-79.49999999999821,-64.1374748655943,-46.7446750493688
7340,-2103.62278074992,0,0,-1863,2.05390644395091,-137.698039201726,-57.504086811286705,-47.474561180854394
7341,-2129.76203202863,0,0,-1866,-9.67209191211664,-159.0,-46.95189027078629,-48.1380498457267
7342,-2083.8175815618,0,0,-1869,4.81467073501603,-137.698039201727,-33.2000000000005,-48.7342130950932
7343,-2018.23783493596,0,0,-1872,-0.290033200405172,-79.5000000000002,-17.185584594807402,-49.2622171407425
7344,-1934.1965805120199,0,0,-1875,-9.47525699073723,-6.5441277465043e-12,-1.36644679989901e-12,-49.721323521273
7345,-1841.70744793285,0,0,-1878,-10.282142392759699,79.4999999999967,17.1855845948066,-50.1108901348977
7346,-1757.96869083861,0,0,-1881,2.56364209714609,137.698039201725,33.1999999999998,-50.4303721374815
7347,-1721.27932382776,0,0,-1884,7.4481086060084705,159.0,46.951890270787004,-50.679322704555396
7348,-1739.55992965822,0,0,-1887,3.09533798500558,137.698039201728,57.5040868112862,-50.857393656240205
7349,-1795.80693919745,0,0,-1890,1.51992188116712,79.5000000000017,64.137474865594,-50.9643359442083
7350,-1882.91373590978,0,0,-1893,-5.3137359097788,-7.798595434698921e-13,66.4,-51.0
7351,-1954.5832716608102,0,0,-1896,7.7435894177990905,-79.4999999999952,64.1374748655944,-50.9643359442083
7352,-2037.8829034435603,0,0,-1899,-7.831557396882111,-137.698039201724,57.504086811287,-50.857393656240205
7353,-2058.37386765668,0,0,-1902,6.35356477708542,-159.0,46.9518902707868,-50.679322704555396
7354,-2061.27695112175,0,0,-1905,-1.3485397825468999,-137.698039201724,33.1999999999995,-50.430372137481605
7355,-2004.2136580174,0,0,-1908,16.211647522696303,-79.5000000000032,17.1855845948081,-50.1108901348977
7356,-1961.4103894900898,0,0,-1911,-0.6890659688174521,-9.342567654243899e-13,1.9507751328358303e-13,-49.721323521273
7357,-1901.9194404645102,0,0,-1914,-0.9716387289536609,79.4999999999937,-17.185584594805903,-49.2622171407425
7358,-1861.04192951716,0,0,-1917,0.194244376206135,137.698039201724,-33.1999999999992,-48.7342130950932
7359,-1838.5260013145898,0,0,-1920,17.563938801918198,159.0,-46.95189027078651,-48.1380498457268
7360,-1891.1929849158398,0,0,-1923,-0.912376125422189,137.698039201725,-57.50408681128679,-47.4745611808545
7361,-1952.16301131757,0,0,-1926,5.2191385974011295,79.4999999999968,-64.1374748655943,-46.7446750493688
7362,-2029.99489146923,0,0,-1929,11.3545207937955,2.64837307431867e-12,-66.4,-45.9494122630234
7363,-2122.36219357559,0,0,-1932,-1.6348336412625502,-79.5000000000001,-64.1374748655941,-45.08988506873511
7364,-2171.53910670655,0,0,-1935,2.83031489946378,-137.698039201723,-57.5040868112874,-44.1672955930064
7365,-2182.1474892105102,0,0,-1938,4.98733522092405,-159.0,-46.951890270787295,-43.1829341606425
7366,-2158.85857462283,0,0,-1941,-4.82235793098371,-137.698039201726,-33.2000000000002,-42.1381774901157
7367,-2090.2122954654897,0,0,-1944,-8.49222410258795,-79.4999999999983,-17.185584594807,-41.0344867681001
7368,-1989.46357982667,0,0,-1947,-2.59017422079901,-4.36248938321295e-12,-9.10909732846981e-13,-39.8734056058696
7369,-1890.7470293570102,0,0,-1950,1.2239439286024199,79.4999999999986,17.1855845948071,-38.6565578804181
7370,-1822.7140841441396,0,0,-1953,-3.22647788253851,137.698039201722,33.1999999999986,-37.385645463321204
7371,-1787.63909697263,0,0,-1956,-1.52854140289956,159.0,46.951890270786,-36.062445840514
7372,-1778.41024606862,0,0,-1959,20.0764375446807,137.698039201727,57.5040868112865,-34.688809626317
7373,-1863.88656887992,0,0,-1962,-12.2573857703317,79.4999999999998,64.1374748655941,-33.2666579751841
7374,-1919.85551752808,0,0,-1965,10.542462366714599,-2.9614979067612405e-12,66.4,-31.7979798947954
7375,-2020.38902271913,0,0,-1968,-6.74166812047624,-79.49999999999709,64.1374748655943,-30.2848294642487
7376,-2081.46099445772,0,0,-1971,-1.5377191060431699,-137.698039201721,57.5040868112877,-28.729322961244897
7377,-2101.5787839110603,0,0,-1974,11.602961720432198,-159.0,46.9518902707864,-27.1336359022822
7378,-2109.05299010893,0,0,-1977,-2.0549509072074397,-137.698039201728,33.2000000000008,-25.5
7379,-2077.6275118042604,0,0,-1980,-11.4823963571441,-79.5000000000013,17.1855845948077,-23.8307000419262
7380,-2014.38917790371,0,0,-1983,-9.261107208705651,-7.79072200100152e-12,1.62674195241038e-12,-22.1280706949957
7381,-1941.56133134993,0,0,-1986,2.51874648517994,79.50000000000341,-17.185584594808198,-20.3944932403069
7382,-1893.48219212832,0,0,-1989,9.65216091263858,137.698039201725,-33.1999999999996,-18.6323922426862
7383,-1913.13558534305,0,0,-1992,-16.3394629125501,159.0,-46.951890270785505,-16.8442321597136
7384,-1925.33222023108,0,0,-1995,4.506341273439769,137.698039201724,-57.504086811287095,-15.032513894956
7385,-2006.3062940664602,0,0,-1998,-10.4690479006367,79.5000000000028,-64.137474865594,-13.1997713002285
7386,-2074.25200624322,0,0,-2001,4.49656138855423,4.66734711027325e-13,-66.4,-11.348567631772198
7387,-2163.4028586714103,0,0,-2004,-6.2838918405131,-79.4999999999941,-64.1374748655945,-9.4814919653088
7388,-2209.05921051742,0,0,-2007,0.7440710705837059,-137.698039201728,-57.5040868112862,-7.60115557498488
7389,-2224.14819272561,0,0,-2010,-2.48611417355039,-159.0,-46.951890270787004,-5.71018828126871
7390,-2194.55851322853,0,0,-2013,-6.84923925388684,-137.69803920173,-33.200000000001396,-3.81123477290766
7391,-2108.71213169081,0,0,-2016,5.88040381209962,-79.5000000000042,-17.1855845948084,-1.90695090809282
7392,-2000.5850677929502,0,0,-2019,18.414932207057,-2.18085101992161e-12,-4.55372665794952e-13,-4.9965589405212004e-14
7393,-1921.9496851454999,0,0,-2022,1.4577793515959798,79.5000000000005,17.1855845948075,1.90695090809254
7394,-1842.22249303963,0,0,-2025,8.06823298574206,137.698039201723,33.199999999999,3.81123477290756
7395,-1825.9762028668104,0,0,-2028,-9.638281418867301,159.0,46.95189027078771,5.71018828126879
7396,-1832.0441111186801,0,0,-2031,-3.84739270667917,137.698039201726,57.504086811286705,7.60115557498497
7397,-1874.9632758808602,0,0,-2034,5.91775728823596,79.5000000000057,64.1374748655938,9.48149196530852
7398,-1943.18735873445,0,0,-2037,16.064073633779,3.8949673288158896e-12,66.4,11.348567631771902
7399,-2041.0920642267397,0,0,-2040,1.07068960743569,-79.499999999999,64.1374748655942,13.199771300228601
7400,-2114.4305900170198,0,0,-2043,-6.26915152153638,-137.698039201727,57.504086811286605,15.0325138949561
7401,-2142.5042903845897,0,0,-2046,-1.3004128150943899,-159.0,46.951890270787494,16.8442321597133
7402,-2145.07592582257,0,0,-2049,-10.2102788635265,-137.698039201731,33.200000000002,18.632392242686
7403,-2094.00159969515,0,0,-2052,-0.0816775302641738,-79.4999999999994,17.1855845948072,20.3944932403068
7404,-2042.9075598262,0,0,-2055,-10.0356305211937,-5.6090836377101696e-12,1.1712048853583501e-12,22.128070694995397
7405,-1966.1559910617002,0,0,-2058,5.6988934911806295,79.4999999999975,-17.1855845948068,23.830700041926104
7406,-1930.4105894596103,0,0,-2061,0.59137133866103,137.698039201726,-33.2,25.5000000000001
7407,-1926.49408476873,0,0,-2064,-1.67583040022764,159.0,-46.9518902707871,27.1336359022821
7408,-1960.73834297875,0,0,-2067,-2.66161833043162,137.698039201728,-57.5040868112863,28.729322961244602
7409,-2026.87268616999,0,0,-2070,-2.52004076865655,79.50000000000871,-64.1374748655936,30.2848294642485
7410,-2110.91834252612,0,0,-2073,-3.31632242091162,-1.71490365226402e-12,-66.4,31.7979798947954
7411,-2197.47510236529,0,0,-2076,-11.1042854748817,-79.499999999996,-64.1374748655944,33.266657975184195
7412,-2225.38246097123,0,0,-2079,14.1308554154652,-137.698039201725,-57.504086811286896,34.6888096263168
7413,-2252.00573311483,0,0,-2082,-0.11628868455580801,-159.0,-46.951890270788,36.062445840513796
7414,-2219.30579484285,0,0,-2085,-0.7934011044504421,-137.698039201724,-33.1999999999994,37.3856454633211
7415,-2157.46983670882,0,0,-2088,-11.440809994430802,-79.5000000000024,-17.185584594807903,38.6565578804181
7416,-2052.67932172872,0,0,-2091,-1.5527273345831103,-9.03731625549873e-12,-1.88703710492175e-12,39.8734056058695
7417,-1970.61798508357,0,0,-2094,-14.338056446478,79.5000000000024,17.185584594807903,41.0344867681002
7418,-1890.18061047929,0,0,-2097,-6.21682717112823,137.698039201724,33.1999999999994,42.1381774901157
7419,-1853.3747816361101,0,0,-2100,-2.5096060675348504,159.0,46.9518902707866,43.1829341606424
7420,-1854.18903917215,0,0,-2103,9.441539221826199,137.698039201729,57.504086811286,44.167295593006294
7421,-1919.5993255189398,0,0,-2106,-2.32668545326255,79.499999999996,64.1374748655944,45.08988506873511
7422,-2003.3379472867498,0,0,-2109,-6.6873595497748495,1.71332896552454e-12,66.4,45.9494122630234
7423,-2087.7143559718697,0,0,-2112,-7.096505886835929,-79.4999999999931,64.1374748655946,46.74467504936871
7424,-2153.91291048736,0,0,-2115,-6.19351927778275,-137.698039201723,57.5040868112873,47.474561180854394
7425,-2189.2325479274696,0,0,-2118,-7.3224880439835704,-159.0,46.9518902707871,48.1380498457267
7426,-2170.2851892921303,0,0,-2121,6.47863681450634,-137.698039201726,33.2,48.7342130950932
7427,-2151.39467435066,0,0,-2124,-14.342476086203199,-79.50000000000529,17.1855845948086,49.2622171407424
7428,-2083.99754471006,0,0,-2127,-6.71886823133287,5.61065832444965e-12,-1.17153368787251e-12,49.721323521273
7429,-1658.39108676029,1,0,-2130,0.5963966164634129,79.4999999999994,-17.1855845948072,50.1108901348977
7430,-1982.78902312346,0,0,-2133,-4.71743446266455,137.698039201722,-33.199999999998695,50.4303721374815
7431,-1975.4949908569397,0,0,-2136,-2.22242329070564,159.0,-46.9518902707861,50.679322704555396
7432,-2015.52738224052,0,0,-2139,-7.57872828720097,137.698039201727,-57.504086811286605,50.857393656240205
7433,-2076.16250730748,0,0,-2142,-0.48936838609618893,79.499999999999,-64.1374748655942,50.9643359442083
7434,-2161.09984861598,0,0,-2145,-0.6998486159815219,5.141561583313099e-12,-66.4,51.0
7435,-2240.18133161409,0,0,-2148,0.491807307300993,-79.5000000000057,-64.1374748655938,50.9643359442083
7436,-2294.0431315431197,0,0,-2151,1.30160081365345,-137.698039201726,-57.504086811286705,50.857393656240205
7437,-1965.77823510383,1,0,-2154,-15.0928786207494,-159.0,-46.95189027078771,50.679322704555396
7438,-2278.1975569589604,0,0,-2157,-0.7298898947100401,-137.698039201727,-33.2000000000006,50.430372137481605
7439,-2212.6668801336,0,0,-2160,-6.092185673688849,-79.5000000000005,-17.1855845948075,50.1108901348977
7440,-2107.5617839885,0,0,-2163,5.716892490225559,2.1824257066610904e-12,4.55701468309108e-13,49.721323521273
7441,-2014.4442132339898,0,0,-2166,5.6079850304648495,79.4999999999964,17.1855845948065,49.2622171407425
7442,-1944.29796776765,0,0,-2169,5.069779935542121,137.698039201721,33.199999999998106,48.7342130950932
7443,-1914.33062918347,0,0,-2172,3.5794307000178702,159.0,46.951890270787004,48.1380498457267
7444,-1942.41971568566,0,0,-2175,-10.096402879526401,137.698039201728,57.5040868112862,47.4745611808545
7445,-1976.9607270905103,0,0,-2178,10.657122994525801,79.5000000000019,64.137474865594,46.7446750493688
7446,-2077.45457059546,0,0,-2181,-8.80398285848539,-4.68309397766805e-13,66.4,45.9494122630234
7447,-2164.12552595625,0,0,-2184,-9.852885890579289,-79.5000000000028,64.137474865594,45.08988506873511
7448,-2228.34800624114,0,0,-2187,-5.32134944370897,-137.698039201724,57.504086811287095,44.1672955930064
7449,-2261.05758118248,0,0,-2190,-2.19240561390632,-159.0,46.951890270788205,43.1829341606426
7450,-2262.16147460348,0,0,-2193,-6.80161289186929,-137.698039201725,33.1999999999996,42.138177490115794
7451,-2210.0064255724697,0,0,-2196,7.2735030646294705,-79.50000000000341,17.185584594808198,41.0344867681001
7452,-2152.7863147296803,0,0,-2199,6.340279664450481,-1.24580691112748e-12,2.60130751254291e-13,39.8734056058696
7453,-2092.7027350649105,0,0,-2202,8.326291649487409,79.4999999999934,-17.185584594805903,38.6565578804183
7454,-2060.67331841841,0,0,-2205,2.44299691653804,137.698039201728,-33.2000000000008,37.3856454633211
7455,-2064.5968746224,0,0,-2208,-4.707430192131089,159.0,-46.9518902707864,36.062445840514
7456,-2085.6982868702103,0,0,-2211,10.4189511130319,137.69803920173,-57.504086811285894,34.688809626317
7457,-2173.75380062184,0,0,-2214,-8.38298373142451,79.49999999999709,-64.1374748655943,33.2666579751841
7458,-2262.36844699362,0,0,-2217,-10.7664268884159,2.9599232200217597e-12,-66.4,31.7979798947954
7459,-2323.1124929492103,0,0,-2220,10.240152452136499,-79.4999999999998,-64.1374748655941,30.2848294642487
7460,-2391.2246468138896,0,0,-2223,-1.75184376212969,-137.698039201722,-57.5040868112874,28.729322961244897
7461,-2406.86963806207,0,0,-2226,-2.05138369356987,-159.0,-46.951890270786,27.1336359022822
7462,-2375.6802190854396,0,0,-2229,-1.28217988371728,-137.698039201726,-33.2000000000002,25.5
7463,-2295.51555551028,0,0,-2232,9.33932904260784,-79.50000000000641,-17.1855845948089,23.8307000419262
7464,-2214.6122517911,0,0,-2235,-1.7403224860861697,-4.67403952891604e-12,-9.759629708176891e-13,22.1280706949957
7465,-2116.0159822203896,0,0,-2238,4.903939944500269,79.4999999999983,17.185584594807,20.394493240306698
7466,-2046.0811808755602,0,0,-2241,5.38838768003168,137.698039201726,33.2000000000002,18.6323922426862
7467,-2023.54357310818,0,0,-2244,-2.33969553868402,159.0,46.951890270785896,16.8442321597136
7468,-2036.0584202531898,0,0,-2247,0.7069398388400641,137.698039201723,57.5040868112874,15.0325138949561
7469,-2086.0783946390898,0,0,-2250,7.0843591950834295,79.5000000000001,64.1374748655941,13.1997713002285
7470,-2173.43700024716,0,0,-2253,1.8144321210596601,6.38815583781032e-12,66.4,11.348567631772198
7471,-2270.3184571536603,0,0,-2256,-8.43742398456762,-79.4999999999968,64.1374748655943,9.4814919653088
7472,-2322.9826378217003,0,0,-2259,8.61015899375087,-137.698039201725,57.50408681128679,7.60115557498489
7473,-2362.57445419525,0,0,-2262,5.76346725269022,-159.0,46.95189027078651,5.71018828126871
7474,-2357.15766872912,0,0,-2265,8.529135699702259,-137.698039201728,33.2000000000008,3.81123477290766
7475,-2329.1458014055497,0,0,-2268,-0.738336908439727,-79.50000000000941,17.185584594809598,1.9069509080928302
7476,-2284.6178781194103,0,0,-2271,-13.6178781194128,9.3583145216387e-13,-1.95406315797739e-13,5.62112880808635e-14
7477,-2213.13981559216,0,0,-2274,0.45271991074241297,79.49999999999541,-17.1855845948063,-1.90695090809254
7478,-2173.56377555406,0,0,-2277,2.7494200171264302,137.698039201724,-33.1999999999995,-3.8112347729075498
7479,-2175.7364729523497,0,0,-2280,-2.07439440029307,159.0,-46.9518902707868,-5.71018828126878
7480,-2214.6230245368397,0,0,-2283,-4.21582135229636,137.698039201724,-57.504086811287,-7.60115557498496
7481,-2280.42364377462,0,0,-2286,-0.30467694371992604,79.500000000003,-64.1374748655939,-9.48149196530851
7482,-2364.76823715128,0,0,-2289,1.9803304804831898,9.81638845559889e-12,-66.4,-11.348567631771902
7483,-2454.58144807946,0,0,-2292,-5.74420191363528,-79.5000000000017,-64.137474865594,-13.199771300228601
7484,-2500.55988177729,0,0,-2295,4.67475813068134,-137.698039201724,-57.5040868112872,-15.0325138949561
7485,-2511.68925201717,0,0,-2298,9.106870413333331,-159.0,-46.951890270787004,-16.8442321597133
7486,-2494.82337873867,0,0,-2301,-4.2929472942488305,-137.69803920173,-33.200000000001396,-18.632392242686
7487,-2411.66451497547,0,0,-2304,9.41556285963969,-79.4999999999967,-17.1855845948066,-20.3944932403068
7488,-2316.51343294717,0,0,-2307,12.6146377478293,-2.49240116562469e-12,-5.204259037656591e-13,-22.128070694995397
7489,-2240.81515802787,0,0,-2310,-3.67004258074165,79.49999999999241,17.1855845948056,-23.830700041926104
7490,-2179.5393099511302,0,0,-2313,-11.937349152853901,137.698039201727,33.2000000000005,-25.5000000000001
7491,-2128.81431175246,0,0,-2316,8.367433879038,159.0,46.95189027078629,-27.1336359022822
7492,-2160.63052095476,0,0,-2319,-8.103324006532361,137.698039201726,57.504086811286705,-28.729322961244602
7493,-2206.34392741886,0,0,-2322,2.30342717978919,79.500000000006,64.1374748655938,-30.2848294642485
7494,-2287.99085410666,0,0,-2325,2.40712578814363,-4.8315861243495e-12,66.4,-31.7979798947954
7495,-2383.76260690507,0,0,-2328,-7.1334237954770305,-79.4999999999987,64.1374748655942,-33.266657975184195
7496,-2441.08175079599,0,0,-2331,4.801011220756481,-137.698039201722,57.5040868112875,-34.6888096263168
7497,-2490.6137561046203,0,0,-2334,-8.50320053489066,-159.0,46.951890270787494,-36.062445840513796
7498,-2484.86214431667,0,0,-2337,-5.97845965162614,-137.698039201727,33.2000000000004,-37.3856454633211
7499,-2446.02128357034,0,0,-2340,-5.05031028473223,-79.4999999999997,17.1855845948073,-38.6565578804181
7500,-2388.24812493678,0,0,-2343,-5.37471933090168,-5.9206337834132594e-12,1.23625812332906e-12,-39.8734056058695
7501,-2683.38327496675,1,0,-2346,-0.0759925206895553,79.50000000000509,-17.1855845948086,-41.0344867681002
7502,-2286.0413697824,0,0,-2349,0.5987685059857,137.698039201726,-33.1999999999999,-42.1381774901157
7503,-2297.2653710239897,0,0,-2352,-14.130546592564599,159.0,-46.951890270785796,-43.1829341606424
7504,-2326.0828287738896,0,0,-2355,-7.109485571325839,137.698039201728,-57.5040868112863,-44.167295593006294
7505,-2390.9620003367604,0,0,-2358,-3.23464040242958,79.50000000000121,-64.1374748655941,-45.08988506873511
7506,-2475.95513180147,0,0,-2361,-2.60571953844023,-1.40335350656094e-12,-66.4,-45.9494122630234
7507,-2557.97199935413,0,0,-2364,-3.5898494391667795,-79.4999999999958,-64.1374748655944,-46.74467504936871
7508,-2608.77400310407,0,0,-2367,0.9026840897882621,-137.69803920171998,-57.5040868112879,-47.474561180854394
7509,-2625.66688521224,0,0,-2370,-1.5769450957288402,-159.0,-46.951890270786706,-48.1380498457267
7510,-2613.1908060316,0,0,-2373,-20.5585537347755,-137.698039201729,-33.200000000001005,-48.7342130950932
7511,-2518.97015679684,0,0,-2376,2.97764493871748,-79.5000000000026,-17.185584594808,-49.2622171407424
7512,-2443.57362551273,0,0,-2379,-14.8523019914555,-3.1076280233334603e-13,-6.48888367136295e-14,-49.721323521273
7513,-2340.70192427136,0,0,-2382,-5.27661873127643,79.5000000000021,17.185584594807903,-50.1108901348977
7514,-2263.2707106091398,0,0,-2385,1.26162232662,137.698039201724,33.1999999999993,-50.4303721374815
7515,-2245.89517791967,0,0,-2388,-13.167745485898,159.0,46.951890270785206,-50.679322704555396
7516,-2254.08603357876,0,0,-2391,-7.430765935528481,137.698039201725,57.504086811286896,-50.857393656240205
7517,-2300.47939573918,0,0,-2394,0.8474653394339259,79.50000000000409,64.1374748655939,-50.9643359442083
7518,-2398.12164690889,0,0,-2397,-16.5216469088924,2.02487911122763e-12,66.4,-51.0
7519,-2464.9173267391297,0,0,-2400,1.40953433947934,-79.4999999999928,64.1374748655946,-50.9643359442083
7520,-2531.54781898675,0,0,-2403,2.5035270599302004,-137.698039201727,57.5040868112864,-50.857393656240205
7521,-2570.0487053849697,0,0,-2406,-1.32127295120566,-159.0,46.9518902707872,-50.679322704555396
7522,-2574.10691814401,0,0,-2409,-10.1785068048011,-137.69803920173,33.2000000000017,-50.430372137481605
7523,-2520.91792709547,0,0,-2412,3.50737844461707,-79.4999999999978,17.1855845948069,-50.1108901348977
7524,-2453.92852914579,0,0,-2415,10.792794375485599,-3.73899542012191e-12,7.807210562770279e-13,-49.721323521273
7525,-2421.25966033849,0,0,-2418,-16.3118586029378,79.49999999999909,-17.1855845948072,-49.2622171407425
7526,-2367.93344922772,0,0,-2421,-2.6972753343551004,137.698039201722,-33.199999999998695,-48.7342130950932
7527,-2351.18398855698,0,0,-2424,8.90595155953411,159.0,-46.9518902707874,-48.1380498457267
7528,-2393.4147433890803,0,0,-2427,0.8658654013379901,137.698039201727,-57.5040868112865,-47.4745611808545
7529,-2456.66148844138,0,0,-2430,4.72066147357358,79.50000000000709,-64.1374748655937,-46.7446750493688
7530,-2552.33987863933,0,0,-2433,-6.9904663763130594,5.453111729016191e-12,-66.4,-45.9494122630234
7531,-2632.17982998857,0,0,-2436,-7.45247005424559,-79.4999999999976,-64.1374748655943,-45.08988506873511
7532,-2667.03031414708,0,0,-2439,11.3391074589397,-137.698039201726,-57.504086811286705,-44.1672955930064
7533,-2701.72750331888,0,0,-2442,-10.5926788874478,-159.0,-46.95189027078771,-43.1829341606426
7534,-2650.74737474971,0,0,-2445,7.28884194213108,-137.698039201723,-33.199999999999,-42.138177490115794
7535,-2585.21937020653,0,0,-2448,0.500701156376371,-79.50000000000071,-17.185584594807597,-41.0344867681001
7536,-2495.7939249055,0,0,-2451,-4.920519299616919,-7.167228037910471e-12,-1.4965532758404298e-12,-39.8734056058696
7537,-2412.90255051,0,0,-2454,-16.931577224381698,79.49999999999609,17.1855845948065,-38.6565578804183
7538,-2325.95530642794,0,0,-2457,-2.4677001663470097,137.698039201725,33.1999999999997,-37.3856454633211
7539,-2290.59526292401,0,0,-2460,-0.484707354277851,159.0,46.9518902707869,-36.062445840514
7540,-2298.2504350418,0,0,-2463,4.23624857150441,137.698039201728,57.5040868112862,-34.688809626317
7541,-2351.6347497604197,0,0,-2466,3.99443334916398,79.50000000000999,64.1374748655935,-33.2666579751843
7542,-2433.69586326376,0,0,-2469,0.702116631040626,-1.56759252063719e-13,66.4,-31.7979798947954
7543,-2521.64649026112,0,0,-2472,-3.9991356624702994,-79.49999999999471,64.1374748655945,-30.2848294642486
7544,-2577.48873769584,0,0,-2475,6.4345376558403,-137.698039201724,57.504086811287095,-28.729322961244897
7545,-2606.4466490026102,0,0,-2478,10.735096628880699,-159.0,46.9518902707869,-27.1336359022822
7546,-2618.79711696647,0,0,-2481,-7.79907776474597,-137.698039201725,33.1999999999996,-25.5
7547,-2567.8841887785898,0,0,-2484,2.2609266685359,-79.5000000000037,17.185584594808198,-23.8307000419262
7548,-2507.43569298774,0,0,-2487,1.69237770725976,-1.0595460655698999e-11,2.2123854954038197e-12,-22.1280706949957
7549,-2438.9664255882103,0,0,-2490,9.113652246900081,79.500000000001,-17.185584594807597,-20.394493240306698
7550,-2399.13936450182,0,0,-2493,7.994988539145349,137.698039201723,-33.1999999999991,-18.6323922426862
7551,-2399.73026651467,0,0,-2496,1.06585591582786,159.0,-46.9518902707864,-16.8442321597136
7552,-2440.63355718259,0,0,-2499,-6.79499567806923,137.698039201726,-57.50408681128679,-15.0325138949561
7553,-2506.23129659522,0,0,-2502,-6.394050429397991,79.4999999999974,-64.1374748655943,-13.1997713002285
7554,-2600.16636870484,0,0,-2505,-17.4178010730731,3.27147336572484e-12,-66.4,-11.348567631772198
7555,-2664.74739644669,0,0,-2508,-3.62842961579053,-79.4999999999917,-64.1374748655947,-9.48149196530881
7556,-2711.1348832653302,0,0,-2511,2.6683983226716297,-137.698039201727,-57.5040868112865,-7.601155574984901
7557,-2720.4637829692397,0,0,-2514,5.19829558282021,-159.0,-46.9518902707874,-5.710188281268719
7558,-2685.56988738943,0,0,-2517,6.1393865852045595,-137.698039201726,-33.2000000000003,-3.81123477290767
7559,-2606.45640953612,0,0,-2520,12.1361259667919,-79.50000000000671,-17.1855845948089,-1.9069509080928302
7560,-2523.27221278013,0,0,-2523,-0.272212780138587,4.05251392424935e-12,8.4618529739043e-13,-6.2456986756515e-14
7561,-2426.9564718130105,0,0,-2526,0.45099268409548604,79.4999999999981,17.1855845948069,1.90695090809253
7562,-2350.4691070175895,0,0,-2529,3.82161900778515,137.698039201721,33.1999999999985,3.81123477290754
7563,-2324.0823369097,0,0,-2532,-3.7444154617566494,159.0,46.9518902707872,5.71018828126877
7564,-2332.8801560072798,0,0,-2535,-0.6834375952821801,137.698039201727,57.5040868112864,7.60115557498495
7565,-2388.62602061541,0,0,-2538,-3.74498744631299,79.50000000000041,64.1374748655941,9.48149196530851
7566,-2464.44768559473,0,0,-2541,-1.1962532265079902,6.69970598351341e-12,66.4,11.348567631771902
7567,-2557.01342512499,0,0,-2544,-10.850671290806101,-79.5000000000044,64.1374748655939,13.199771300228601
7568,-2625.16372104402,0,0,-2547,-13.002282548538599,-137.698039201725,57.504086811286896,15.0325138949561
7569,-2645.93246494987,0,0,-2550,-0.7285873803673171,-159.0,46.9518902707879,16.8442321597135
7570,-2633.43795590318,0,0,-2553,5.427691055861549,-137.698039201728,33.2000000000009,18.632392242685896
7571,-2591.28855516674,0,0,-2556,6.631366998148191,-79.50000000000179,17.1855845948078,20.394493240306698
7572,-2541.15268836033,0,0,-2559,-4.28075905533054,6.24281306460784e-13,-1.3035307782703202e-13,22.128070694995397
7573,-2469.00112082968,0,0,-2562,6.85376372320953,79.4999999999951,-17.185584594806198,23.830700041926104
7574,-2444.42667487639,0,0,-2565,-9.42471407812105,137.698039201729,-33.200000000001104,25.5000000000001
7575,-2430.53194843735,0,0,-2568,-1.7136940688440099,159.0,-46.951890270786706,27.1336359022822
7576,-2461.72011594803,0,0,-2571,0.356608700279057,137.698039201729,-57.50408681128611,28.7293229612448
7577,-2531.8379654310397,0,0,-2574,-3.48532002969752,79.5000000000033,-64.1374748655939,30.2848294642485
7578,-2617.2556642213603,0,0,-2577,-5.653644116161409,1.0898350024335e-12,-66.4,31.7979798947954
7579,-2682.67704768991,0,0,-2580,7.69376920049871,-79.5000000000014,-64.1374748655941,33.2666579751841
7580,-2742.64265381522,0,0,-2583,0.8706625714755191,-137.698039201723,-57.5040868112872,34.6888096263169
7581,-2752.26853004551,0,0,-2586,3.6209143847681498,-159.0,-46.951890270788404,36.062445840513796
7582,-2731.73513044285,0,0,-2589,-9.22273670444185,-137.698039201725,-33.1999999999999,37.3856454633211
7583,-2655.65839344008,0,0,-2592,-5.62936672568496,-79.5000000000048,-17.1855845948085,38.6565578804179
7584,-2555.9716591228103,0,0,-2595,-0.8450647286749859,-2.8039513113277796e-12,-5.854791417363671e-13,39.8734056058695
7585,-2458.44818105013,0,0,-2598,1.8317475869599,79.4999999999999,17.185584594807402,41.0344867681001
7586,-2388.51152890008,0,0,-2601,-0.547745591921897,137.698039201727,33.2000000000005,42.1381774901157
7587,-2351.72003165883,0,0,-2604,3.14514390974603,159.0,46.9518902707862,43.1829341606425
7588,-2370.35841373778,0,0,-2607,-2.72783534379931,137.698039201731,57.5040868112857,44.167295593006294
7589,-2429.75098350061,0,0,-2610,-8.47834343493505,79.49999999999851,64.1374748655942,45.08988506873511
7590,-2509.1166361224105,0,0,-2613,-8.46604838543556,4.5180676202220596e-12,66.4,45.9494122630233
7591,-2588.49308781835,0,0,-2616,-3.8752377333131003,-79.49999999999851,64.1374748655942,46.7446750493688
7592,-2660.4548752408605,0,0,-2619,-8.73548403128119,-137.698039201722,57.50408681128761,47.474561180854394
7593,-2673.13887198947,0,0,-2622,12.771187894012801,-159.0,46.9518902707862,48.1380498457267
7594,-2672.0151288653897,0,0,-2625,8.748697241248339,-137.698039201727,33.2000000000005,48.7342130950931
7595,-2648.67562697821,0,0,-2628,-7.623428713749861,-79.5000000000078,17.1855845948092,49.2622171407425
7596,-2575.91034535125,0,0,-2631,5.3683311274744,2.80591966975213e-12,-5.858901448790611e-13,49.721323521273
7597,-2515.5054177960997,0,0,-2634,6.06927666380856,79.499999999997,-17.1855845948067,50.1108901348977
7598,-2490.95189049211,0,0,-2637,-8.880301831320029,137.698039201725,-33.1999999999999,50.430372137481605
7599,-2481.1892688602898,0,0,-2640,-3.9167012940586297,159.0,-46.951890270785704,50.679322704555396
7600,-2512.8910307193696,0,0,-2643,-0.9423767660452281,137.698039201723,-57.5040868112872,50.857393656240205
7601,-2570.28598323505,0,0,-2646,9.387155686332711,79.5000000000014,-64.1374748655941,50.9643359442083
7602,-2665.6639523829103,0,0,-2649,-1.2639523829186798,7.94630023801063e-12,-66.4,51.0
7603,-2735.54361589268,0,0,-2652,9.12952302869858,-79.4999999999955,-64.1374748655944,50.9643359442083
7604,-2798.92100564438,0,0,-2655,0.42372671238760906,-137.698039201724,-57.504086811287,50.857393656240205
7605,-2807.0719992128,0,0,-2658,6.20056835343442,-159.0,-46.951890270786706,50.679322704555396
7606,-2772.63539795492,0,0,-2661,8.83226910932658,-137.698039201729,-33.200000000001104,50.430372137481605
7607,-2714.9200143208,0,0,-2664,-4.34531986089602,-79.4999999999951,-17.185584594806198,50.1108901348977
7608,-2614.0463735622698,0,0,-2667,3.23230291645759,-6.22312948036433e-13,-1.2994207468433698e-13,49.721323521273
7609,-2519.71507900988,0,0,-2670,4.33711925457986,79.499999999994,17.185584594806002,49.2622171407425
7610,-2446.3002070169,0,0,-2673,7.0675406862848,137.698039201724,33.1999999999992,48.7342130950932
7611,-2403.62596628818,0,0,-2676,18.284093595307397,159.0,46.95189027078651,48.1380498457267
7612,-2436.6163511600503,0,0,-2679,-0.293038353920207,137.698039201725,57.504086811286896,47.4745611808545
7613,-2848.7572331901,1,0,-2682,1.4478279780882999,79.5000000000044,64.1374748655939,46.7446750493688
7614,-2584.3192398574697,0,0,-2685,-11.668652120509,1.13745328557992e-11,66.4,45.9494122630234
7615,-2665.07017687219,0,0,-2688,-6.7975368065168205,-79.50000000000041,64.1374748655941,45.08988506873511
7616,-2729.53275942071,0,0,-2691,-2.50610262328433,-137.698039201723,57.5040868112873,44.16729559300649
7617,-2758.2555498574898,0,0,-2694,4.60962571108431,-159.0,46.9518902707872,43.1829341606425
7618,-2744.08370949278,0,0,-2697,15.2761522188339,-137.698039201726,33.2000000000001,42.1381774901157
7619,-2723.1137845520702,0,0,-2700,-1.8338559149793703,-79.499999999998,17.1855845948069,41.0344867681001
7620,-2655.10070633458,0,0,-2703,8.025888059555381,-4.050545565825e-12,8.457742942477349e-13,39.873405605869706
7621,-2613.6264413028102,0,0,-2706,-8.597414588412171,79.49999999999099,-17.1855845948053,38.656557880418205
7622,-2571.3672425033,0,0,-2709,-4.2509271683479,137.698039201726,-33.2000000000003,37.3856454633211
7623,-2568.99176670033,0,0,-2712,-5.10232227005722,159.0,-46.951890270786,36.062445840514
7624,-2591.9333058767897,0,0,-2715,8.18393210645661,137.698039201727,-57.5040868112865,34.6888096263168
7625,-2667.69812005057,0,0,-2718,1.6726968398285702,79.5000000000074,-64.1374748655937,33.2666579751843
7626,-2765.06547140841,0,0,-2721,-9.46345130320411,-3.2734417241492003e-12,-66.4,31.7979798947954
7627,-2828.6292620133195,0,0,-2724,8.72338338802089,-79.4999999999974,-64.1374748655943,30.2848294642487
7628,-2891.1370090605,0,0,-2727,2.3357939912651298,-137.698039201721,-57.5040868112877,28.729322961244698
7629,-2914.54239629224,0,0,-2730,-5.72414192373263,-159.0,-46.9518902707864,27.133635902282
7630,-2864.49346779192,0,0,-2733,13.9045714098122,-137.698039201728,-33.2000000000007,25.5
7631,-2808.50879058967,0,0,-2736,0.346093963212519,-79.500000000001,-17.185584594807597,23.8307000419264
7632,-2718.2549266297,0,0,-2739,-1.38299732468406,-7.478778183613559e-12,-1.5616065138111298e-12,22.1280706949955
7633,-2621.5493234099804,0,0,-2742,3.3705987549004703,79.5000000000037,17.185584594808198,20.394493240306698
7634,-2556.32358023707,0,0,-2745,-0.8540116814797281,137.698039201725,33.1999999999996,18.6323922426862
7635,-2528.13937839483,0,0,-2748,-2.9355008253343797,159.0,46.951890270785505,16.8442321597138
7636,-2542.43398429463,0,0,-2751,-1.66862420259803,137.698039201729,57.50408681128611,15.0325138949562
7637,-2608.95700058689,0,0,-2754,-11.7942467527179,79.5000000000025,64.137474865594,13.1997713002285
7638,-2666.65804042623,0,0,-2757,12.593391941993401,1.54790893639368e-13,66.4,11.348567631772198
7639,-2764.1535282450395,0,0,-2760,1.72750492404778,-79.4999999999944,64.1374748655945,9.481491965308642
7640,-2840.33509033612,0,0,-2763,-4.742293520667321,-137.698039201728,57.5040868112862,7.60115557498473
7641,-2879.70581739203,0,0,-2766,-7.36789594408981,-159.0,46.9518902707869,5.710188281268719
7642,-2870.65198263474,0,0,-2769,-0.9651782059195699,-137.698039201729,33.2000000000013,3.8112347729078597
7643,-2830.51761340509,0,0,-2772,1.88985109201199,-79.500000000004,17.1855845948083,1.90695090809266
7644,-2767.4920887976396,0,0,-2775,7.507911202360471,-1.86890720253365e-12,3.9023722719570603e-13,-1.12485712186659e-13
7645,-2717.13536395013,0,0,-2778,0.4571715527659771,79.50000000000071,-17.185584594807597,-1.90695090809252
7646,-2693.4432621435103,0,0,-2781,-13.1300665723227,137.698039201723,-33.199999999999,-3.8112347729073597
7647,-2682.48106485955,0,0,-2784,-4.81898630749643,159.0,-46.951890270785,-5.710188281268589
7648,-2699.1033040008897,0,0,-2787,15.3038991836537,137.698039201726,-57.504086811286705,-7.60115557498495
7649,-2783.2492201905397,0,0,-2790,0.869746640358745,79.5000000000055,-64.1374748655938,-9.4814919653085
7650,-2860.25697053495,0,0,-2793,10.491597096823302,3.5830235114279305e-12,-66.4,-11.348567631772099
7651,-2954.24691465906,0,0,-2796,-1.4096684932407901,-79.49999999999929,-64.1374748655942,-13.199771300228699
7652,-2995.56074005601,0,0,-2799,13.6738998519558,-137.698039201727,-57.5040868112865,-15.0325138949561
7653,-3023.56503321273,0,0,-2802,1.23108921776603,-159.0,-46.9518902707874,-16.8442321597133
7654,-2995.22646915211,0,0,-2805,-0.6960377076866829,-137.698039201731,-33.2000000000019,-18.6323922426861
7655,-2922.0863849256702,0,0,-2808,2.9936929094430296,-79.49999999999909,-17.1855845948072,-20.3944932403069
7656,-2824.37175484528,0,0,-2811,8.7563158497245,-5.29713982032221e-12,-1.1060694467591001e-12,-22.128070694995397
7657,-2741.36533936309,0,0,-2814,-0.22022391596753998,79.4999999999978,17.1855845948069,-23.830700041925898
7658,-2679.5985558787197,0,0,-2817,-7.99659508044103,137.698039201721,33.1999999999984,-25.4999999999999
7659,-2634.4910567217003,0,0,-2820,6.6906889097927795,159.0,46.9518902707872,-27.1336359022822
7660,-2647.7167823572,0,0,-2823,8.81041459102841,137.698039201727,57.5040868112864,-28.729322961244602
7661,-3071.6267430287103,1,0,-2826,-0.39217734691106104,79.5000000000084,64.1374748655936,-30.2848294642483
7662,-2791.13847035979,0,0,-2829,3.25950953501198,-2.02684746965198e-12,66.4,-31.797979894795603
7663,-2889.2950185492605,0,0,-2832,-8.665835439672401,-79.4999999999963,64.1374748655944,-33.266657975184195
7664,-2952.8866226560804,0,0,-2835,-3.00386063932769,-137.698039201725,57.504086811286896,-34.6888096263168
7665,-2990.6356842375703,0,0,-2838,-4.5251286678486204,-159.0,46.9518902707879,-36.062445840513895
7666,-2979.0414756212604,0,0,-2841,3.8422090437895697,-137.698039201724,33.1999999999993,-37.385645463321204
7667,-2947.3350506174297,0,0,-2844,-2.36407733181617,-79.5000000000021,17.185584594807903,-38.6565578804181
7668,-2887.81430504047,0,0,-2847,-0.9408994345943069,-8.72537243811078e-12,1.8219016663225e-12,-39.8734056058694
7669,-2831.02426426414,0,0,-2850,-2.30419290123235,79.4999999999948,-17.185584594806198,-41.0344867681
7670,-2793.4004903794603,0,0,-2853,-2.7603520910681496,137.698039201724,-33.1999999999994,-42.138177490115794
7671,-2798.2279496660603,0,0,-2856,-11.093125234633801,159.0,-46.951890270786706,-43.1829341606424
7672,-2821.4736471800397,0,0,-2859,1.4996960225213798,137.698039201729,-57.504086811286,-44.1672955930062
7673,-2875.8938037839803,0,0,-2862,15.8335561503547,79.4999999999958,-64.1374748655944,-45.0898850687352
7674,-2977.70990657958,0,0,-2865,-0.360494316553659,1.40138514813658e-12,-66.4,-45.9494122630234
7675,-3056.3509284457105,0,0,-2868,2.0312214692480297,-79.49999999999329,-64.1374748655946,-46.74467504936871
7676,-3108.40069315031,0,0,-2871,5.27599404355347,-137.698039201723,-57.5040868112873,-47.474561180854394
7677,-3125.58108863669,0,0,-2874,2.5088514798215296,-159.0,-46.9518902707871,-48.1380498457268
7678,-3090.7603634366997,0,0,-2877,5.87188886012208,-137.698039201726,-33.1999999999999,-48.7342130950932
7679,-3036.15442485331,0,0,-2880,-10.206623117753301,-79.500000000005,-17.1855845948086,-49.2622171407424
7680,-2921.91389478323,0,0,-2883,10.807428738055698,-1.2153605055899302e-11,-2.5377338858858998e-12,-49.721323521273
7681,-2842.9427385956897,0,0,-2886,-3.51743305559974,79.4999999999997,17.1855845948073,-50.1108901348977
7682,-2784.0926051964,0,0,-2889,-15.560272260638301,137.698039201722,33.1999999999988,-50.4303721374815
7683,-2733.83177072924,0,0,-2892,2.89566170452547,159.0,46.9518902707862,-50.67932270455529
7684,-2753.40531755969,0,0,-2895,-2.75004991646471,137.698039201726,57.504086811286605,-50.857393656240205
7685,-2812.63560524352,0,0,-2898,-7.30874416490391,79.4999999999987,64.1374748655942,-50.9643359442083
7686,-2891.4204257244396,0,0,-2901,-5.820425724444879,4.82961776592515e-12,66.4,-51.0
7687,-2977.56842313855,0,0,-2904,-7.24156205994393,-79.49999999999041,64.1374748655947,-50.9643359442083
7688,-3036.2675941173197,0,0,-2907,1.7837519293631898,-137.698039201726,57.504086811286705,-50.857393656240205
7689,-3073.2996128027003,0,0,-2910,-0.572180368935079,-159.0,46.9518902707876,-50.679322704555396
7690,-3068.21568935979,0,0,-2913,-0.287278020579583,-137.698039201727,33.2000000000005,-50.430372137481605
7691,-3030.393893955,0,0,-2916,-1.9685884149111799,-79.5000000000002,17.185584594807402,-50.1108901348977
7692,-2965.57387674514,0,0,-2919,3.14744677612665,2.49436952404904e-12,-5.20836906908354e-13,-49.721323521273
7693,-3267.3971554021696,1,0,-2922,0.137857416538002,79.4999999999967,-17.1855845948066,-49.2622171407425
7694,-2876.09226218178,0,0,-2925,-6.856088288410111,137.698039201721,-33.1999999999982,-48.734213095093295
7695,-2865.31398422056,0,0,-2928,-1.22404410405057,159.0,-46.951890270787004,-48.1380498457268
7696,-2898.4908725361997,0,0,-2931,-0.210263745784906,137.698039201728,-57.5040868112862,-47.474561180854394
7697,-2966.38353679695,0,0,-2934,-1.00138688198825,79.5000000000017,-64.137474865594,-46.7446750493688
7698,-3046.97110418682,0,0,-2937,2.37830807619927,8.257850383713711e-12,-66.4,-45.9494122630235
7699,-3138.28054855331,0,0,-2940,-9.553188618984448,-79.4999999999952,-64.1374748655944,-45.089885068735
7700,-3192.18255033969,0,0,-2943,-9.81312873366937,-137.698039201724,-57.504086811287,-44.1672955930064
7701,-3194.70999955886,0,0,-2946,0.42482487256839396,-159.0,-46.9518902707868,-43.1829341606426
7702,-3157.3888513889897,0,0,-2949,4.64736530285157,-137.698039201724,-33.1999999999995,-42.138177490115794
7703,-3098.7316832893202,0,0,-2952,-9.01161192641904,-79.49999999999541,-17.1855845948063,-41.0344867681
7704,-2993.05198915978,0,0,-2955,1.82141644609844,-9.97196669260799e-12,-2.08219681883387e-12,-39.8734056058696
7705,-2908.04022642735,0,0,-2958,-8.06925314173067,79.4999999999937,17.185584594805903,-38.6565578804183
7706,-2823.7898806814696,0,0,-2961,3.6977255801286804,137.698039201724,33.1999999999992,-37.385645463321204
7707,-2798.0723181575104,0,0,-2964,-3.9617625877876606,159.0,46.95189027078651,-36.062445840513895
7708,-2822.52653642951,0,0,-2967,-16.0398528162046,137.698039201725,57.50408681128679,-34.688809626317
7709,-2853.3683006920396,0,0,-2970,6.26088241754029,79.5000000000125,64.13747486559339,-33.2666579751844
7710,-2947.9609742105104,0,0,-2973,-9.562994315703449,-6.39012419623467e-12,66.4,-31.7979798947955
7711,-3016.74223784558,0,0,-2976,4.90511675306345,-79.4999999999922,64.1374748655946,-30.2848294642486
7712,-3085.10980935084,0,0,-2979,2.81346600083929,-137.698039201723,57.5040868112874,-28.729322961244897
7713,-3112.9041268629103,0,0,-2982,8.27761876858544,-159.0,46.951890270787295,-27.1336359022822
7714,-3116.9547749687,0,0,-2985,-1.95673576697796,-137.698039201726,33.2000000000002,-25.4999999999999
7715,-3067.04417611606,0,0,-2988,7.10093933105279,-79.4999999999983,17.185584594807,-23.8307000419262
7716,-3020.7147635353003,0,0,-2991,-7.58669284029136,-1.34001993103966e-11,2.7980290383972702e-12,-22.1280706949957
7717,-2956.32683724195,0,0,-2994,-4.24675940684502,79.50000000000641,-17.1855845948089,-20.3944932403069
7718,-2902.14073045481,0,0,-2997,8.99362258615641,137.698039201722,-33.1999999999986,-18.6323922426861
7719,-2894.38648665984,0,0,-3000,10.409635770662199,159.0,-46.951890270786,-16.8442321597136
7720,-2961.6849274208303,0,0,-3003,-23.8463659163115,137.698039201727,-57.5040868112865,-15.0325138949564
7721,-3008.36239182972,0,0,-3006,-4.5251456638976695,79.4999999999998,-64.1374748655941,-13.199771300228699
7722,-3084.16255245274,0,0,-3009,2.58601517903914,-2.96189157844611e-12,-66.4,-11.348567631772001
7723,-3160.32085276128,0,0,-3012,4.79811406961302,-79.4999999999893,-64.1374748655948,-9.48149196530882
7724,-3204.35518444592,0,0,-3015,13.4480971420787,-137.69803920173,-57.504086811285894,-7.601155574984911
7725,-3241.35533146424,0,0,-3018,-11.6932529121846,-159.0,-46.95189027078779,-5.71018828126855
7726,-3205.5604700673603,0,0,-3021,-9.85119609272057,-137.698039201728,-33.2000000000008,-3.8112347729076803
7727,-3126.8530591540602,0,0,-3024,-4.26052365115479,-79.5000000000013,-17.1855845948077,-1.9069509080928502
7728,-3019.68786412579,0,0,-3027,7.31213587420817,1.24777526955183e-12,2.60541754396985e-13,-7.494838410781799e-14
7729,-2927.2855990837,0,0,-3030,4.12186541339809,79.50000000000341,17.185584594808198,1.9069509080926998
7730,-2862.89286508209,0,0,-3033,-4.60213905671937,137.69803920171998,33.1999999999979,3.81123477290753
7731,-2820.8102701715698,0,0,-3036,3.5276512763777403,159.0,46.951890270785505,5.7101882812684
7732,-2843.8807939075896,0,0,-3039,-7.68407549558764,137.698039201729,57.50408681128611,7.601155574984761
7733,-2889.2335544349103,0,0,-3042,-0.35252126581932397,79.5000000000028,64.137474865594,9.48149196530867
7734,-2971.0978054808897,0,0,-3045,-3.8463731126670897,4.663410393424551e-13,66.4,11.348567631771902
7735,-3056.4389065821397,0,0,-3048,-6.27615274796429,-79.500000000002,64.137474865594,13.199771300228601
7736,-3115.1301589120503,0,0,-3051,1.031279583436,-137.698039201728,57.5040868112862,15.0325138949559
7737,-3138.73543759384,0,0,-3054,10.4684399756575,-159.0,46.9518902707883,16.8442321597135
7738,-3138.3748819362895,0,0,-3057,4.49076502275288,-137.69803920173,33.200000000001396,18.632392242685896
7739,-3109.49795876615,0,0,-3060,-7.57803660125761,-79.5000000000042,17.1855845948084,20.394493240306698
7740,-3050.7985313391496,0,0,-3063,-9.92660203414159,-2.18045734823674e-12,4.552904651664129e-13,22.128070694995603
7741,-2980.39174804041,0,0,-3066,-0.536863487530711,79.5000000000005,-17.1855845948075,23.830700041926104
7742,-2935.64788078676,0,0,-3069,3.3540800115173703,137.69803920171802,-33.1999999999973,25.4999999999998
7743,-2927.26689645893,0,0,-3072,5.55135790957224,159.0,-46.95189027078771,27.1336359022821
7744,-2966.0798780745504,0,0,-3075,-0.00315342624180372,137.69803920173,-57.5040868112858,28.7293229612448
7745,-3037.58152472247,0,0,-3078,-5.22887932113286,79.5000000000057,-64.1374748655938,30.2848294642485
7746,-3116.96695961979,0,0,-3081,-1.3649395145883,3.89457365713102e-12,-66.4,31.7979798947954
7747,-3182.73833285543,0,0,-3084,11.6324840349806,-79.499999999999,-64.1374748655942,33.266657975184
7748,-3258.50930796588,0,0,-3087,-10.995991579180501,-137.698039201727,-57.504086811286605,34.6888096263169
7749,-3257.22332140992,0,0,-3090,2.6661230203530297,-159.0,-46.951890270788795,36.062445840513796
7750,-3230.6366624355796,0,0,-3093,-4.12426869718195,-137.698039201722,-33.199999999998695,37.3856454633211
7751,-3148.9348870169897,0,0,-3096,5.094139697406749,-79.5000000000072,-17.1855845948091,38.656557880418205
7752,-3052.87040739471,0,0,-3099,6.256186999425339,-5.608689966025299e-12,-1.1711226847298102e-12,39.8734056058695
7753,-2956.19385087542,0,0,-3102,8.08607776167588,79.4999999999975,17.1855845948068,41.034486768099896
7754,-2896.99138607302,0,0,-3105,-5.02760276486333,137.698039201726,33.2,42.1381774901157
7755,-2858.4906118448403,0,0,-3108,0.37456372373049995,159.0,46.9518902707871,43.1829341606425
7756,-2871.0494930802197,0,0,-3111,0.5810853137583161,137.698039201732,57.5040868112854,44.167295593006294
7757,-2934.13976653039,0,0,-3114,-8.86712646471739,79.4999999999931,64.1374748655946,45.08988506873511
7758,-2999.9901297586302,0,0,-3117,4.66045797834433,7.32280627491958e-12,66.4,45.9494122630233
7759,-3086.27539270479,0,0,-3120,2.3424573802418,-79.499999999996,64.1374748655944,46.7446750493688
7760,-3145.5809289758504,0,0,-3123,10.1384622337295,-137.698039201725,57.504086811286896,47.4745611808543
7761,-3185.3723107629103,0,0,-3126,4.53774912058091,-159.0,46.9518902707866,48.1380498457267
7762,-3171.7664003989803,0,0,-3129,12.9974257076503,-137.698039201724,33.1999999999994,48.7342130950931
7763,-3130.2653075787202,0,0,-3132,14.7868906857344,-79.5000000000102,17.1855845948098,49.2622171407425
7764,-3085.79448052838,0,0,-3135,-0.515804049644907,-9.036922583813858e-12,1.88695490429321e-12,49.721323521273
7765,-3023.2571093132697,0,0,-3138,2.31758514664726,79.4999999999945,-17.185584594806098,50.1108901348977
7766,-3004.9731835348603,0,0,-3141,-18.9015948740623,137.698039201724,-33.1999999999994,50.430372137481605
7767,-2980.1434332072304,0,0,-3144,1.12913435899721,159.0,-46.9518902707866,50.679322704555396
7768,-3024.5730941603497,0,0,-3147,-8.62444020703105,137.698039201725,-57.504086811286896,50.857393656240205
7769,-3082.53209593274,0,0,-3150,1.14104298865185,79.499999999996,-64.1374748655944,50.9643359442083
7770,-3175.0975625411897,0,0,-3153,-6.69756254119675,1.07510388927081e-11,-66.4,51.0
7771,-3239.0009971478103,0,0,-3156,9.67214177357203,-79.4999999999931,-64.1374748655946,50.9643359442083
7772,-3303.96867322868,0,0,-3159,-0.623940871907034,-137.698039201723,-57.5040868112873,50.857393656240205
7773,-3314.37980631703,0,0,-3162,2.89276124920259,-159.0,-46.9518902707871,50.679322704555396
7774,-3281.03249076764,0,0,-3165,4.435176296603419,-137.698039201726,-33.2,50.430372137481605
7775,-3210.83871583006,0,0,-3168,3.7359786298648303,-79.50000000001309,-17.1855845948104,50.1108901348977
7776,-3112.95045013407,0,0,-3171,8.328226344650709,5.61105199613452e-12,1.17161588850104e-12,49.721323521273
7777,-3019.8776167236497,0,0,-3174,8.17458154080555,79.4999999999916,17.185584594805402,49.2622171407425
7778,-2946.65339416126,0,0,-3177,10.7143535419279,137.698039201722,33.199999999998695,48.7342130950932
7779,-2930.64766095214,0,0,-3180,-4.73760106865582,159.0,46.9518902707861,48.1380498457267
7780,-2945.6499510929402,0,0,-3183,-5.326638286803901,137.698039201727,57.504086811286605,47.4745611808545
7781,-2988.61608345143,0,0,-3186,7.00176663360441,79.499999999999,64.1374748655942,46.7446750493688
7782,-3083.7003855777198,0,0,-3189,-7.0497978407544,1.41792715104967e-11,66.4,45.9494122630234
7783,-3153.44318232388,0,0,-3192,8.82945774179823,-79.5000000000057,64.1374748655938,45.08988506873511
7784,-3244.4824595243394,0,0,-3195,-13.4558027269128,-137.698039201721,57.50408681128761,44.16729559300649
7785,-3249.98151477873,0,0,-3198,16.8836607898381,-159.0,46.95189027078771,43.1829341606425
7786,-3284.2629597181603,0,0,-3201,-20.903098006547697,-137.698039201727,33.2000000000006,42.1381774901159
7787,-3231.3654354749897,0,0,-3204,-6.085506837893179,-79.5000000000005,17.1855845948075,41.0344867681001
7788,-3172.68400743541,0,0,-3207,-5.55741304128588,2.18281937834596e-12,-4.55783668937647e-13,39.873405605869706
7789,-3104.74882160891,0,0,-3210,4.28020510548334,79.49999999998859,-17.1855845948047,38.656557880418205
7790,-3068.8342110209,0,0,-3213,2.28210431405057,137.69803920173,-33.200000000001396,37.3856454633211
7791,-3068.3041936975105,0,0,-3216,-0.414749267235739,159.0,-46.9518902707856,36.062445840514
7792,-3108.00882967879,0,0,-3219,-3.89159169554967,137.698039201728,-57.5040868112862,34.6888096263169
7793,-3191.43627091122,0,0,-3222,-18.0654540208104,79.5000000000019,-64.137474865594,33.2666579751843
7794,-3265.67636242537,0,0,-3225,-6.07434232016482,-4.68703069451676e-13,-66.4,31.7979798947954
7795,-3339.47626048083,0,0,-3228,1.87638492051524,-79.5000000000028,-64.137474865594,30.2848294642487
7796,-3382.50507280914,0,0,-3231,14.9677302426228,-137.69803920171998,-57.504086811288005,28.729322961244698
7797,-3416.70971115967,0,0,-3234,-3.8914567911612004,-159.0,-46.9518902707881,27.1336359022823
7798,-3375.55567975978,0,0,-3237,6.842359441946971,-137.698039201729,-33.2000000000012,25.5
7799,-3320.04825429735,0,0,-3240,-7.19336974446365,-79.50000000000341,-17.185584594808198,23.8307000419264
7800,-3212.9841767981297,0,0,-3243,7.88775250687714,-1.24541323944261e-12,-2.60048550625752e-13,22.1280706949955
7801,-3137.66778708102,0,0,-3246,-8.74786491613852,79.5000000000013,17.1855845948077,20.394493240306698
7802,-3043.68383823009,0,0,-3249,15.7857303254932,137.698039201728,33.2000000000008,18.6323922426862
7803,-3032.78647224614,0,0,-3252,-3.58259467664113,159.0,46.9518902707851,16.8442321597135
7804,-3059.59317755846,0,0,-3255,-14.827817466434901,137.69803920173,57.504086811285894,15.0325138949563
7805,-3101.42277554,0,0,-3258,-0.260021705830559,79.5000000000049,64.1374748655938,13.1997713002285
7806,-3183.08078377681,0,0,-3261,0.170648591418107,2.95952954833689e-12,66.4,11.348567631772198
7807,-3268.5006751548804,0,0,-3264,1.3803580142157,-79.4999999999998,64.1374748655941,9.481491965308651
7808,-3343.0027560794606,0,0,-3267,-3.4099592640079504,-137.698039201727,57.5040868112865,7.60115557498474
7809,-3379.8382683381,0,0,-3270,-3.5003468901530295,-159.0,46.951890270786,5.7101882812687395
7810,-3371.88128306318,0,0,-3273,1.80552136564567,-137.698039201731,33.2000000000018,3.8112347729078704
7811,-3337.1729064809197,0,0,-3276,-0.7654419838179721,-79.50000000000641,17.1855845948089,1.9069509080926699
7812,-3286.35639461248,0,0,-3279,-7.356394612473499,-4.67364585723117e-12,9.758807701891502e-13,-9.9994314835356e-14
7813,-3216.98176865926,0,0,-3282,4.610766843640089,79.4999999999983,-17.185584594807,-1.90695090809251
7814,-3179.4651956512203,0,0,-3285,4.84799991995721,137.698039201726,-33.2000000000002,-3.81123477290734
7815,-3178.7141492854403,0,0,-3288,2.9479292666161,159.0,-46.951890270784595,-5.710188281268571
7816,-3229.7652660675,0,0,-3291,-11.3580628829468,137.698039201723,-57.5040868112874,-7.60115557498494
7817,-3288.7625062819,0,0,-3294,-0.643539451003168,79.5000000000079,-64.1374748655936,-9.48149196530849
7818,-3377.99344024357,0,0,-3297,-3.24487261180657,6.3877621661254505e-12,-66.4,-11.348567631772001
7819,-3456.69648192521,0,0,-3300,0.140764240614423,-79.4999999999968,-64.1374748655943,-13.199771300228699
7820,-3509.30440135695,0,0,-3303,3.9302385510158597,-137.698039201725,-57.50408681128679,-15.0325138949561
7821,-3516.0598144257597,0,0,-3306,12.736308004735902,-159.0,-46.95189027078651,-16.8442321597133
7822,-3494.52431565628,0,0,-3309,4.00611578814584,-137.698039201733,-33.2000000000024,-18.6323922426861
7823,-3445.9783603451,0,0,-3312,-16.898282509993997,-79.4999999999937,-17.185584594805903,-20.3944932403069
7824,-3337.18045070716,0,0,-3315,-0.0523800121558761,-8.10187847501973e-12,-1.6917129897525501e-12,-22.128070694995397
7825,-3241.39449567683,0,0,-3318,3.7506197702960096,79.49999999999541,17.1855845948063,-23.830700041925898
7826,-3181.70398685828,0,0,-3321,-6.10202606000707,137.698039201724,33.1999999999995,-25.4999999999999
7827,-3146.9178955502503,0,0,-3324,-1.73614991875572,159.0,46.9518902707868,-27.1336359022822
7828,-3161.6616310956397,0,0,-3327,-1.13443414740653,137.698039201724,57.504086811287,-28.729322961244602
7829,-3219.66443544858,0,0,-3330,-3.01708084993272,79.50000000001091,64.1374748655935,-30.2848294642486
7830,-3309.3051622034004,0,0,-3333,-10.907182308597697,-8.26021241382293e-12,66.4,-31.797979894795603
7831,-3385.34539958812,0,0,-3336,-0.716216478535261,-79.4999999999939,64.1374748655945,-33.266657975184195
7832,-3454.6395846132896,0,0,-3339,-0.7568225965370909,-137.698039201724,57.5040868112872,-34.6888096263167
7833,-3498.44527097663,0,0,-3342,-8.33471540690704,-159.0,46.951890270787004,-36.062445840513895
7834,-3476.5702700520897,0,0,-3345,10.313414612957901,-137.698039201725,33.1999999999998,-37.385645463321204
7835,-3438.3695392718896,0,0,-3348,10.601434013719901,-79.4999999999967,17.1855845948066,-38.6565578804181
7836,-3390.99513754908,0,0,-3351,-0.12173194320430301,-1.1530111092808302e-11,2.4075452093159502e-12,-39.8734056058694
7837,-3339.7157290717896,0,0,-3354,-6.995657708877291,79.49999999999241,-17.1855845948056,-41.0344867681
7838,-3308.1660391687897,0,0,-3357,-13.525900880399401,137.698039201723,-33.1999999999989,-42.138177490115794
7839,-3280.80583486524,0,0,-3360,10.3289895661915,159.0,-46.95189027078629,-43.1829341606424
7840,-3320.55683758084,0,0,-3363,6.416505621723469,137.698039201726,-57.504086811286705,-44.1672955930062
7841,-3390.9506676575797,0,0,-3366,4.776692276750009,79.49999999999821,-64.1374748655943,-45.0898850687352
7842,-3496.37575355589,0,0,-3369,-15.0263412928661,-4.83197979603437e-12,-66.4,-45.9494122630234
7843,-3568.1617998947204,0,0,-3372,-5.77964997976897,-79.4999999999909,-64.1374748655947,-46.74467504936871
7844,-3630.6702031611603,0,0,-3375,-12.9935159673004,-137.698039201722,-57.5040868112875,-47.474561180854394
7845,-3624.2776152895794,0,0,-3378,7.812324826933991,-159.0,-46.951890270787494,-48.1380498457268
7846,-3598.5518065984397,0,0,-3381,2.08044569837729,-137.698039201727,-33.2000000000004,-48.7342130950932
7847,-3522.4092896487105,0,0,-3384,7.5385120868401305,-79.4999999999997,-17.1855845948073,-49.2622171407424
7848,-3419.5743236405797,0,0,-3387,17.1469998807158,-1.49583437105969e-11,-3.1233774288793503e-12,-49.721323521273
7849,-3343.93158427451,0,0,-3390,-0.506278734423746,79.50000000000509,17.1855845948086,-50.1108901348977
7850,-3285.1703369524603,0,0,-3393,-12.638004016697302,137.698039201721,33.199999999998305,-50.4303721374815
7851,-3234.4073338069,0,0,-3396,6.32009862686875,159.0,46.951890270785796,-50.67932270455529
7852,-3264.9951595732105,0,0,-3399,-10.339891929983901,137.698039201728,57.5040868112863,-50.857393656240205
7853,-3311.45419384018,0,0,-3402,-2.12733276157041,79.50000000000121,64.1374748655941,-50.9643359442083
7854,-3386.6858577080498,0,0,-3405,2.91414229195591,-1.40374717824581e-12,66.4,-51.0
7855,-3463.44581226312,0,0,-3408,10.881048815483801,-79.4999999999879,64.1374748655949,-50.9643359442083
7856,-3538.62430909326,0,0,-3411,3.42703695341905,-137.698039201729,57.504086811286,-50.857393656240205
7857,-3573.16252964938,0,0,-3414,3.5649027843919803,-159.0,46.951890270788,-50.679322704555396
7858,-3572.44181828205,0,0,-3417,-0.513406942840983,-137.698039201729,33.200000000001005,-50.430372137481605
7859,-3533.6536105496602,0,0,-3420,-1.22830500956574,-79.5000000000026,17.185584594808,-50.1108901348977
7860,-3462.3705422294606,0,0,-3423,10.3507812918139,-3.10369130648476e-13,6.48066360850906e-14,-49.721323521273
7861,-3408.5223813026396,0,0,-3426,4.4254204329057805,79.5000000000021,-17.185584594807903,-49.2622171407425
7862,-3378.19838496108,0,0,-3429,-4.96221106770641,137.69803920171898,-33.199999999997694,-48.734213095093295
7863,-3358.14068846609,0,0,-3432,9.949251650422369,159.0,-46.9518902707879,-48.1380498457268
7864,-3391.97738991625,0,0,-3435,10.303218874166,137.698039201729,-57.504086811286,-47.474561180854394
7865,-3471.6427400452003,0,0,-3438,-2.26059013023965,79.50000000000409,-64.1374748655939,-46.744675049368894
7866,-3542.99808365846,0,0,-3441,10.3513286045659,2.02448543954276e-12,-66.4,-45.9494122630235
7867,-3631.0109796403003,0,0,-3444,1.71638029403211,-79.5000000000006,-64.1374748655941,-45.089885068735
7868,-3696.4069504888002,0,0,-3447,-10.037528882777302,-137.698039201727,-57.5040868112864,-44.1672955930064
7869,-3689.5119908411602,0,0,-3450,9.62283359027428,-159.0,-46.951890270788496,-43.1829341606426
7870,-3668.29553100275,0,0,-3453,-2.25931431090057,-137.69803920173,-33.2000000000017,-42.138177490115794
7871,-3587.6489316109005,0,0,-3456,6.0711397520193895,-79.5000000000056,-17.1855845948087,-41.0344867681
7872,-3509.94794117358,0,0,-3459,-11.074535567709699,-3.73860174843704e-12,-7.80638855648489e-13,-39.8734056058696
7873,-3397.5055876293604,0,0,-3462,6.465385656254011,79.49999999999909,17.1855845948072,-38.6565578804183
7874,-3336.69102169073,0,0,-3465,-5.20341542913603,137.698039201727,33.2000000000003,-37.385645463321204
7875,-3294.78375454385,0,0,-3468,3.3268010258722596,159.0,46.9518902707874,-36.062445840513895
7876,-3317.7383509234996,0,0,-3471,-7.25166731019495,137.698039201731,57.5040868112856,-34.688809626317
7877,-3365.2662669928804,0,0,-3474,-1.6370838832958998,79.50000000000709,64.1374748655937,-33.2666579751844
7878,-3442.20806986313,0,0,-3477,0.18991003166275303,5.45271805733132e-12,66.4,-31.797979894795297
7879,-3528.5989328872797,0,0,-3480,-2.9515782886301203,-79.4999999999976,64.1374748655943,-30.2848294642486
7880,-3596.4076755126703,0,0,-3483,-4.484400160982241,-137.698039201726,57.504086811286705,-28.729322961244897
7881,-3627.7229765249604,0,0,-3486,-2.54123089347016,-159.0,46.951890270789,-27.1336359022822
7882,-3616.0832902093603,0,0,-3489,2.91474899236386,-137.698039201723,33.199999999999,-25.4999999999999
7883,-3570.4344349179205,0,0,-3492,7.710680529206551,-79.5000000000086,17.185584594809402,-23.8307000419262
7884,-3520.9844511061897,0,0,-3495,-3.85638041118345,-7.1668343662255994e-12,1.49647107521189e-12,-22.1280706949957
7885,-3459.40225943917,0,0,-3498,-3.3221816040552,79.49999999999609,-17.1855845948065,-20.3944932403069
7886,-3417.64005954272,0,0,-3501,-2.50570650175972,137.698039201725,-33.1999999999997,-18.6323922426861
7887,-3412.6828922816,0,0,-3504,-3.8867698511008197,159.0,-46.9518902707869,-16.8442321597136
7888,-3432.0725603242,0,0,-3507,9.766001180304741,137.698039201733,-57.5040868112852,-15.0325138949564
7889,-3514.48624493201,0,0,-3510,-6.648998766184531,79.4999999999944,-64.1374748655945,-13.199771300228699
7890,-3597.10307495368,0,0,-3513,-6.354507321920071,8.88095067511989e-12,-66.4,-11.348567631772001
7891,-3666.17050682283,0,0,-3516,2.94846000806875,-79.49999999999471,-64.1374748655945,-9.48149196530883
7892,-3721.7949606771003,0,0,-3519,0.00832091089874867,-137.698039201724,-57.504086811287095,-7.60115557498528
7893,-3742.8150055212895,0,0,-3522,-9.15292696923452,-159.0,-46.9518902707869,-5.71018828126856
7894,-3701.6594917268394,0,0,-3525,-1.95021775220442,-137.698039201725,-33.1999999999996,-3.8112347729076896
7895,-3632.41728936729,0,0,-3528,-5.824753864376509,-79.5000000000115,-17.1855845948101,-1.90695090809286
7896,-3527.4352697263503,0,0,-3531,3.5647302736408197,7.481140213722781e-12,1.5620997175823702e-12,-8.7439781459121e-14
7897,-3432.62534783234,0,0,-3534,2.7821166647669,79.49999999999321,17.1855845948058,1.90695090809268
7898,-3371.1231223566197,0,0,-3537,-8.83239633125235,137.698039201723,33.1999999999991,3.81123477290752
7899,-3322.4598354910304,0,0,-3540,5.878085956913461,159.0,46.9518902707864,5.7101882812683895
7900,-3342.06360709109,0,0,-3543,-1.86688867909076,137.698039201726,57.50408681128679,7.60115557498475
7901,-3399.13777521237,0,0,-3546,-6.2567420432677805,79.4999999999974,64.1374748655943,9.48149196530866
7902,-3468.76284188726,0,0,-3549,2.4885904809567405,1.23091832929084e-11,66.4,11.348567631771902
7903,-3556.44416412201,0,0,-3552,-2.2814102878369797,-79.4999999999917,64.1374748655947,13.1997713002282
7904,-3622.3095548048605,0,0,-3555,-2.14811630938315,-137.698039201722,57.5040868112875,15.0325138949563
7905,-3657.38081035116,0,0,-3558,-4.1769327816603,-159.0,46.9518902707874,16.8442321597135
7906,-3636.5108157844397,0,0,-3561,10.354831174603301,-137.698039201726,33.2000000000003,18.632392242685896
7907,-3609.59335463099,0,0,-3564,-3.67343246610306,-79.49999999999879,17.1855845948071,20.394493240306698
7908,-3548.8080796899103,0,0,-3567,-3.93615038491027,4.0529075959342205e-12,-8.462674980189691e-13,22.1280706949955
7909,-3514.56055451029,0,0,-3570,-30.705669957400197,79.49999999999021,-17.1855845948051,23.830700041926104
7910,-3437.6623978793,0,0,-3573,5.3395629189774905,137.698039201721,-33.1999999999985,25.499999999999698
7911,-3454.61343050907,0,0,-3576,-17.7951761405651,159.0,-46.951890270785896,27.1336359022821
7912,-3480.6447710251396,0,0,-3579,-10.5680463768232,137.698039201727,-57.5040868112864,28.7293229612448
7913,-3531.53009752521,0,0,-3582,4.82254787613307,79.50000000000041,-64.1374748655941,30.2848294642484
7914,-3616.04785577813,0,0,-3585,3.554164327059,1.5737415910697e-11,-66.4,31.797979894795102
7915,-3700.8591177790504,0,0,-3588,-2.48830088863437,-79.5000000000044,-64.1374748655939,33.266657975184
7916,-3760.22462687754,0,0,-3591,-8.71131049084509,-137.698039201721,-57.50408681128779,34.6888096263169
7917,-3756.7347513921204,0,0,-3594,7.15469303815014,-159.0,-46.9518902707879,36.062445840513796
7918,-3734.3967041969704,0,0,-3597,-3.88431045856475,-137.698039201728,-33.2000000000009,37.3856454633211
7919,-3663.1332668431396,0,0,-3600,-5.10424012874617,-79.50000000000179,-17.1855845948078,38.656557880418205
7920,-3564.4540575014703,0,0,-3603,-1.32746310733771,6.246749781456539e-13,1.30435278455571e-13,39.8734056058695
7921,-3464.8080718700103,0,0,-3606,3.4718567670962597,79.4999999999873,17.1855845948044,41.034486768099896
7922,-3034.3411377042603,1,0,-3609,3.0354345207416005,137.698039201729,33.200000000001104,42.1381774901157
7923,-3361.8247059693604,0,0,-3612,1.04046959921532,159.0,46.9518902707854,43.1829341606425
7924,-3373.68161426475,0,0,-3615,1.94896412923248,137.698039201729,57.50408681128611,44.167295593006294
7925,-3424.0524900381797,0,0,-3618,5.220150027491821,79.5000000000033,64.1374748655939,45.089885068734894
7926,-3504.54772994056,0,0,-3621,4.10285779641441,1.08944133074863e-12,66.4,45.9494122630233
7927,-3592.2734535074396,0,0,-3624,0.344396577599284,-79.5000000000014,64.1374748655941,46.7446750493688
7928,-3654.9321846778203,0,0,-3627,4.78720653175185,-137.69803920171898,57.504086811288204,47.4745611808543
7929,-3696.68941273896,0,0,-3630,-2.77935285547404,-159.0,46.951890270785704,48.1380498457267
7930,-3673.1804118921204,0,0,-3633,15.5834142145153,-137.69803920173,33.2000000000015,48.7342130950932
7931,-3649.4432350626294,0,0,-3636,-0.39103679817783,-79.5000000000048,17.1855845948085,49.2622171407425
7932,-3575.6771591328,0,0,-3639,13.6015173459268,-2.80355763964291e-12,5.853969411078281e-13,49.7213235212729
7933,-3537.7415465117897,0,0,-3642,-8.166852051877001,79.4999999999999,-17.185584594807402,50.1108901348977
7934,-3483.20273993233,0,0,-3645,6.86884872846565,137.698039201727,-33.2000000000005,50.430372137481605
7935,-3482.6670453313,0,0,-3648,2.60552223492748,159.0,-46.9518902707849,50.679322704555396
7936,-3517.5564218221502,0,0,-3651,2.39223213116143,137.698039201731,-57.5040868112857,50.857393656240205
7937,-3584.5229632918895,0,0,-3654,3.1501756294880403,79.5000000000063,-64.1374748655937,50.9643359442083
7938,-3670.4973637145795,0,0,-3657,1.9026362854132102,4.51767394853719e-12,-66.4,51.0
7939,-3741.14760973552,0,0,-3660,11.5255291858606,-79.49999999999851,-64.1374748655942,50.9643359442083
7940,-3820.4982780223295,0,0,-3663,-13.1535456655574,-137.698039201726,-57.504086811286605,50.857393656240205
7941,-3813.8420192515296,0,0,-3666,7.4305483147003795,-159.0,-46.9518902707862,50.679322704555396
7942,-3793.44490474791,0,0,-3669,-3.97723768365434,-137.698039201732,-33.200000000002106,50.430372137481605
7943,-3724.6306134956703,0,0,-3672,-6.05591903575037,-79.5000000000078,-17.1855845948092,50.1108901348977
7944,-3637.78653964534,0,0,-3675,-12.507863166605,-6.23179025743147e-12,-1.3012291606712301e-12,49.721323521273
7945,-3538.47172351031,0,0,-3678,-6.41952524585442,79.499999999997,17.1855845948067,49.2622171407425
7946,-3457.5973421910103,0,0,-3681,3.7704055121752296,137.698039201725,33.1999999999999,48.7342130950932
7947,-3431.3209202712605,0,0,-3684,-1.4108603877773798,159.0,46.9518902707871,48.1380498457267
7948,-3441.0326881145897,0,0,-3687,3.2906246915435897,137.698039201723,57.5040868112872,47.4745611808545
7949,-3509.5180666311103,0,0,-3690,-9.900216546082222,79.5000000000093,64.1374748655936,46.7446750493688
7950,-3212.6373948833802,1,0,-3693,9.42598177043495,7.94590656632576e-12,66.4,45.9494122630235
7951,-3662.08413794114,0,0,-3696,4.188502124524811,-79.4999999999955,64.1374748655944,45.08988506873511
7952,-3737.7086159215,0,0,-3699,-2.68195912407057,-137.698039201724,57.504086811287,44.16729559300649
7953,-3768.1387211564397,0,0,-3702,2.72645441212789,-159.0,46.951890270786706,43.1829341606425
7954,-3768.77000203617,0,0,-3705,-1.41014032455399,-137.698039201733,33.200000000002696,42.1381774901159
7955,-3734.43012154891,0,0,-3708,-5.150192911824769,-79.4999999999951,17.185584594806198,41.0344867681001
7956,-3682.4568319886894,0,0,-3711,-11.3302375945516,-9.66002287522004e-12,2.01706138023462e-12,39.8734056058695
7957,-3614.21121041678,0,0,-3714,-1.1821837023911101,79.499999999994,-17.185584594806002,38.656557880418205
7958,-3582.4936602987395,0,0,-3717,-7.37734496378629,137.698039201724,-33.1999999999992,37.3856454633211
7959,-3566.09578892089,0,0,-3720,5.79365550937736,159.0,-46.95189027078651,36.062445840514
7960,-3618.7306615445705,0,0,-3723,-10.613423561326199,137.698039201725,-57.504086811286896,34.6888096263169
7961,-3673.6783754108205,0,0,-3726,3.6924414795749505,79.50000000001221,-64.13747486559339,33.2666579751843
7962,-3747.8025031537395,0,0,-3729,15.7995169514733,-6.702068013622629e-12,-66.4,31.7979798947954
7963,-3843.67717980163,0,0,-3732,1.6754655997068102,-79.49999999999251,-64.1374748655946,30.2848294642487
7964,-3894.9063381319,0,0,-3735,6.566464919867129,-137.698039201723,-57.5040868112873,28.7293229612448
7965,-3906.9254583673296,0,0,-3738,9.89279600117543,-159.0,-46.9518902707872,27.1336359022824
7966,-3889.45651143481,0,0,-3741,-3.05847223308048,-137.698039201726,-33.2000000000001,25.5000000000001
7967,-3815.31532482705,0,0,-3744,1.5395597258276101,-79.499999999998,-17.1855845948069,23.8307000419264
7968,-3736.75463890991,0,0,-3747,-11.8827096048915,-1.30882554930086e-11,-2.73289359979802e-12,22.1280706949955
7969,-3632.23211983192,0,0,-3750,0.687802332962339,79.50000000000671,17.1855845948089,20.394493240306698
7970,-3559.1624775176792,0,0,-3753,4.30709103791514,137.698039201722,33.1999999999986,18.6323922426863
7971,-3524.0005003139704,0,0,-3756,9.203377255530349,159.0,46.951890270786,16.8442321597135
7972,-3557.32823063004,0,0,-3759,-8.56287053801057,137.698039201727,57.5040868112865,15.0325138949563
7973,-3616.6485419899896,0,0,-3762,-11.4857881558131,79.4999999999995,64.1374748655942,13.1997713002285
7974,-3684.8206323796503,0,0,-3765,2.43079998857775,-3.27383539583407e-12,66.4,11.348567631772198
7975,-3771.0262489713396,0,0,-3768,2.8547841977457704,-79.4999999999895,64.1374748655948,9.48149196530866
7976,-3855.260399105,0,0,-3771,-11.6676022895541,-137.698039201721,57.5040868112877,7.6011555749851105
7977,-3872.5157470325203,0,0,-3774,7.82217441542842,-159.0,46.95189027078771,5.71018828126875
7978,-3885.3290756344104,0,0,-3777,-7.642271205592201,-137.698039201728,33.2000000000007,3.81123477290788
7979,-3834.37128678721,0,0,-3780,6.03617770989532,-79.500000000001,17.185584594807597,1.90695090809268
7980,-3776.31731271755,0,0,-3783,6.68268728245225,1.55971908693978e-12,-3.25677192996232e-13,-8.7502917484053e-14
7981,-3722.80029258609,0,0,-3786,2.7922429168044705,79.5000000000037,-17.185584594808198,-1.9069509080925
7982,-3692.43605448484,0,0,-3789,-4.12285891365885,137.69803920171998,-33.199999999998,-3.8112347729076896
7983,-3672.2531282785,0,0,-3792,13.408950273552101,159.0,-46.951890270785505,-5.71018828126856
7984,-3725.64290606276,0,0,-3795,-3.2357028782183304,137.698039201729,-57.50408681128611,-7.6011555749849204
7985,-3789.3230587113103,0,0,-3798,2.79590811958485,79.5000000000025,-64.137474865594,-9.48149196530848
7986,-3881.73352260957,0,0,-3801,-2.9849549778012,1.54397221954498e-13,-66.4,-11.348567631772001
7987,-3960.5618551682105,0,0,-3804,0.27539099759799396,-79.49999999998658,-64.137474865595,-13.1997713002284
7988,-4381.27654453781,1,0,-3807,-5.45469354668018,-137.698039201728,-57.5040868112862,-15.0325138949561
7989,-4026.9027561779,0,0,-3810,5.8933662526007495,-159.0,-46.951890270788205,-16.8442321597133
7990,-4009.0969665934203,0,0,-3813,-6.56653514900592,-137.698039201729,-33.2000000000013,-18.6323922426861
7991,-3930.7809754641,0,0,-3816,2.29910237102319,-79.500000000004,-17.1855845948083,-20.3944932403069
7992,-3829.8402047326294,0,0,-3819,11.2878659623673,-1.8685135308487797e-12,-3.90155026567167e-13,-22.128070694995397
7993,-3744.0512418007106,0,0,-3822,5.09387364640383,79.50000000000071,17.185584594807597,-23.830700041925898
7994,-3675.7905916563896,0,0,-3825,3.8113691418927402,137.69803920171898,33.199999999997395,-25.4999999999999
7995,-3655.84723358306,0,0,-3828,-6.66548795156214,159.0,46.95189027078771,-27.1336359022822
7996,-3660.3084550981703,0,0,-3831,4.21874185006219,137.69803920173,57.5040868112858,-28.729322961244602
7997,-3719.93004938151,0,0,-3834,0.71730521713993,79.5000000000055,64.1374748655938,-30.2848294642486
7998,-3811.79589261973,0,0,-3837,-9.397912724935159,3.5826298397430597e-12,66.4,-31.797979894795297
7999,-3880.53357719591,0,0,-3840,8.095605913677339,-79.49999999999929,64.1374748655942,-33.266657975184195
8000,-3958.3921231980703,0,0,-3843,-0.509361181313501,-137.698039201727,57.5040868112865,-34.6888096263167
8001,-3993.4751952743,0,0,-3846,0.63536029542654,-159.0,46.95189027078871,-36.062445840513895
8002,-3997.57043353296,0,0,-3849,-6.686748867918349,-137.698039201722,33.199999999998695,-37.385645463321204
8003,-3954.10426808974,0,0,-3852,-1.13329480412805,-79.5000000000069,17.185584594809,-38.6565578804181
8004,-3546.0344740556798,1,0,-3855,-9.748279532965972,-5.29674614863734e-12,1.10598724613056e-12,-39.8734056058693
8005,-3843.9022928896998,0,0,-3858,-7.182221526786409,79.4999999999978,-17.1855845948069,-41.0344867681
8006,-3801.77230763556,0,0,-3861,-3.13216934716833,137.698039201726,-33.2,-42.138177490115794
8007,-3795.7243970072795,0,0,-3864,-0.589572575851067,159.0,-46.9518902707872,-43.1829341606424
8008,-3833.0736406006104,0,0,-3867,-2.1002973980453796,137.698039201732,-57.5040868112854,-44.1672955930064
8009,-3912.7067525766997,0,0,-3870,-12.9793926423756,79.5000000000084,-64.1374748655936,-45.089885068735
8010,-3992.56421720918,0,0,-3873,-7.21480494616382,7.010862457531629e-12,-66.4,-45.9494122630234
8011,-4079.00214638808,0,0,-3876,-12.619996473125301,-79.4999999999963,-64.1374748655944,-46.74467504936871
8012,-4113.90022744399,0,0,-3879,7.776459749875281,-137.698039201725,-57.504086811286896,-47.474561180854394
8013,-4134.878555818111,0,0,-3882,1.21138429839956,-159.0,-46.9518902707866,-48.1380498457268
8014,-4086.52669595182,0,0,-3885,18.1055563449924,-137.698039201724,-33.1999999999993,-48.7342130950932
8015,-4045.9379429160704,0,0,-3888,-11.9901411805078,-79.5000000000099,-17.1855845948097,-49.2622171407424
8016,-3941.6424804588796,0,0,-3891,-0.9211569376003941,-8.72497876642591e-12,-1.8218194656939597e-12,-49.721323521273
8017,-3828.0482746496996,0,0,-3894,19.3770308903983,79.4999999999948,17.185584594806198,-50.1108901348977
8018,-3774.31493578628,0,0,-3897,2.2173971494824998,137.698039201724,33.1999999999994,-50.4303721374815
8019,-3746.1752794996705,0,0,-3900,-1.4478470658976101,159.0,46.951890270786706,-50.67932270455529
8020,-3767.1551354572707,0,0,-3903,-8.49986781405217,137.69803920173402,57.504086811285106,-50.857393656240205
8021,-3820.15206619591,0,0,-3906,-6.825205117288769,79.4999999999958,64.1374748655944,-50.9643359442083
8022,-3888.1740454765995,0,0,-3909,5.42595452338463,1.04390950753202e-11,66.4,-51.0
8023,-3983.61954380199,0,0,-3912,-5.29268272338225,-79.49999999999329,64.1374748655946,-50.9643359442083
8024,-4032.3834946996794,0,0,-3915,13.6678513469999,-137.698039201723,57.5040868112873,-50.857393656240205
8025,-4073.9553042582106,0,0,-3918,6.77212817555716,-159.0,46.9518902707871,-50.679322704555396
8026,-4088.8153562768,0,0,-3921,-12.8869449375883,-137.698039201726,33.1999999999999,-50.4303721374815
8027,-4042.72561417109,0,0,-3924,-6.300308630986231,-79.5000000000129,17.1855845948104,-50.1108901348977
8028,-3963.6957616408504,0,0,-3927,13.0255618804193,5.922995813522481e-12,-1.23675132710029e-12,-49.721323521273
8029,-3927.290163437,0,0,-3930,-10.3423617014385,79.4999999999918,-17.1855845948055,-49.2622171407426
8030,-3881.67480755757,0,0,-3933,-4.4386336641987505,137.698039201722,-33.1999999999988,-48.734213095093295
8031,-3856.0580003859204,0,0,-3936,16.0319397305881,159.0,-46.9518902707862,-48.1380498457267
8032,-3914.54936018066,0,0,-3939,-8.268751390253481,137.698039201735,-57.5040868112847,-47.4745611808545
8033,-3969.5556150028997,0,0,-3942,3.8265349120648198,79.4999999999987,-64.1374748655942,-46.744675049368894
8034,-4060.7680686339295,0,0,-3945,-3.41865637090137,-4.2088795046282e-12,-66.4,-45.9494122630234
8035,-4140.11470625679,0,0,-3948,-3.38734632246448,-79.49999999999041,-64.1374748655947,-45.0898850687352
8036,-4176.32284044065,0,0,-3951,14.0465811653661,-137.698039201722,-57.50408681128761,-44.1672955930064
8037,-4204.6937478404,0,0,-3954,-1.55892340896981,-159.0,-46.9518902707849,-43.1829341606424
8038,-4170.84749814427,0,0,-3957,-0.811281452424798,-137.698039201727,-33.2000000000005,-42.138177490115794
8039,-4106.62451444539,0,0,-3960,-8.90444308247692,-79.5000000000002,-17.185584594807402,-41.0344867681
8040,-3985.5768394871898,0,0,-3963,17.296566118696898,-1.5581444002002998e-11,-3.25348390482076e-12,-39.8734056058698
8041,-3902.79490792636,0,0,-3966,5.176065359260731,79.49999999998892,17.1855845948048,-38.6565578804183
8042,-3827.27845249224,0,0,-3969,8.20915376934624,137.69803920173,33.200000000001396,-37.385645463321204
8043,-3799.5319641858705,0,0,-3972,2.5785913838539103,159.0,46.951890270785704,-36.0624458405142
8044,-3828.2565105724702,0,0,-3975,-13.769826959168999,137.698039201728,57.5040868112862,-34.688809626317
8045,-3869.4520263140794,0,0,-3978,-1.82284320448953,79.5000000000017,64.137474865594,-33.266657975184195
8046,-3950.57883655826,0,0,-3981,-4.18085666348054,1.72955603108973e-11,66.4,-31.797979894795603
8047,-4025.5022207765996,0,0,-3984,4.14513382205517,-79.500000000003,64.1374748655939,-30.2848294642486
8048,-4098.19700990115,0,0,-3987,-2.27373454946366,-137.698039201729,57.50408681128611,-28.729322961244602
8049,-4124.54379703707,0,0,-3990,4.63794859442049,-159.0,46.9518902707881,-27.1336359022822
8050,-4127.32972227863,0,0,-3993,-4.33168307690096,-137.698039201729,33.2000000000012,-25.4999999999999
8051,-4080.911878566121,0,0,-3996,1.23323688101172,-79.5000000000188,17.1855845948118,-23.830700041926605
8052,-4001.3939861676795,0,0,-3999,19.7340845273135,-9.33469422054649e-13,1.94913112026505e-13,-22.1280706949957
8053,-3951.33627977825,0,0,-4002,8.74379805685986,79.50000000000149,-17.1855845948077,-20.3944932403069
8054,-3915.58243484322,0,0,-4005,3.55191819774636,137.69803920171898,-33.1999999999976,-18.632392242686397
8055,-3928.46022271555,0,0,-4008,-15.6641002850506,159.0,-46.951890270785206,-16.844232159713698
8056,-3946.9329556308703,0,0,-4011,-1.094394126349,137.698039201721,-57.50408681128779,-15.0325138949561
8057,-3992.8831292691902,0,0,-4014,18.9541168966272,79.5000000000047,-64.1374748655938,-13.199771300228699
8058,-4083.94174146085,0,0,-4017,10.8068261709148,2.64758573094893e-12,-66.4,-11.348567631772001
8059,-4171.888838668039,0,0,-4020,1.23012816286542,-79.5000000000001,-64.1374748655941,-9.48149196530849
8060,-4220.69852204947,0,0,-4023,5.10475953852035,-137.69803920171802,-57.504086811288296,-7.60115557498494
8061,-4239.590520436521,0,0,-4026,-1.9284418844643199,-159.0,-46.951890270785896,-5.710188281268571
8062,-4203.71711904558,0,0,-4029,-0.007845070940188341,-137.698039201731,-33.2000000000018,-3.8112347729080702
8063,-4134.80332503665,0,0,-4032,-4.210789533746509,-79.5000000000061,-17.1855845948088,-1.9069509080928702
8064,-4039.2356900061104,0,0,-4035,-4.23569000610119,-4.3617020398432095e-12,-9.10745331589904e-13,-9.993117881042401e-14
8065,-3940.87191885623,0,0,-4038,-1.46445435910963,79.4999999999829,17.1855845948034,1.9069509080923102
8066,-3847.3562715566295,0,0,-4041,18.9344544687333,137.698039201726,33.2000000000002,3.81123477290751
8067,-3832.35850176671,0,0,-4044,-0.0205803187640452,159.0,46.951890270787295,5.7101882812687395
8068,-3850.6901637510705,0,0,-4047,-6.493445339069481,137.698039201732,57.5040868112855,7.60115557498474
8069,-3893.7756022977,0,0,-4050,3.10543087139452,79.50000000000759,64.1374748655937,9.481491965308651
8070,-3982.53983065339,0,0,-4053,-7.28839828514696,-1.2000388848999501e-11,66.4,11.348567631772198
8071,-4063.19740528579,0,0,-4056,-5.034651451610769,-79.49999999999709,64.1374748655943,13.1997713002282
8072,-4117.3235735547205,0,0,-4059,6.83786494076118,-137.698039201725,57.50408681128679,15.0325138949563
8073,-4143.00931298524,0,0,-4062,14.1945645842626,-159.0,46.9518902707891,16.844232159713098
8074,-4143.97864389774,0,0,-4065,6.88700306130016,-137.698039201732,33.2000000000024,18.632392242685896
8075,-4113.441328532371,0,0,-4068,-3.5214063674918403,-79.4999999999934,17.185584594805903,20.394493240306698
8076,-4044.45192561329,0,0,-4071,4.420003691721309,-7.789934657631779e-12,1.6265775511533e-12,22.1280706949952
8077,-3998.7167074520703,0,0,-4074,-10.861822899190098,79.4999999999956,-17.1855845948064,23.830700041926104
8078,-3945.43766201123,0,0,-4077,1.56429878704707,137.698039201725,-33.1999999999996,25.5
8079,-3930.5862793505894,0,0,-4080,10.231975017914301,159.0,-46.9518902707841,27.133635902282
8080,-3966.3997148453495,0,0,-4083,7.67700980296563,137.698039201724,-57.504086811287095,28.729322961244698
8081,-4036.94493937745,0,0,-4086,3.40770602389841,79.49999999999491,-64.1374748655945,30.2848294642487
8082,-4127.73805794306,0,0,-4089,-4.13603783786141,9.50405096652606e-12,-66.4,31.797979894795102
8083,-4200.55471335093,0,0,-4092,1.81610353947119,-79.4999999999941,-64.1374748655945,33.2666579751843
8084,-4251.639553367961,0,0,-4095,3.87376301872777,-137.698039201715,-57.50408681128899,34.6888096263166
8085,-4259.4927424201005,0,0,-4098,8.39670201017721,-159.0,-46.951890270787004,36.062445840513796
8086,-4227.24415202091,0,0,-4101,7.26824171749293,-137.698039201725,-33.1999999999998,37.3856454633211
8087,-4145.04500650656,0,0,-4104,16.9840202078404,-79.5000000000121,-17.1855845948102,38.6565578804179
8088,-4060.32221924303,0,0,-4107,6.804375151114829,-1.1218167275420302e-11,-2.3424097707167002e-12,39.8734056058695
8089,-3974.6868174850897,0,0,-4110,-2.40688884800554,79.5000000000083,17.185584594809303,41.0344867681001
8090,-3891.19322025123,0,0,-4113,8.77056305693305,137.698039201723,33.199999999999,42.1381774901157
8091,-3867.36884341269,0,0,-4116,-0.50366784411752,159.0,46.95189027078629,43.1829341606425
8092,-3886.6786617918397,0,0,-4119,-7.048083397858861,137.698039201726,57.504086811286705,44.16729559300649
8093,-3927.4193885197496,0,0,-4122,5.85325154591051,79.50000000001359,64.1374748655933,45.089885068734894
8094,-4019.27567071573,0,0,-4125,-6.62508297874777,-5.14392361342233e-12,66.4,45.9494122630233
8095,-4113.1783292050295,0,0,-4128,-16.5604791199985,-79.4999999999912,64.1374748655947,46.7446750493686
8096,-4162.02261447174,0,0,-4131,1.69677673784291,-137.698039201722,57.5040868112875,47.4745611808543
8097,-4199.06430286419,0,0,-4134,-1.15424298070816,-159.0,46.951890270787494,48.1380498457267
8098,-4192.726017835011,0,0,-4137,0.0378082716315525,-137.69803920173598,33.2000000000036,48.7342130950931
8099,-4159.21590615709,0,0,-4140,-6.1637078926420905,-79.4999999999994,17.1855845948072,49.2622171407425
8100,-4100.92313781115,0,0,-4143,-7.64446133242982,3.42980730452804e-12,-7.161610220775541e-13,49.721323521273
8101,-4031.7459570453902,0,0,-4146,1.8287374145264501,79.4999999999897,-17.185584594805,50.1108901348977
8102,-3994.69152946253,0,0,-4149,-0.6199408017329361,137.698039201721,-33.199999999998305,50.430372137481605
8103,-3994.18470371674,0,0,-4152,-4.91213615050805,159.0,-46.951890270788496,50.679322704555396
8104,-4010.6883970834206,0,0,-4155,13.260256869895198,137.698039201728,-57.5040868112863,50.857393656240205
8105,-4095.14417418998,0,0,-4158,-3.4710352685994397,79.50000000000091,-64.1374748655941,50.9643359442083
8106,-4178.62059126552,0,0,-4161,-2.2205912655326,1.6360516202103197e-11,-66.4,51.0
8107,-4255.47132074374,0,0,-4164,1.20181817763206,-79.4999999999882,-64.1374748655949,50.9643359442083
8108,-4301.486408145271,0,0,-4167,9.858324211510169,-137.698039201729,-57.504086811286,50.857393656240205
8109,-4317.71008845508,0,0,-4170,7.562479111153951,-159.0,-46.951890270788,50.679322704555396
8110,-3938.5194028753294,1,0,-4173,-3.6389468942406,-137.698039201728,-33.200000000001005,50.430372137481605
8111,-4217.34133622247,0,0,-4176,5.233358237439309,-79.5000000000024,-17.185584594807903,50.1108901348977
8112,-4120.372550838971,0,0,-4179,8.90612563978131,-1.80746325109975e-11,-3.7740742098435e-12,49.721323521273
8113,-4034.7064422592894,0,0,-4182,1.34575600515773,79.5000000000024,17.185584594807903,49.2622171407425
8114,-3960.91750207262,0,0,-4185,4.45024563055427,137.698039201728,33.200000000001005,48.7342130950931
8115,-3931.59097998905,0,0,-4188,2.3190798944382096,159.0,46.95189027078529,48.1380498457269
8116,-3951.4289345746,0,0,-4191,-3.1056217684696095,137.698039201729,57.504086811286,47.4745611808545
8117,-4005.29376358698,0,0,-4194,-1.67591350195935,79.5000000000195,64.13747486559289,46.744675049368894
8118,-4094.63723547565,0,0,-4197,-9.98664773867717,1.7125416221547998e-12,66.4,45.9494122630235
8119,-4531.36701117947,1,0,-4200,-2.5071600306385697,-79.50000000000091,64.1374748655941,45.08988506873511
8120,-4244.646357920129,0,0,-4203,-5.619701122710331,-137.69803920171898,57.504086811288204,44.16729559300649
8121,-4279.91463296771,0,0,-4206,-5.049457399145401,-159.0,46.951890270788496,43.1829341606425
8122,-4278.55149650963,0,0,-4209,-7.19163479802099,-137.698039201721,33.199999999998305,42.1381774901157
8123,-4232.37092527138,0,0,-4212,0.909003365713497,-79.50000000000529,17.1855845948086,41.0344867681004
8124,-4178.47218075329,0,0,-4215,-3.34558635915412,-3.42665793104908e-12,7.155034170492429e-13,39.8734056058695
8125,-4110.17164536711,0,0,-4218,6.857381347278,79.4999999999994,-17.1855845948072,38.6565578804179
8126,-4075.6056711832794,0,0,-4221,3.5106441516752898,137.69803920171802,-33.199999999997104,37.3856454633214
8127,-4078.2389379167103,0,0,-4224,-2.34949348643489,159.0,-46.951890270787494,36.062445840514
8128,-4126.31619307825,0,0,-4227,-14.198955095012698,137.698039201731,-57.5040868112856,34.6888096263171
8129,-4171.51518469702,0,0,-4230,9.85563219338485,79.50000000000679,-64.1374748655937,33.2666579751843
8130,-4263.93378161152,0,0,-4233,3.66823849367854,5.140774239943361e-12,-66.4,31.7979798947954
8131,-4344.41593853701,0,0,-4236,4.93670686432263,-79.4999999999823,-64.1374748655953,30.2848294642488
8132,-4397.15376920733,0,0,-4239,8.31903384444095,-137.698039201726,-57.504086811286705,28.7293229612448
8133,-4425.44807545045,0,0,-4242,-4.62982108194375,-159.0,-46.95189027078629,27.1336359022821
8134,-4392.27098772323,0,0,-4245,-1.87294852149798,-137.698039201732,-33.2000000000022,25.5000000000004
8135,-4315.866973662321,0,0,-4248,4.9879108905725005,-79.5000000000083,-17.185584594809303,23.830700041926104
8136,-4228.46711385846,0,0,-4251,0.40481544652972795,1.12213166488993e-11,2.34306737574501e-12,22.1280706949952
8137,-4139.43472287272,0,0,-4254,-2.51480070783291,79.4999999999964,17.1855845948065,20.394493240307103
8138,-4065.5955376244,0,0,-4257,1.87403093118907,137.698039201725,33.1999999999998,18.6323922426863
8139,-4043.14041658932,0,0,-4260,-5.93653901982146,159.0,46.951890270787004,16.8442321597135
8140,-4050.33898137043,0,0,-4263,2.4263787215961496,137.698039201733,57.5040868112853,15.0325138949563
8141,-4117.8231280319205,0,0,-4266,-8.6603741977325,79.4999999999941,64.1374748655945,13.199771300228601
8142,-4190.37370358036,0,0,-4269,0.87772878786064,8.56900685773193e-12,66.4,11.348567631772198
8143,-4273.17922001768,0,0,-4272,4.701813151413099,-79.499999999995,64.1374748655945,9.48149196530867
8144,-4349.64071606001,0,0,-4275,-2.0479192445578502,-137.698039201724,57.504086811287095,7.601155574984761
8145,-4384.10744244311,0,0,-4278,0.23047900483239497,-159.0,46.9518902707895,5.71018828126912
8146,-4385.20200349413,0,0,-4281,-3.5151990653133796,-137.698039201725,33.1999999999996,3.81123477290789
8147,-4357.23830640089,0,0,-4284,-12.8308419037913,-79.4999999999956,17.1855845948064,1.9069509080923401
8148,-4291.79756280058,0,0,-4287,-4.7975628005671105,-1.0283123166626198e-11,2.14716785617604e-12,2.87365275104901e-13
8149,-4222.07266541404,0,0,-4290,7.51987008886271,79.4999999999934,-17.185584594805903,-1.9069509080924902
8150,-4192.36396843111,0,0,-4293,-0.0507728599317916,137.698039201732,-33.2000000000024,-3.8112347729076803
8151,-4181.42323707818,0,0,-4296,8.238841473872661,159.0,-46.9518902707864,-5.71018828126855
8152,-4225.523135073139,0,0,-4299,0.8840681114034499,137.698039201725,-57.50408681128679,-7.601155574984911
8153,-4300.45328862026,0,0,-4302,-4.33432178937142,79.5000000000128,-64.1374748655933,-9.48149196530846
8154,-4383.47497767379,0,0,-4305,-0.7264100420313491,1.19972394755205e-11,-66.4,-11.348567631772001
8155,-4462.94366232839,0,0,-4308,1.89358383744048,-79.50000000000759,-64.1374748655937,-13.199771300228699
8156,-4522.63486137787,0,0,-4311,-1.40022146990697,-137.698039201722,-57.5040868112874,-15.032513894955699
8157,-4545.47984211984,0,0,-4314,-8.68371968934371,-159.0,-46.951890270787295,-16.8442321597133
8158,-4494.0403133359105,0,0,-4317,12.490118108508101,-137.698039201726,-33.2000000000002,-18.632392242686397
8159,-4432.42130077242,0,0,-4320,4.65877706270846,-79.5000000000142,-17.1855845948107,-20.3944932403065
8160,-4344.94959303096,0,0,-4323,0.17847766402843804,4.36485141332217e-12,9.11402936618215e-13,-22.128070694995397
8161,-4246.02576942231,0,0,-4326,7.1193460248052505,79.5000000000061,17.1855845948088,-23.8307000419262
8162,-4175.927860300229,0,0,-4329,7.674100498050361,137.698039201722,33.1999999999985,-25.4999999999999
8163,-4155.77445756519,0,0,-4332,-2.5927119336937996,159.0,46.951890270785896,-27.1336359022822
8164,-4171.8717108098,0,0,-4335,-3.34451386157202,137.69803920173598,57.5040868112846,-28.729322961244602
8165,-4210.567497432,0,0,-4338,14.079857166656302,79.5000000000001,64.1374748655941,-30.2848294642486
8166,-4310.21488813989,0,0,-4341,-3.81690824508788,-2.6507351044278902e-12,66.4,-31.7979798947955
8167,-4397.983691763529,0,0,-4344,-5.35450865395401,-79.499999999989,64.1374748655948,-33.2666579751839
8168,-4462.037692590539,0,0,-4347,-0.154930573792163,-137.698039201721,57.50408681128779,-34.6888096263167
8169,-4488.56959580756,0,0,-4350,9.54095976216704,-159.0,46.951890270785206,-36.062445840513895
8170,-4487.31284763508,0,0,-4353,7.57083702996645,-137.698039201728,33.2000000000008,-37.385645463321
8171,-4468.0414104383,0,0,-4356,-11.0704371526835,-79.50000000000149,17.1855845948077,-38.656557880418
8172,-4403.887376349,0,0,-4359,-5.01397074312859,9.36618795533611e-13,-1.9557071705481698e-13,-39.8734056058696
8173,-4352.25483768545,0,0,-4362,-11.534766322535699,79.4999999999875,-17.1855845948045,-41.0344867681
8174,-4309.593182884961,0,0,-4365,-6.95304459657135,137.698039201729,-33.2000000000012,-42.138177490115794
8175,-4304.52528211973,0,0,-4368,-5.39045768829938,159.0,-46.9518902707854,-43.182934160642205
8176,-4345.08878188548,0,0,-4371,-10.115438682920901,137.698039201729,-57.50408681128611,-44.1672955930064
8177,-4408.68136456054,0,0,-4374,-4.95400462621737,79.500000000003,-64.1374748655939,-45.0898850687352
8178,-4485.82995035729,0,0,-4377,3.5194619057133996,1.88537047110976e-11,-66.4,-45.949412263023206
8179,-4560.43639428451,0,0,-4380,9.94575563045757,-79.5000000000017,-64.137474865594,-46.74467504936871
8180,-4636.97963076252,0,0,-4383,-11.3029435686483,-137.698039201728,-57.5040868112862,-47.474561180854394
8181,-4633.5843884776,0,0,-4386,6.50555163891765,-159.0,-46.9518902707883,-48.1380498457267
8182,-4601.26498612834,0,0,-4389,7.367266168486201,-137.69803920173,-33.200000000001396,-48.7342130950932
8183,-4546.9003538626,0,0,-4392,-8.95255212706113,-79.49999999998892,-17.1855845948048,-49.2622171407425
8184,-4456.81865188261,0,0,-4395,-12.0973283613301,-2.49161382225495e-12,-5.20261502508581e-13,-49.721323521273
8185,-4350.4722756395595,0,0,-4398,0.9530299005291021,79.5000000000002,17.185584594807402,-50.1108901348977
8186,-4278.1274835652,0,0,-4401,2.4048493705690497,137.69803920171802,33.1999999999973,-50.4303721374815
8187,-4243.66499497651,0,0,-4404,5.06243745725958,159.0,46.9518902707849,-50.679322704555396
8188,-4249.69072365359,0,0,-4407,12.9645439896417,137.698039201722,57.50408681128761,-50.857393656240205
8189,-4323.437323232671,0,0,-4410,-6.110462154059451,79.500000000006,64.1374748655938,-50.9643359442083
8190,-4394.69864279216,0,0,-4413,2.9013572078365804,4.2057301311492305e-12,66.4,-51.0
8191,-4477.26325267329,0,0,-4416,5.06360840532499,-79.4999999999987,64.1374748655942,-50.9643359442083
8192,-4542.493732219529,0,0,-4419,7.55761382714063,-137.698039201717,57.5040868112885,-50.857393656240205
8193,-4569.63328774998,0,0,-4422,15.0941446837916,-159.0,46.9518902707862,-50.679322704555396
8194,-4569.749736374821,0,0,-4425,10.1786749643821,-137.698039201722,33.1999999999988,-50.4303721374815
8195,-4526.9565324817295,0,0,-4428,13.4687730583695,-79.50000000000749,17.1855845948091,-50.1108901348977
8196,-4470.71781823247,0,0,-4431,10.0035052888128,-5.9198464400435194e-12,1.23609372207198e-12,-49.721323521273
8197,-4416.18942799859,0,0,-4434,4.75837373697237,79.4999999999816,-17.1855845948031,-49.2622171407426
8198,-4378.4034798169205,0,0,-4437,2.8326940764435,137.698039201726,-33.1999999999999,-48.734213095093295
8199,-4375.90652891759,0,0,-4440,0.183411198920778,159.0,-46.9518902707871,-48.1380498457267
8200,-4407.13403726993,0,0,-4443,3.1465715204824503,137.698039201732,-57.5040868112854,-47.4745611808545
8201,-4473.23542100797,0,0,-4446,4.146728906979391,79.50000000000901,-64.1374748655936,-46.744675049368894
8202,-4559.08580259426,0,0,-4449,2.2636096687732596,-1.0442244448799199e-11,-66.4,-45.9494122630234
8203,-4646.8040192544895,0,0,-4452,-6.07665932016024,-79.4999999999958,-64.1374748655944,-45.0898850687352
8204,-4689.57492526736,0,0,-4455,4.79449633865816,-137.698039201725,-57.504086811287,-44.1672955930064
8205,-4704.535771762079,0,0,-4458,2.5990526693450002,-159.0,-46.951890270786706,-43.1829341606424
8206,-4668.15808065679,0,0,-4461,5.87813603506523,-137.698039201733,-33.200000000002696,-42.138177490115794
8207,-4608.6854693057,0,0,-4464,-6.9653979428018795,-79.4999999999948,-17.185584594806198,-41.0344867681
8208,-4511.92214647959,0,0,-4467,-5.048740873704981,-9.34807905783208e-12,-1.95192594163538e-12,-39.8734056058698
8209,-4413.972621241621,0,0,-4470,-2.00164795600211,79.4999999999943,17.185584594806002,-38.6565578804183
8210,-4345.61390633052,0,0,-4473,-6.126300068922559,137.698039201724,33.1999999999993,-37.385645463321
8211,-4315.11150514505,0,0,-4476,-9.000949575315571,159.0,46.9518902707839,-36.0624458405142
8212,-4327.40392672307,0,0,-4479,-8.91724310976317,137.698039201725,57.504086811286896,-34.688809626317
8213,-4356.9546252058,0,0,-4482,14.674557903796401,79.4999999999963,64.1374748655944,-33.266657975184195
8214,-4460.887412747489,0,0,-4485,-10.4894328527094,1.10621953667264e-11,66.4,-31.797979894795603
8215,-4532.431009694071,0,0,-4488,1.21634490457451,-79.4999999999928,64.1374748655946,-30.2848294642486
8216,-4587.99033727179,0,0,-4491,11.932938079898,-137.698039201732,57.5040868112854,-28.729322961244602
8217,-4633.753208235279,0,0,-4494,-0.571462603789334,-159.0,46.9518902707872,-27.1336359022822
8218,-4611.71929428385,0,0,-4497,15.278744917880399,-137.698039201726,33.2,-25.4999999999999
8219,-4588.48243424829,0,0,-4500,-2.3373188011602997,-79.50000000001342,17.1855845948105,-23.830700041926605
8220,-4516.24220529831,0,0,-4503,8.88586539669682,-1.27763116756206e-11,2.6677581611987795e-12,-22.1280706949957
8221,-4467.41602836164,0,0,-4506,-3.33595052652726,79.5000000000069,-17.185584594809,-20.3944932403069
8222,-4424.84452731855,0,0,-4509,-1.7101742775876299,137.698039201722,-33.199999999998695,-18.632392242686397
8223,-4413.43905416299,0,0,-4512,3.35706826750727,159.0,-46.9518902707861,-16.844232159713698
8224,-4453.80629059111,0,0,-4515,-3.96772908659747,137.698039201727,-57.5040868112865,-15.0325138949561
8225,-4512.951471328761,0,0,-4518,2.8857748370482,79.50000000001491,-64.1374748655932,-13.199771300228699
8226,-4602.02656292596,0,0,-4521,-3.2779952941876203,-3.58577921322202e-12,-66.4,-11.348567631772099
8227,-4676.66177981671,0,0,-4524,0.4571870141954099,-79.5000000000055,-64.1374748655938,-9.4814919653085
8228,-4722.184454821289,0,0,-4527,7.61882676670336,-137.698039201721,-57.5040868112877,-7.60115557498495
8229,-4743.24489826994,0,0,-4530,-1.58281971788583,-159.0,-46.95189027078771,-5.710188281268589
8230,-4718.74639327011,0,0,-4533,-11.0371192954603,-137.698039201737,-33.200000000003904,-3.8112347729080804
8231,-4650.06219293577,0,0,-4536,-15.4696574328674,-79.50000000000071,-17.185584594807597,-1.9069509080928897
8232,-4548.3233378489,0,0,-4539,-9.323337848904039,1.87166290432774e-12,3.90812631595478e-13,-1.1242257616172699e-13
8233,-4452.0200242104,0,0,-4542,-8.6125597132897,79.4999999999883,17.1855845948047,1.9069509080923
8234,-4360.4107716792,0,0,-4545,9.87995434617886,137.69803920171998,33.199999999998106,3.8112347729074902
8235,-4326.7624946611995,0,0,-4548,9.57542678674704,159.0,46.951890270788205,5.710188281268719
8236,-4344.8882398753,0,0,-4551,3.3084785367014,137.698039201728,57.5040868112862,7.60115557498473
8237,-4401.98845674586,0,0,-4554,-1.10742357676962,79.5000000000022,64.137474865594,9.481491965308642
8238,-4488.72119931579,0,0,-4557,-9.46976694756197,-1.57546595433459e-13,66.4,11.348567631772198
8239,-4570.19946686006,0,0,-4560,-8.03671302589238,-79.49999999998691,64.137474865595,13.1997713002285
8240,-4624.454512956439,0,0,-4563,3.70692553904621,-137.698039201729,57.50408681128611,15.0325138949562
8241,-4657.3840779915,0,0,-4566,3.8197995779980802,-159.0,46.951890270788205,16.844232159713098
8242,-4653.81870502936,0,0,-4569,1.04694192968227,-137.698039201729,33.2000000000013,18.632392242685896
8243,-4610.58580385985,0,0,-4572,3.33411830504367,-79.5000000000037,17.185584594808198,20.394493240306698
8244,-4544.54762480355,0,0,-4575,8.32430450147503,-1.96327769111978e-11,4.099422600325569e-12,22.1280706949952
8245,-4499.40561750474,0,0,-4578,-7.55073295186257,79.500000000001,-17.185584594807597,23.830700041925997
8246,-4453.41457753421,0,0,-4581,-2.41261673593675,137.698039201728,-33.2000000000007,25.5
8247,-4452.91951192889,0,0,-4584,-8.10125756038791,159.0,-46.9518902707851,27.133635902282
8248,-4469.863670874461,0,0,-4587,8.213053773850419,137.69803920173,-57.5040868112858,28.729322961244698
8249,-4549.499421974179,0,0,-4590,-5.1467765728202,79.4999999999895,-64.1374748655948,30.2848294642487
8250,-4621.94350069185,0,0,-4593,5.6585194133471,3.2706860223551e-12,-66.4,31.797979894795102
8251,-4704.34155019005,0,0,-4596,2.0292667003546296,-79.4999999999995,-64.1374748655942,33.2666579751843
8252,-4758.33136181852,0,0,-4599,1.18195456816993,-137.69803920171802,-57.504086811288396,34.6888096263166
8253,-4780.28148139223,0,0,-4602,-8.392036961956942,-159.0,-46.95189027078871,36.0624458405137
8254,-4743.0179903851595,0,0,-4605,-4.5055966467602495,-137.698039201722,-33.1999999999986,37.3856454633211
8255,-4654.72381021476,0,0,-4608,11.305216499639098,-79.50000000000671,-17.1855845948089,38.6565578804179
8256,-4564.6339148959205,0,0,-4611,6.49267949821283,-4.98480233124939e-12,-1.04085180753132e-12,39.8734056058694
8257,-4475.79348422084,0,0,-4614,0.48644441625111,79.4999999999981,17.1855845948069,41.0344867681001
8258,-4409.77913919008,0,0,-4617,-5.81535588190827,137.698039201717,33.1999999999968,42.1381774901157
8259,-4369.993277514721,0,0,-4620,0.871898053852999,159.0,46.9518902707872,43.1829341606425
8260,-4380.65145320969,0,0,-4623,2.97912518429497,137.698039201723,57.5040868112873,44.16729559300649
8261,-4435.17965875915,0,0,-4626,2.09298130651154,79.5000000000082,64.1374748655936,45.089885068734894
8262,-4507.39073645307,0,0,-4629,9.25985128389679,6.69891864014367e-12,66.4,45.9494122630234
8263,-4605.51859489484,0,0,-4632,-4.90074480982223,-79.4999999999809,64.1374748655953,46.7446750493686
8264,-4670.78310853397,0,0,-4635,-3.0637173243892004,-137.698039201725,57.504086811286896,47.4745611808543
8265,-4705.57580408918,0,0,-4638,-3.6657442056915297,-159.0,46.95189027078651,48.1380498457267
8266,-4697.2096319149705,0,0,-4641,-0.445805808334379,-137.698039201733,33.2000000000025,48.7342130950931
8267,-4658.38567807895,0,0,-4644,-1.33347981449175,-79.50000000000959,17.185584594809598,49.2622171407425
8268,-4609.74196897192,0,0,-4647,-12.463292493199301,9.663172248699e-12,-2.01771898526294e-12,49.721323521273
8269,-4531.65120846101,0,0,-4650,5.92348599889974,79.4999999999951,-17.185584594806198,50.1108901348977
8270,-4490.07628780942,0,0,-4653,7.995300851369281,137.698039201724,-33.1999999999995,50.430372137481605
8271,-4491.18908916122,0,0,-4656,2.08347840500869,159.0,-46.951890270786706,50.679322704555396
8272,-4535.20739159496,0,0,-4659,-7.2587376416473495,137.69803920173402,-57.504086811285106,50.857393656240205
8273,-4604.933849488039,0,0,-4662,-9.260710566648381,79.4999999999955,-64.1374748655944,50.9643359442083
8274,-4677.79816935551,0,0,-4665,2.60183064447713,1.0127151257932198e-11,-66.4,51.0
8275,-4757.38899424098,0,0,-4668,3.28414468040513,-79.49999999999359,-64.1374748655945,50.9643359442083
8276,-4809.91972616149,0,0,-4671,5.42500619527699,-137.698039201723,-57.5040868112872,50.857393656240205
8277,-4813.122541658599,0,0,-4674,16.1500259076363,-159.0,-46.9518902707897,50.679322704555396
8278,-4795.7673606996,0,0,-4677,1.70030636464275,-137.698039201725,-33.1999999999999,50.430372137481605
8279,-4721.432904612,0,0,-4680,5.14178984790432,-79.499999999997,-17.1855845948067,50.1108901348977
8280,-4624.354930456,0,0,-4683,8.92374602273992,-1.18412675668265e-11,-2.47251624665811e-12,49.721323521273
8281,-4540.8695853992895,0,0,-4686,-0.8173871348296601,79.4999999999921,17.1855845948055,49.2622171407425
8282,-4478.2715715229,0,0,-4689,-8.90382381972526,137.698039201732,33.200000000002106,48.7342130950931
8283,-4441.43471372371,0,0,-4692,-3.5246538402203798,159.0,46.9518902707862,48.1380498457269
8284,-4453.09078384669,0,0,-4695,-0.767471040553963,137.698039201726,57.504086811286605,47.4745611808545
8285,-4503.65264399085,0,0,-4698,3.96520609417209,79.5000000000141,64.1374748655933,46.744675049368894
8286,-4601.45523875092,0,0,-4701,-12.8046510139592,1.3555383875720799e-11,66.4,45.9494122630235
8287,-4670.56447212453,0,0,-4704,3.70816794114552,-79.5000000000063,64.1374748655937,45.08988506873511
8288,-4735.78770172652,0,0,-4707,7.2389550709032795,-137.698039201722,57.50408681128761,44.16729559300649
8289,-4771.15503031569,0,0,-4710,7.710145252875449,-159.0,46.9518902707876,43.1829341606425
8290,-4777.10180752623,0,0,-4713,-1.74194581462136,-137.698039201727,33.2000000000005,42.1381774901157
8291,-4729.60932700996,0,0,-4716,7.67060162714118,-79.50000000001559,17.185584594811,41.0344867681001
8292,-4665.75460621427,0,0,-4719,13.371988179858501,2.80670701312187e-12,-5.86054546136139e-13,39.8734056058695
8293,-4612.4021295456,0,0,-4722,8.62689716878404,79.5000000000048,-17.1855845948085,38.6565578804179
8294,-4582.29315289394,0,0,-4725,0.8231624410183491,137.698039201721,-33.1999999999982,37.3856454633214
8295,-4572.23447065699,0,0,-4728,7.65497377328304,159.0,-46.951890270785704,36.062445840514
8296,-4605.61531802507,0,0,-4731,10.5019199581601,137.698039201737,-57.5040868112844,34.6888096263172
8297,-4689.50718321355,0,0,-4734,-4.13636632314555,79.5000000000014,-64.1374748655941,33.2666579751843
8298,-4771.680155688379,0,0,-4737,-0.0781355831732307,-1.09259070422759e-12,-66.4,31.7979798947954
8299,-4837.9216986681395,0,0,-4740,15.430946733192698,-79.49999999998771,-64.1374748655949,30.2848294642488
8300,-4915.2977783044,0,0,-4743,-5.824975252635371,-137.69803920171998,-57.5040868112879,28.7293229612448
8301,-4933.415520116239,0,0,-4746,-8.597265747732308,-159.0,-46.9518902707854,27.1336359022821
8302,-4893.56447545822,0,0,-4749,0.8335637435056842,-137.698039201729,-33.200000000001104,25.5000000000004
8303,-4827.897333927629,0,0,-4752,-3.04244937474185,-79.50000000000291,-17.1855845948081,23.830700041926104
8304,-4741.68260991246,0,0,-4755,-8.81068060745452,-6.21525604666693e-13,-1.29777673427259e-13,22.1280706949952
8305,-4640.7724028956,0,0,-4758,0.147519269305345,79.4999999999862,17.185584594804197,20.394493240307103
8306,-4581.23952900929,0,0,-4761,-9.769960453703609,137.698039201728,33.2000000000009,18.6323922426863
8307,-4533.35962934273,0,0,-4764,7.84424822677507,159.0,46.951890270785206,16.8442321597138
8308,-4557.67805884907,0,0,-4767,-0.912698757037315,137.69803920173,57.504086811285894,15.0325138949563
8309,-4608.05055891155,0,0,-4770,5.11219492261972,79.5000000000044,64.1374748655939,13.199771300228601
8310,-4689.90772505416,0,0,-4773,5.34370731404335,2.04118491112979e-11,66.4,11.348567631772198
8311,-4782.039519540929,0,0,-4776,-0.158486371831135,-79.50000000000041,64.1374748655941,9.481491965308688
8312,-4852.21906555203,0,0,-4779,-0.6262687365737409,-137.698039201727,57.5040868112864,7.6011555749847695
8313,-4905.27922563481,0,0,-4782,-16.9413041868679,-159.0,46.9518902707886,5.710188281269129
8314,-4891.61878001349,0,0,-4785,-5.93197558467181,-137.69803920173,33.2000000000017,3.81123477290754
8315,-4846.27802448,0,0,-4788,2.12944001709135,-79.49999999999021,17.1855845948051,1.9069509080923501
8316,-4789.72350335335,0,0,-4791,1.27649664665258,-4.04975822245526e-12,8.45609892990657e-13,2.99856672456204e-13
8317,-4729.31646470437,0,0,-4794,4.2760707985288,79.4999999999989,-17.1855845948071,-1.9069509080924698
8318,-4692.10527517405,0,0,-4797,4.20792039713399,137.698039201717,-33.199999999997,-3.81123477290731
8319,-4686.6455971477,0,0,-4800,7.01648140435511,159.0,-46.9518902707847,-5.7101882812685405
8320,-4735.67915417059,0,0,-4803,-5.27195098604075,137.698039201722,-57.5040868112875,-7.601155574984901
8321,-4796.075276544079,0,0,-4806,4.04369028681325,79.5000000000074,-64.1374748655937,-9.481491965308448
8322,-4904.3000185358505,0,0,-4809,-17.551450904079598,5.76387453134954e-12,-66.4,-11.348567631772001
8323,-4963.03419367698,0,0,-4812,5.80305248884339,-79.4999999999974,-64.1374748655943,-13.199771300228699
8324,-5022.4275863849,0,0,-4815,2.80705352305618,-137.698039201717,-57.5040868112887,-15.032513894955699
8325,-5030.393419078429,0,0,-4818,10.4027033520659,-159.0,-46.9518902707864,-16.8442321597133
8326,-5016.10870385691,0,0,-4821,-5.578272412503151,-137.698039201723,-33.1999999999991,-18.632392242686397
8327,-4948.22558863205,0,0,-4824,-7.1455107969259,-79.5000000000088,-17.185584594809402,-20.3944932403065
8328,-4853.8082288450105,0,0,-4827,-4.68015815000692,-7.47799084024382e-12,-1.56144211255406e-12,-22.128070694995397
8329,-4740.28778784906,0,0,-4830,16.8573275980807,79.4999999999802,17.1855845948028,-23.830700041925898
8330,-4696.04781848939,0,0,-4833,-8.44585769111562,137.698039201725,33.1999999999996,-25.4999999999999
8331,-4649.01741459552,0,0,-4836,8.16433103597896,159.0,46.9518902707869,-27.1336359022822
8332,-4680.19433382759,0,0,-4839,-7.667136879358691,137.698039201733,57.5040868112852,-28.729322961244602
8333,-4727.70161707037,0,0,-4842,0.94573752826988,79.5000000000103,64.1374748655935,-30.2848294642486
8334,-4814.09840803794,0,0,-4845,-3.70042814313401,-8.884100048598849e-12,66.4,-31.7979798947955
8335,-4900.82493565641,0,0,-4848,-4.195752546827181,-79.4999999999944,64.1374748655945,-33.2666579751839
8336,-4971.46129513264,0,0,-4851,-5.57853311588729,-137.698039201724,57.504086811287095,-34.6888096263167
8337,-5000.35648698983,0,0,-4854,1.7540685798978002,-159.0,46.9518902707869,-36.0624458405141
8338,-5004.230183778171,0,0,-4857,-5.34649911311579,-137.69803920173402,33.200000000003,-37.385645463321
8339,-4973.11141652005,0,0,-4860,-12.140443234446499,-79.49999999999609,17.1855845948065,-38.656557880418
8340,-4903.3344435087,0,0,-4863,-0.46103790282129103,-1.09062234580324e-11,2.2772743321174503e-12,-39.8734056058693
8341,-4835.518061658039,0,0,-4866,9.2020097048767,79.49999999999291,-17.185584594805697,-41.0344867681
8342,-4817.3456238516,0,0,-4869,-10.7054855632061,137.698039201723,-33.199999999999,-42.138177490115794
8343,-4803.34832679091,0,0,-4872,-0.213502359479097,159.0,-46.9518902707837,-43.1829341606424
8344,-4848.91818198858,0,0,-4875,-9.94483878601465,137.698039201726,-57.504086811286705,-44.1672955930064
8345,-4904.085149501339,0,0,-4878,3.64221043298645,79.4999999999976,-64.1374748655943,-45.0898850687352
8346,-4987.34892891757,0,0,-4881,6.00048334543955,1.26203397669267e-11,-66.4,-45.949412263023206
8347,-5067.9376912162,0,0,-4884,6.444458698756571,-79.4999999999914,-64.1374748655947,-46.74467504936871
8348,-5129.11354659311,0,0,-4887,0.563140600756977,-137.698039201731,-57.5040868112856,-47.474561180854394
8349,-5144.1989934677,0,0,-4890,-0.10905335118205302,-159.0,-46.9518902707874,-48.1380498457267
8350,-5112.91185285147,0,0,-4893,-0.279600554646643,-137.698039201727,-33.2000000000003,-48.7342130950932
8351,-5036.23283241265,0,0,-4896,5.71496932292159,-79.50000000001481,-17.185584594810802,-49.2622171407424
8352,-4941.10355528948,0,0,-4899,7.617768231806151,-1.4334456075820901e-11,-2.99310655168085e-12,-49.721323521273
8353,-4858.10489227188,0,0,-4902,-2.67958673179647,79.5000000000056,17.1855845948087,-50.1108901348977
8354,-4787.877954323079,0,0,-4905,-3.34562138731896,137.698039201721,33.1999999999984,-50.4303721374815
8355,-4760.34281125872,0,0,-4908,-7.61537882495088,159.0,46.951890270785796,-50.679322704555396
8356,-4768.51449654865,0,0,-4911,-1.8592289054231204,137.698039201727,57.5040868112864,-50.857393656240205
8357,-4819.28715769216,0,0,-4914,2.03970338643972,79.5000000000163,64.1374748655931,-50.9643359442083
8358,-4901.42514581179,0,0,-4917,0.17485418820957002,-2.0276348130217202e-12,66.4,-51.0
8359,-4988.01178508126,0,0,-4920,-1.684924002638,-79.50000000000409,64.1374748655939,-50.9643359442083
8360,-5053.80014397446,0,0,-4923,0.25120207221444896,-137.69803920171998,57.50408681128779,-50.857393656240205
8361,-5080.02332432405,0,0,-4926,8.70410810971334,-159.0,46.9518902707879,-50.679322704555396
8362,-5083.54332279039,0,0,-4929,0.385088548820582,-137.698039201737,33.2000000000042,-50.430372137481605
8363,-5043.49841651663,0,0,-4932,0.926889023463677,-79.5000000000021,17.185584594807903,-50.1108901348977
8364,-4990.45408138903,0,0,-4935,-5.732757867760321,3.13518504127438e-13,-6.54642411134021e-14,-49.721323521273
8365,-4927.3491643835705,0,0,-4938,-2.4013626480138397,79.499999999987,-17.1855845948044,-49.2622171407426
8366,-4880.90827148226,0,0,-4941,4.32790241111251,137.69803920171998,-33.1999999999978,-48.7342130950932
8367,-4879.99664322096,0,0,-4944,0.09329689555195099,159.0,-46.951890270788,-48.1380498457267
8368,-4917.38214543623,0,0,-4947,-3.1015366458184905,137.698039201729,-57.504086811286,-47.4745611808546
8369,-4975.48289384053,0,0,-4950,5.89925607442809,79.5000000000036,-64.1374748655939,-46.744675049368894
8370,-5066.740161049821,0,0,-4953,-1.39074878680304,1.4005978047668402e-12,-66.4,-45.9494122630234
8371,-5138.67315906392,0,0,-4956,6.05420087039129,-79.4999999999855,-64.1374748655951,-45.0898850687352
8372,-5194.42567115372,0,0,-4959,3.94375045229907,-137.698039201728,-57.5040868112863,-44.1672955930064
8373,-5218.80726455178,0,0,-4962,-7.672440120347179,-159.0,-46.951890270788404,-43.1829341606426
8374,-5174.289703958029,0,0,-4965,3.74651273381508,-137.69803920173,-33.2000000000016,-42.138177490115794
8375,-5112.531275418711,0,0,-4968,-6.811204055796111,-79.500000000005,-17.1855845948086,-41.0344867681
8376,-5011.73873494077,0,0,-4971,-0.865329334878965,-2.11909213113981e-11,-4.424770990807651e-12,-39.8734056058698
8377,-4915.98999076752,0,0,-4974,-0.019017481911388,79.4999999999997,17.1855845948073,-38.6565578804183
8378,-4848.853199186699,0,0,-4977,-5.36559292510964,137.698039201727,33.2000000000004,-37.385645463321
8379,-4811.08116089761,0,0,-4980,-0.9706053278840859,159.0,46.951890270784794,-36.0624458405142
8380,-4820.973481533821,0,0,-4983,1.51320207947726,137.698039201731,57.5040868112857,-34.688809626317
8381,-4874.576834409029,0,0,-4986,1.05234870056849,79.4999999999909,64.1374748655947,-33.266657975184195
8382,-4957.61262014662,0,0,-4989,-3.2146402518342,4.82883042255541e-12,66.4,-31.797979894795603
8383,-5027.94918630921,0,0,-4992,9.69816828944031,-79.49999999999821,64.1374748655943,-30.2848294642486
8384,-5089.67341416062,0,0,-4995,14.2498611910687,-137.698039201726,57.504086811286705,-28.729322961244602
8385,-5153.21979944322,0,0,-4998,-16.0380538117237,-159.0,46.9518902707889,-27.1336359022822
8386,-5134.3799030637,0,0,-5001,-3.3818638619803703,-137.698039201723,33.1999999999989,-25.4999999999999
8387,-5103.47858873491,0,0,-5004,-13.333473287786,-79.500000000008,17.1855845948092,-23.830700041926605
8388,-5040.989621655171,0,0,-5007,-11.861550960169598,-6.54294673144969e-12,1.36620019801339e-12,-22.1280706949957
8389,-4963.91503001187,0,0,-5010,4.1650478232463595,79.4999999999967,-17.1855845948066,-20.394493240306602
8390,-4924.74719627981,0,0,-5013,2.3871567611552402,137.698039201716,-33.1999999999965,-18.6323922426865
8391,-4916.096167210089,0,0,-5016,4.69995522041383,159.0,-46.951890270787004,-16.844232159713698
8392,-4954.7275067460205,0,0,-5019,-0.8889452414980219,137.698039201724,-57.5040868112872,-15.0325138949561
8393,-5020.002100608111,0,0,-5022,-0.16485444229652,79.50000000000949,-64.1374748655935,-13.1997713002288
8394,-5100.269834172561,0,0,-5025,2.47873345920491,8.25706304034397e-12,-66.4,-11.348567631772099
8395,-5174.9544417049,0,0,-5028,6.16452512600989,-79.50000000001091,-64.1374748655935,-9.48149196530851
8396,-5250.51985126591,0,0,-5031,-16.7165696779116,-137.698039201724,-57.504086811287,-7.60115557498496
8397,-5255.00732874006,0,0,-5034,-9.34525018799995,-159.0,-46.9518902707868,-5.710188281268599
8398,-5206.37527589859,0,0,-5037,5.333998076056849,-137.698039201733,-33.2000000000028,-3.8112347729080898
8399,-5135.11159167599,0,0,-5040,3.48094382692711,-79.500000000011,-17.1855845948099,-1.9069509080929
8400,-144.099436116507,0,0,-3,-141.099436116507,0.0,0.0,0.0
8401,507.153143264832,0,0,-6,-155.991800588544,432.45,207.08111798652698,29.6138258668499
8402,1042.48993475968,0,0,-9,-156.771671093928,749.025371733161,400.05,59.186234120448
8403,1678.15018821797,0,0,-12,170.818187516791,864.9,565.756135627357,88.67586507381979
8404,1443.3506584065601,0,0,-15,-101.623113706059,749.025371733161,692.906925567929,118.04147481153
8405,1580.6524024363,0,0,-18,246.123155949393,432.45,772.837253613884,147.24199287302798
8406,792.91624566368,0,0,-21,-162.420334029721,1.0591970165825501e-13,800.1,176.23657969340098
8407,438.467575188395,0,0,-24,-82.9043621466847,-432.45,772.837253613884,204.98468372119598
8408,225.894077662126,0,0,-27,75.56642569392059,-749.025371733161,692.90692556793,233.446098133436
8409,-121.90368019901501,0,0,-30,-54.34083289486399,-864.9,565.756135627357,261.58101706849203
8410,-59.444584864787394,0,0,-33,33.180695570188696,-749.025371733161,400.05,289.350091298185
8411,26.351114355994397,0,0,-36,-28.994486891767,-432.45,207.08111798652698,316.714483261235
8412,128.15239256155198,0,0,-39,-176.48352881955398,-2.1183940331650897e-13,9.798399039977969e-14,343.635921381106
8413,427.40155004164296,0,0,-42,-126.044085564095,432.45,-207.08111798652698,370.076753592265
8414,607.176193304499,0,0,-45,-92.7991784286614,749.025371733161,-400.05,396.0
8415,666.182760386233,0,0,-48,-6.330508586556821,864.9,-565.756135627356,421.369404600147
8416,331.45272417366,0,0,-51,-119.81520797796101,749.025371733161,-692.906925567929,446.149485986389
8417,118.77474233865401,0,0,-54,42.856408978324794,432.45,-772.837253613884,470.30558697421304
8418,-363.89908236137603,0,0,-57,-0.603005433493529,3.1775910497476395e-13,-800.1,493.803923072117
8419,-946.46734665108,0,0,-60,-197.791722769469,-432.449999999999,-772.837253613884,516.611629732272
8420,-1040.7943683841,0,0,-63,-74.5588793975742,-749.025371733161,-692.906925567929,538.696808314568
8421,-1137.64843883024,0,0,-66,-201.020873902633,-864.9,-565.756135627357,560.0285706997461
8422,-566.971451486536,0,0,-69,70.52683775740371,-749.025371733161,-400.05,580.577082489222
8423,22.3270728372546,0,0,-72,133.54458609258498,-432.450000000001,-207.08111798652698,600.313604731199
8424,397.911333896957,0,0,-75,-146.299200217722,-4.2367880663301793e-13,-1.95967980799559e-13,619.210534114679
8425,1310.44026281015,0,0,-78,111.66770324841801,432.450000000001,207.08111798652698,637.2414415752011
8426,1842.03499811663,0,0,-81,119.578517125197,749.025371733161,400.05,654.381109258268
8427,2038.8254426910603,0,0,-84,21.5637412749052,864.9,565.756135627357,670.605565788801
8428,1980.6595035853898,0,0,-87,-60.1649135129726,749.025371733161,692.906925567929,685.892119797275
8429,1847.79173909549,0,0,-90,32.2850938259603,432.45,772.837253613884,700.219391655651
8430,1404.8829207919,0,0,-93,-15.7844225868186,2.0659695386885504e-12,800.1,713.5673433787159
8431,854.4391893885139,0,0,-96,-115.865370874392,-432.449999999999,772.837253613884,725.917306649021
8432,591.847230475983,0,0,-99,9.71366771500383,-749.0253717331599,692.90692556793,737.25200892621
8433,596.183709118041,0,0,-102,249.77197588645802,-864.9,565.756135627356,747.555597604227
8434,312.880988078096,0,0,-105,10.042697628633,-749.025371733161,400.05,756.813662182623
8435,553.6169354153869,0,0,-108,121.972563007918,-432.45,207.08111798652698,765.013254420942
8436,533.372231819765,0,0,-111,-127.77067462823901,-6.35518209949527e-13,2.93951971199339e-13,772.1429064480039
8437,724.6160771172271,0,0,-114,-164.94545169701001,432.449999999999,-207.08111798652598,778.192646800764
8438,1075.9815189981,0,0,-117,60.8521328946414,749.0253717331599,-400.049999999999,783.154014370302
8439,1001.4480073180802,0,0,-120,35.2840727099926,864.9,-565.756135627356,787.020070235448
8440,664.09896648103,0,0,-123,-58.804887051696504,749.025371733161,-692.906925567929,789.7854073674949
8441,92.7504728901907,0,0,-126,-232.308431688341,432.450000000003,-772.837253613883,791.446158192412
8442,-272.994342970892,0,0,-129,-135.894342970893,7.41437911607782e-13,-800.1,792.0
8443,-700.24207568726,0,0,-132,-154.400980265789,-432.449999999999,-772.837253613884,791.446158192412
8444,-756.380372433901,0,0,-135,30.7665174996943,-749.0253717331599,-692.90692556793,789.7854073674949
8445,-763.478659285798,0,0,-138,18.15740610611,-864.9,-565.756135627356,787.020070235448
8446,-288.381174901436,0,0,-141,218.540182461426,-749.0253717331619,-400.050000000001,783.154014370302
8447,-75.4800202676289,0,0,-144,-70.1415490818659,-432.45,-207.08111798652698,778.192646800764
8448,770.5451770287109,0,0,-147,145.402270580708,-8.47357613266037e-13,-3.9193596159911896e-13,772.1429064480039
8449,1220.0327532548401,0,0,-150,-34.511619152623894,432.449999999999,207.08111798652598,765.013254420942
8450,1934.3419979153898,0,0,-153,181.4529639996,749.0253717331619,400.050000000001,756.813662182623
8451,2130.1729133456,0,0,-156,107.961180114014,864.9,565.756135627356,747.555597604227
8452,2077.95262126,0,0,-159,57.768315032696506,749.025371733161,692.906925567929,737.25200892621
8453,1902.19098329175,0,0,-162,132.986423028845,432.45,772.837253613883,725.917306649021
8454,1527.84213328855,0,0,-165,179.17478990983201,9.53277314924291e-13,800.1,713.5673433787159
8455,1033.3484150792501,0,0,-168,160.741769809718,-432.450000000001,772.837253613883,700.219391655651
8456,586.537373250563,0,0,-171,127.763699618517,-749.0253717331599,692.90692556793,685.892119797276
8457,152.85367616164498,0,0,-174,-44.608025254513294,-864.9,565.756135627357,670.605565788801
8458,39.9082771351793,0,0,-177,-88.49746038992778,-749.025371733161,400.05,654.381109258268
8459,141.186916559134,0,0,-180,-90.68564300259459,-432.45,207.08111798652698,637.241441575202
8460,527.065413027975,0,0,-183,90.85487891329771,-4.131939077377101e-12,1.91118305920304e-12,619.21053411468
8461,726.6294266358329,0,0,-186,86.94693989116209,432.449999999999,-207.08111798652598,600.313604731199
8462,856.028906483822,0,0,-189,115.476452261439,749.0253717331599,-400.049999999999,580.577082489223
8463,699.905822491043,0,0,-192,32.733387418653805,864.9,-565.756135627357,560.0285706997461
8464,402.87586441117503,0,0,-195,3.06060993137343,749.025371733163,-692.906925567929,538.696808314568
8465,40.6577600621801,0,0,-198,62.4333839437909,432.450000000001,-772.837253613883,516.611629732272
8466,-446.60879026280196,0,0,-201,60.6872866650834,-1.9076253425537498e-12,-800.1,493.803923072117
8467,-1013.10963994854,0,0,-204,-74.12797330886991,-432.449999999999,-772.837253613884,470.30558697421304
8468,-1169.01455243215,0,0,-207,33.7682588825542,-749.025371733161,-692.906925567929,446.149485986389
8469,-1337.7531559166198,0,0,-210,-118.46642488941099,-864.9,-565.756135627358,421.369404600147
8470,-1000.01721147129,0,0,-213,-33.9418397381284,-749.025371733161,-400.05,396.0
8471,-670.691294311177,0,0,-216,-185.236929916918,-432.449999999998,-207.08111798652598,370.076753592265
8472,-11.786647551770502,0,0,-219,-136.422568932875,-1.2710364198990502e-12,-5.87903942398678e-13,343.635921381106
8473,538.784481539971,0,0,-222,-195.461119707784,432.449999999996,207.08111798652502,316.714483261235
8474,1325.32214882138,0,0,-225,111.896685790037,749.0253717331599,400.049999999999,289.350091298185
8475,1427.3644944931198,0,0,-228,-36.872658202731294,864.9,565.756135627357,261.58101706849203
8476,1393.70756335302,0,0,-231,-50.6708320815057,749.025371733163,692.906925567929,233.446098133436
8477,1083.18739990478,0,0,-234,-93.08453743029591,432.450000000001,772.837253613883,204.984683721197
8478,736.0500491502229,0,0,-237,-3.28653054318214,4.44969818235186e-12,800.1,176.23657969340098
8479,325.27795418883204,0,0,-240,77.6487077019186,-432.449999999998,772.837253613884,147.24199287302798
8480,-82.37038936300291,0,0,-243,98.7065819906987,-749.025371733161,692.906925567929,118.04147481153
8481,-589.051810150024,0,0,-246,-132.583810851202,-864.9,565.756135627358,88.6758650738199
8482,-645.414858871608,0,0,-249,-106.625721258895,-749.0253717331641,400.05000000000297,59.18623412044829
8483,-425.430525129139,0,0,-252,22.324531017483,-432.449999999998,207.08111798652598,29.613825866849798
8484,-117.40375827547,0,0,-255,137.596241724531,-1.48287582321556e-12,6.85887932798458e-13,9.699202649247039e-14
8485,-136.26226387055098,0,0,-258,-74.0173200171751,432.450000000001,-207.08111798652698,-29.6138258668499
8486,-28.803830336743303,0,0,-261,-57.5929679494562,749.0253717331599,-400.049999999999,-59.1862341204478
8487,92.56524040132759,0,0,-264,146.097241102502,864.9,-565.756135627355,-88.6758650738197
8488,-393.598390795994,0,0,-267,-64.6753621496984,749.025371733163,-692.906925567929,-118.04147481153
8489,-721.5556310182229,0,0,-270,36.0736154686874,432.450000000001,-772.837253613883,-147.24199287302798
8490,-1296.9310088135,0,0,-273,-47.59442912009379,-1.4839465359207298e-12,-800.1,-176.23657969340098
8491,-1669.1553267484198,0,0,-276,17.1166105866629,-432.449999999998,-772.837253613884,-204.98468372119598
8492,-1822.3641455353602,0,0,-279,132.014249899164,-749.025371733158,-692.906925567931,-233.446098133436
8493,-1953.06498333272,0,0,-282,21.172169363132397,-864.9,-565.756135627358,-261.58101706849203
8494,-1719.23577942991,0,0,-285,4.189683601432581,-749.025371733161,-400.05,-289.350091298185
8495,-1461.14091710474,0,0,-288,-216.89531585698,-432.449999999998,-207.08111798652598,-316.714483261235
8496,-456.797041395129,0,0,-291,177.83887998598,-1.69471522653207e-12,-7.838719231982379e-13,-343.635921381106
8497,82.5158238141708,0,0,-294,107.061459419916,432.449999999995,207.08111798652502,-370.076753592265
8498,334.746458419901,0,0,-297,-121.328913313257,749.0253717331599,400.049999999999,-396.0
8499,502.67109476470904,0,0,-300,-206.615636262501,864.9,565.756135627357,-421.369404600147
8500,929.149426139346,0,0,-303,236.366614824645,749.0253717331599,692.90692556793,-446.149485986389
8501,466.293800321468,0,0,-306,37.3121336817967,432.450000000001,772.837253613883,-470.30558697421304
8502,-184.415430743129,0,0,-309,-181.711507671017,4.87337698898488e-12,800.1,-493.803923072117
8503,-546.162149990732,0,0,-312,-57.9377738723462,-432.449999999998,772.837253613884,-516.611629732272
8504,-788.8168224520809,0,0,-315,120.998432027719,-749.025371733161,692.906925567929,-538.696808314568
8505,-1073.80126168399,0,0,-318,103.371173388402,-864.9,565.756135627356,-560.0285706997461
8506,-1365.06683255949,0,0,-321,-114.51437833711,-749.025371733161,400.05,-580.577082489222
8507,-1271.10566506339,0,0,-324,-121.42317831871999,-432.45000000000397,207.081117986529,-600.313604731199
8508,-1017.4735943156301,0,0,-327,-71.263060200947,-1.90655462984858e-12,8.81855913598018e-13,-619.210534114679
8509,-795.365240517783,0,0,-330,-53.4926809560526,432.449999999995,-207.08111798652402,-637.2414415752011
8510,-733.038939566874,0,0,-333,-94.63320204176772,749.025371733163,-400.050000000001,-654.381109258268
8511,-714.450666221783,0,0,-336,-6.98896480562579,864.9,-565.756135627357,-670.605565788801
8512,-895.2399541478841,0,0,-339,73.53371948415709,749.025371733163,-692.906925567928,-685.892119797275
8513,-1185.39103063301,0,0,-342,197.215614636525,432.450000000001,-772.837253613883,-700.219391655651
8514,-1835.26678305724,0,0,-345,23.400560321468898,5.08521639230139e-12,-800.1,-713.5673433787159
8515,-2483.09244901125,0,0,-348,-203.88788874834702,-432.450000000003,-772.837253613883,-725.917306649021
8516,-2401.8284696145997,0,0,-351,128.355836612702,-749.025371733161,-692.906925567929,-737.25200892621
8517,-2545.69365280265,0,0,-354,-13.481919571065301,-864.9,-565.756135627358,-747.555597604227
8518,-2295.5724552063502,0,0,-357,-32.683421290560396,-749.025371733161,-400.05,-756.813662182623
8519,-1921.32150679043,0,0,-360,-156.77713438296,-432.45000000000397,-207.081117986529,-765.013254420942
8520,-1268.90511992038,0,0,-363,-133.762213472363,-8.263878154754201e-12,-3.82236611840608e-12,-772.1429064480039
8521,-290.471021769496,0,0,-366,214.19050704474097,432.45,207.08111798652698,-778.192646800764
8522,127.21779804407801,0,0,-369,130.29644068122101,749.025371733159,400.049999999999,-783.154014370302
8523,450.73009231501504,0,0,-372,179.09402692310798,864.9,565.756135627355,-787.020070235448
8524,365.864769345868,0,0,-375,88.7178794122705,749.025371733163,692.906925567928,-789.7854073674949
8525,13.813986730284801,0,0,-378,-22.0271086911884,432.450000000001,772.837253613883,-791.446158192412
8526,-521.967303240968,0,0,-381,-149.067303240968,-8.484283259712071e-13,800.1,-792.0
8527,-872.4401447293291,0,0,-384,-37.38124015079789,-432.450000000003,772.837253613883,-791.446158192412
8528,-1396.6826367628798,0,0,-387,-163.778783230155,-749.025371733158,692.906925567931,-789.7854073674949
8529,-1567.6512473466198,0,0,-390,-91.4873127385317,-864.9,565.756135627358,-787.020070235448
8530,-1471.6822206135998,0,0,-393,53.4471654898639,-749.0253717331619,400.050000000001,-783.154014370302
8531,-1246.5446515911901,0,0,-396,153.016877223044,-432.449999999999,207.08111798652598,-778.192646800764
8532,-1322.99250796395,0,0,-399,-151.84960151594498,3.81525068510751e-12,-1.7647023200107e-12,-772.1429064480039
8533,-842.300122606702,0,0,-402,99.34424980077,432.449999999995,-207.08111798652402,-765.013254420942
8534,-983.856779812856,0,0,-405,-171.018489363393,749.025371733159,-400.049999999999,-756.813662182623
8535,-947.894193123773,0,0,-408,-91.4824598921898,864.9,-565.756135627356,-747.555597604227
8536,-1044.24341750076,0,0,-411,47.890145260214396,749.0253717331599,-692.90692556793,-737.25200892621
8537,-1648.9122962431197,0,0,-414,-168.60773598021498,432.449999999996,-772.837253613884,-725.917306649021
8538,-1941.59700428978,0,0,-417,-10.9296609110654,5.5088951989344106e-12,-800.1,-713.5673433787159
8539,-2480.67522577775,0,0,-420,-155.168580508214,-432.44999999999703,-772.837253613884,-700.219391655651
8540,-2623.3529282829604,0,0,-423,-72.52851118459479,-749.025371733161,-692.90692556793,-685.892119797276
8541,-2687.7712815649397,0,0,-426,-160.509580148782,-864.9,-565.7561356273599,-670.605565788801
8542,-2278.57724912775,0,0,-429,-46.12076813632421,-749.025371733159,-400.049999999998,-654.381109258268
8543,-1765.4032320898398,0,0,-432,-56.6306725281048,-432.45000000000397,-207.081117986529,-637.2414415752011
8544,-992.4360829573719,0,0,-435,61.7744511573116,-2.54207283979811e-12,-1.17580788479736e-12,-619.21053411468
8545,-427.902090508315,0,0,-438,-29.119603763643102,432.45,207.08111798652698,-600.313604731199
8546,202.592028571912,0,0,-441,75.0937393279824,749.025371733156,400.04999999999603,-580.577082489223
8547,261.872520995429,0,0,-444,-164.75504393218398,864.9,565.756135627358,-560.0285706997461
8548,481.446492129214,0,0,-447,25.21100314269,749.025371733163,692.906925567928,-538.696808314568
8549,255.90802803396,0,0,-450,17.2324041523465,432.450000000002,772.837253613883,-516.611629732272
8550,169.723516716925,0,0,-453,316.42743978904304,-4.2474951933818894e-13,800.1,-493.803923072117
8551,-578.693724548829,0,0,-456,7.22460881149177,-432.449999999992,772.8372536138851,-470.305586974214
8552,-921.6938917636861,0,0,-459,39.5740403879295,-749.025371733158,692.906925567931,-446.149485986389
8553,-1246.17777227438,0,0,-462,-63.6645033015886,-864.9,565.756135627358,-421.369404600147
8554,-1255.1005511951598,0,0,-465,-45.1251794620012,-749.0253717331619,400.050000000001,-396.0
8555,-879.4071324507009,0,0,-468,184.038503155037,-432.449999999999,207.08111798652598,-370.076753592265
8556,-1036.95013051607,0,0,-471,-222.31420913495603,-8.89939636470373e-12,4.11631808960542e-12,-343.635921381106
8557,-362.37648495912697,0,0,-474,202.969116288638,432.44999999999396,-207.08111798652402,-316.714483261235
8558,-460.839614195561,0,0,-477,-43.4648946305371,749.025371733159,-400.049999999998,-289.350091298185
8559,-554.134168170188,0,0,-480,-111.69701547433901,864.9,-565.756135627356,-261.58101706849203
8560,-746.2628216301171,0,0,-483,-85.9351696619108,749.0253717331599,-692.90692556793,-233.446098133437
8561,-1010.358822851,0,0,-486,21.0131144840693,432.45000000000704,-772.837253613882,-204.98468372119598
8562,-1196.4974152948,0,0,-489,268.839164398591,5.932574005567429e-12,-800.1,-176.23657969340098
8563,-1871.8719174398998,0,0,-492,-27.3426709529909,-432.44999999999703,-772.837253613884,-147.241992873029
8564,-2144.1999379662802,0,0,-495,-89.2261658536596,-749.025371733154,-692.9069255679319,-118.04147481153099
8565,-2151.14546268918,0,0,-498,-133.813461987998,-864.9,-565.7561356273599,-88.6758650738207
8566,-1644.4055965006,0,0,-501,64.8560093530037,-749.025371733159,-400.049999999998,-59.1862341204477
8567,-1161.4719079108,0,0,-504,11.6730359425662,-432.44999999999396,-207.08111798652402,-29.6138258668499
8568,-391.36416172178,0,0,-507,115.63583827822399,-2.9657516464311298e-12,-1.3717758655969199e-12,-1.93984052984941e-13
8569,339.71697069994303,0,0,-510,180.57202684656602,432.45,207.08111798652698,29.6138258668502
8570,717.653319996543,0,0,-513,22.3917141429318,749.0253717331619,400.050000000001,59.186234120448
8571,1150.91863047268,0,0,-516,147.586629771507,864.9,565.756135627354,88.6758650738196
8572,1320.05933365093,0,0,-519,279.085561538306,749.0253717331641,692.906925567928,118.04147481153
8573,907.813298033896,0,0,-522,77.2840515469828,432.450000000002,772.837253613883,147.24199287302798
8574,416.527466897353,0,0,-525,-34.8091127960603,1.2289897530473e-11,800.1,176.23657969340098
8575,30.951666302509498,0,0,-528,13.579728967420301,-432.449999999992,772.8372536138851,204.98468372119598
8576,-171.174183672999,0,0,-531,182.498164358792,-749.025371733157,692.906925567931,233.446098133436
8577,-461.842793362973,0,0,-534,109.72005394118,-864.9,565.756135627354,261.581017068493
8578,-405.87144253631897,0,0,-537,190.753837898657,-749.0253717331619,400.050000000001,289.350091298185
8579,-309.248285192634,0,0,-540,139.406113559604,-432.45,207.08111798652698,316.714483261235
8580,-164.783340147081,0,0,-543,34.5807384718117,2.9678930718414706e-12,-1.37276635841158e-12,343.635921381106
8581,-15.9904445087045,0,0,-546,-65.4360801144396,432.44999999999396,-207.08111798652402,370.076753592265
8582,265.920579360661,0,0,-549,69.94520762750011,749.025371733159,-400.049999999998,396.0
8583,193.766191614684,0,0,-552,25.2529226418933,864.9,-565.756135627356,421.369404600146
8584,-32.9999746132093,0,0,-555,19.7320932351625,749.0253717331669,-692.9069255679269,446.149485986388
8585,-519.882279990505,0,0,-558,-91.8006133508426,432.450000000008,-772.837253613882,470.30558697421304
8586,-1189.50780710244,0,0,-561,-322.211730174564,6.35625281220044e-12,-800.1,493.803923072116
8587,-1470.9494293256798,0,0,-564,-218.273805444062,-432.45000000000704,-772.837253613882,516.611629732272
8588,-1327.13605684779,0,0,-567,143.09943213872901,-749.0253717331599,-692.90692556793,538.696808314568
8589,-1297.20375971574,0,0,-570,143.423805211872,-864.9,-565.756135627356,560.0285706997461
8590,-1249.68216469933,0,0,-573,-108.183875455391,-749.025371733159,-400.049999999998,580.577082489223
8591,-590.915806347277,0,0,-576,24.301706908058897,-432.45000000000505,-207.08111798653,600.313604731199
8592,209.14431607884498,0,0,-579,168.93378196417,-3.38943045306415e-12,-1.5677438463964799e-12,619.210534114679
8593,702.648839307512,0,0,-582,7.87627974578523,432.449999999999,207.08111798652598,637.2414415752011
8594,1353.2620334732198,0,0,-585,134.805552481799,749.025371733156,400.04999999999603,654.381109258268
8595,1470.7601935704402,0,0,-588,-42.501507845710705,864.9,565.756135627354,670.605565788801
8596,1624.91076665207,0,0,-591,88.08634955370042,749.0253717331641,692.906925567928,685.892119797275
8597,1223.81392477932,0,0,-594,-87.69272049022601,432.45000000001295,772.837253613882,700.219391655651
8598,794.4542358008999,0,0,-597,-122.213107577816,4.2260809392784794e-13,800.1,713.5673433787159
8599,463.62930913918,0,0,-600,-2.67525112372253,-432.450000000002,772.837253613883,725.917306649021
8600,370.409758190956,0,0,-603,292.276195429981,-749.025371733163,692.906925567928,737.25200892621
8601,-303.942183045962,0,0,-606,-146.353916277548,-864.9,565.756135627358,747.555597604227
8602,38.144109230206205,0,0,-609,239.305818780744,-749.0253717331619,400.050000000001,756.813662182623
8603,151.989302665885,0,0,-612,224.34493025841599,-432.45,207.08111798652698,765.013254420942
8604,-79.8785201709495,0,0,-615,-237.02142661894797,-9.74675397796976e-12,4.50825405120454e-12,772.1429064480039
8605,295.965414023805,0,0,-618,-89.59611479042971,432.44999999999396,-207.08111798652402,778.192646800764
8606,503.73060727321604,0,0,-621,-7.39877883024588,749.025371733159,-400.049999999998,783.154014370302
8607,357.979788406752,0,0,-624,-104.18414620134399,864.9,-565.756135627352,787.020070235448
8608,201.631896467959,0,0,-627,-17.2719570647672,749.025371733161,-692.90692556793,789.7854073674949
8609,-271.328680471758,0,0,-630,-92.38758505028281,432.44999999999703,-772.837253613884,791.446158192412
8610,-892.115824390242,0,0,-633,-251.01582439023701,-5.51103662434475e-12,-800.1,792.0
8611,-1123.10429215246,0,0,-636,-73.26319673099229,-432.449999999996,-772.837253613884,791.446158192412
8612,-1249.66878939668,0,0,-639,41.4781005369106,-749.0253717331599,-692.90692556793,789.7854073674949
8613,-1255.6915017182598,0,0,-642,29.944563673646,-864.9,-565.756135627356,787.020070235448
8614,-951.265212352688,0,0,-645,59.65614501017961,-749.025371733165,-400.050000000004,783.154014370302
8615,-762.134921840535,0,0,-648,-252.796450654764,-432.450000000006,-207.08111798653,778.192646800764
8616,322.542072385577,0,0,-651,201.399165937578,-3.81310925969717e-12,-1.76371182719604e-12,772.1429064480039
8617,846.647168865013,0,0,-654,96.10279645756191,432.449999999988,207.081117986521,765.013254420942
8618,1167.6647433611301,0,0,-657,-81.2242905546457,749.0253717331551,400.04999999999603,756.8136621826241
8619,1586.4920718059802,0,0,-660,68.280338574397,864.9,565.756135627358,747.555597604227
8620,1639.6440203222303,0,0,-663,123.459714094928,749.025371733158,692.906925567931,737.25200892621
8621,1268.03927589039,0,0,-666,2.83471562748369,432.450000000003,772.837253613883,725.917306649021
8622,880.763208337068,0,0,-669,36.095864958351,8.46286900560866e-13,800.1,713.5673433787159
8623,384.159642119586,0,0,-672,15.552996850053301,-432.450000000001,772.837253613883,700.219391655651
8624,-93.1212040635327,0,0,-675,-47.89487769558271,-749.025371733157,692.906925567931,685.892119797276
8625,-328.838337744589,0,0,-678,-22.300039160749197,-864.9,565.756135627359,670.605565788802
8626,-109.569223099853,0,0,-681,266.025039375041,-749.025371733163,400.050000000001,654.381109258268
8627,-331.003991698844,0,0,-684,-58.8765512605667,-432.45000000001096,207.081117986533,637.2414415752011
8628,-261.820927710979,0,0,-687,-194.031461825653,-1.0170432784602802e-11,4.704222032004099e-12,619.21053411468
8629,247.76115169681,0,0,-690,112.078664952141,432.449999999993,-207.08111798652303,600.313604731199
8630,2205.2169805879103,1,0,-693,66.76176299515099,749.025371733165,-400.05000000000297,580.577082489222
8631,168.049228721317,0,0,-696,4.87679364892753,864.9,-565.756135627356,560.028570699745
8632,-35.0021001218695,0,0,-699,69.1826453983309,749.025371733161,-692.906925567929,538.696808314568
8633,-622.396117670448,0,0,-702,-96.62049378883341,432.449999999998,-772.837253613884,516.611629732272
8634,-702.5201877045911,0,0,-705,308.775889223285,7.203610425466481e-12,-800.1,493.803923072117
8635,-1734.2722883653198,0,0,-708,-291.290621725654,-432.449999999996,-772.837253613884,470.305586974214
8636,-1772.8504665587698,0,0,-711,-66.0676552440721,-749.0253717331599,-692.90692556793,446.149485986389
8637,-1689.0428933532999,0,0,-714,34.243837673916694,-864.9,-565.756135627361,421.369404600147
8638,-1556.05047969041,0,0,-717,-85.97510795723801,-749.025371733166,-400.050000000004,396.00000000000097
8639,-949.017277272575,0,0,-720,40.437087121695704,-432.450000000006,-207.08111798653,370.076753592265
8640,-393.52961939371005,0,0,-723,-14.1655407747926,-1.6527756309508403e-11,-7.64473223681216e-12,343.635921381106
8641,245.821303906162,0,0,-726,15.575702658401699,432.449999999999,207.08111798652598,316.714483261235
8642,849.9090893199369,0,0,-729,140.483626288591,749.025371733161,400.05,289.350091298184
8643,912.070068068109,0,0,-732,-48.16708462774079,864.9,565.756135627358,261.58101706849203
8644,755.8613733320019,0,0,-735,-184.51702210252603,749.0253717331641,692.906925567928,233.446098133436
8645,849.6017395507919,0,0,-738,177.32980221571,432.450000000003,772.837253613883,204.984683721197
8646,126.39354635321101,0,0,-741,-108.943033340204,1.3560933950372098e-11,800.1,176.23657969340098
8647,-322.09577114718996,0,0,-744,-65.72501763410129,-432.450000000001,772.837253613883,147.241992873029
8648,-478.489482125859,0,0,-747,206.587489227836,-749.025371733157,692.906925567931,118.04147481153099
8649,-1060.91277997357,0,0,-750,-100.444780674755,-864.9,565.7561356273629,88.6758650738208
8650,-1071.9896851069198,0,0,-753,-29.2005474942101,-749.025371733163,400.050000000001,59.1862341204492
8651,-846.0889701762441,0,0,-756,105.666085970374,-432.44999999999,207.08111798652197,29.61382586685
8652,-1014.62243658763,0,0,-759,-255.62243658763302,1.6968566519424097e-12,-7.848624160129069e-13,2.90976079477411e-13
8653,-575.188852907051,0,0,-762,-8.943909053671321,432.449999999993,-207.08111798652303,-29.6138258668494
8654,-408.137620144774,0,0,-765,67.07324224251161,749.0253717331641,-400.05000000000297,-59.186234120447295
8655,-761.2735040125681,0,0,-768,-203.741503311392,864.9,-565.756135627356,-88.6758650738202
8656,-630.452064725604,0,0,-771,202.470963920686,749.0253717331669,-692.906925567926,-118.04147481153
8657,-1400.03757420534,0,0,-774,-138.408327718431,432.449999999998,-772.837253613884,-147.24199287302798
8658,-1505.63073180383,0,0,-777,247.70584788956,7.627289232099501e-12,-800.1,-176.23657969340098
8659,-2255.1148808485395,0,0,-780,-64.8429435134784,-432.449999999985,-772.837253613886,-204.98468372119598
8660,-2464.1868856543697,0,0,-783,-5.808490219847701,-749.0253717331599,-692.90692556793,-233.446098133435
8661,-2573.99759754615,0,0,-786,-95.76044485029949,-864.9,-565.756135627361,-261.581017068491
8662,-2391.12632716603,0,0,-789,-163.700864134683,-749.0253717331599,-400.049999999999,-289.350091298185
8663,-1610.7330367747102,0,0,-792,137.512564473057,-432.450000000006,-207.08111798653,-316.714483261235
8664,-1006.5004630530699,0,0,-795,132.135458328023,7.63050137021501e-12,3.5294046400214102e-12,-343.635921381106
8665,-539.968010002464,0,0,-798,-11.422374396723098,432.449999999998,207.08111798652598,-370.076753592265
8666,-140.804545252319,0,0,-801,-92.8799169854697,749.0253717331551,400.04999999999495,-395.99999999999903
8667,337.82545807432,0,0,-804,132.538727047108,864.9,565.756135627358,-421.369404600146
8668,330.350125473518,0,0,-807,141.567314158815,749.0253717331641,692.906925567928,-446.149485986389
8669,-43.4929405186454,0,0,-810,31.525392841671902,432.45000000001403,772.837253613882,-470.30558697421304
8670,-448.93459223398696,0,0,-813,57.7693308381275,1.6936445138269e-12,800.1,-493.803923072117
8671,-847.1549920331701,0,0,-816,145.069384085206,-432.44999999999,772.8372536138851,-516.611629732272
8672,-1608.4693286510699,0,0,-819,-194.654074171267,-749.025371733163,692.906925567929,-538.696808314569
8673,-1892.75220817936,0,0,-822,-211.579773106977,-864.9,565.756135627359,-560.0285706997461
8674,-2010.37907490549,0,0,-825,-255.82662068311,-749.025371733157,400.049999999997,-580.577082489223
8675,-1619.33757343999,0,0,-828,34.344913304677895,-432.450000000001,207.08111798652698,-600.313604731199
8676,-1397.7116661600598,0,0,-831,52.49886795462271,-1.10177903978688e-11,5.0961579936032096e-12,-619.210534114679
8677,-1236.90782436887,0,0,-834,8.96473519286076,432.450000000003,-207.081117986529,-637.2414415752011
8678,-974.888472324321,0,0,-837,167.517265200786,749.025371733158,-400.049999999998,-654.381109258267
8679,-1443.15538347607,0,0,-840,-231.693682059915,864.9,-565.756135627352,-670.605565788801
8680,-1565.75121207336,0,0,-843,-92.9775384413174,749.025371733161,-692.906925567929,-685.892119797275
8681,-2034.23563517988,0,0,-846,-147.628989910361,432.450000000009,-772.837253613882,-700.219391655651
8682,-2286.23874178582,0,0,-849,76.4286015928709,2.0341936281910698e-11,-800.1,-713.5673433787159
8683,-2739.0405347080605,0,0,-852,44.1640255548382,-432.449999999995,-772.837253613884,-725.917306649021
8684,-3085.17048496574,0,0,-855,-50.986178738434404,-749.025371733166,-692.9069255679269,-737.25200892621
8685,-3288.21320086435,0,0,-858,-252.001467632762,-864.9,-565.756135627357,-747.555597604227
8686,-2689.0741350220396,0,0,-861,77.8148988937539,-749.025371733166,-400.050000000004,-756.813662182623
8687,-2426.20247458279,0,0,-864,-157.658102175326,-432.449999999996,-207.08111798652502,-765.013254420942
8688,-1704.70340344841,0,0,-867,-65.5604970004005,-5.08414567959622e-12,-2.35161576959471e-12,-772.1429064480039
8689,-1181.73454801894,0,0,-870,-173.07301920468004,432.449999999987,207.08111798652,-778.192646800764
8690,-504.728077561745,0,0,-873,2.35056507539552,749.025371733161,400.05,-783.154014370302
8691,-395.872737514707,0,0,-876,-163.508802906613,864.9,565.756135627354,-787.020070235448
8692,-153.187067336626,0,0,-879,73.6660427297728,749.0253717331709,692.906925567925,-789.7854073674949
8693,-557.006836994401,0,0,-882,-88.84793241587678,432.45000000000397,772.837253613883,-791.446158192412
8694,-913.125105052915,0,0,-885,-36.2251050529053,-1.0173644922718302e-11,800.1,-792.0
8695,-1238.4062812975599,0,0,-888,100.652623280967,-432.45,772.837253613883,-791.446158192412
8696,-1847.7146449903798,0,0,-891,-110.810791457663,-749.025371733156,692.9069255679319,-789.7854073674949
8697,-1779.0369870359698,0,0,-894,201.126947572125,-864.9,565.756135627355,-787.020070235448
8698,-1785.1426287075,0,0,-897,243.98675739596501,-749.025371733163,400.050000000002,-783.154014370302
8699,-1715.99653342107,0,0,-900,187.56499539317198,-432.450000000012,207.081117986533,-778.192646800764
8700,-1485.38901052755,0,0,-903,189.753895920449,8.494990386763779e-13,-3.9292645441378793e-13,-772.1429064480039
8701,-1514.51244567715,0,0,-906,-68.86807326967629,432.449999999992,-207.08111798652303,-765.013254420942
8702,-1403.89715381829,0,0,-909,-87.05886336882222,749.025371733152,-400.04999999999296,-756.8136621826241
8703,-1067.6963958410902,0,0,-912,292.715337390493,864.9,-565.756135627355,-747.5555976042281
8704,-1583.23441523517,0,0,-915,12.899147525798499,749.0253717331681,-692.906925567926,-737.25200892621
8705,-1924.5580792447897,0,0,-918,59.7464810181143,432.449999999999,-772.837253613884,-725.917306649021
8706,-2452.8315337550503,0,0,-921,-18.1641903763439,8.47464684536554e-12,-800.1,-713.5673433787159
8707,-3051.8611900807896,0,0,-924,-222.35454481124802,-432.450000000006,-772.837253613883,-700.219391655651
8708,-3134.8812228707106,0,0,-927,-80.0568057723438,-749.025371733159,-692.90692556793,-685.892119797276
8709,-2954.6213699469704,0,0,-930,76.64033146919209,-864.9,-565.756135627361,-670.605565788801
8710,-2753.35949793045,0,0,-933,-16.9030169390211,-749.0253717331599,-400.049999999999,-654.381109258268
8711,-2208.9194333939004,0,0,-936,3.8531261678387403,-432.45000000000704,-207.08111798653,-637.2414415752011
8712,-1458.8344049265802,0,0,-939,99.37612918812391,-1.77987927294075e-11,-8.23263617921083e-12,-619.21053411468
8713,-838.937195817347,0,0,-942,63.8452909273295,432.44999999999703,207.08111798652598,-600.313604731199
8714,-188.683148604518,0,0,-945,187.81856215155602,749.0253717331551,400.04999999999495,-580.577082489223
8715,-230.873024523024,0,0,-948,-153.500589450636,864.9,565.756135627357,-560.028570699745
8716,105.51683231265801,0,0,-951,153.281343326134,749.025371733165,692.906925567928,-538.696808314568
8717,-160.805187979444,0,0,-954,104.51918813895,432.44999999999396,772.837253613884,-516.611629732272
8718,-774.4423806894021,0,0,-957,-123.73845761728701,2.54100212709294e-12,800.1,-493.803923072117
8719,-1244.8483375392,0,0,-960,-154.930004178881,-432.449999999989,772.8372536138851,-470.305586974214
8720,-1625.11711080805,0,0,-963,-159.84917865642998,-749.0253717331619,692.906925567929,-446.149485986389
8721,-1652.58921609839,0,0,-966,33.9240528743997,-864.9,565.756135627359,-421.369404600147
8722,-3390.0325773344102,1,0,-969,225.845557769133,-749.025371733169,400.050000000007,-396.0
8723,-1560.0618795128303,0,0,-972,7.3837560929091905,-432.450000000002,207.08111798652803,-370.076753592265
8724,-1284.0729594120698,0,0,-975,34.5629619690433,-1.1865148011134902e-11,5.4880939552023305e-12,-343.635921381106
8725,-1006.47693385254,0,0,-978,62.86866739523521,432.449999999981,-207.081117986517,-316.714483261235
8726,-1057.5340322423199,0,0,-981,-136.159312677295,749.025371733158,-400.049999999997,-289.350091298186
8727,-953.656378063586,0,0,-984,-7.219225367734211,864.9,-565.756135627359,-261.58101706849203
8728,-1076.1251416605699,0,0,-987,88.2025103076168,749.025371733174,-692.9069255679229,-233.446098133437
8729,-1349.78146236447,0,0,-990,185.590474970596,432.45000000001,-772.837253613882,-204.984683721197
8730,-1962.7660105978302,0,0,-993,6.57056909555676,2.11892938951768e-11,-800.1,-176.236579693403
8731,-2286.7202468934197,0,0,-996,61.808999593489,-432.44999999999396,-772.837253613884,-147.241992873029
8732,-2582.8909721875,0,0,-999,-23.917200074874803,-749.025371733165,-692.9069255679269,-118.04147481153
8733,-2637.41669945772,0,0,-1002,-116.084698756542,-864.9,-565.756135627357,-88.67586507382092
8734,-2461.28718378865,0,0,-1005,-248.025577935057,-749.025371733154,-400.04999999999495,-59.1862341204479
8735,-1781.74255578438,0,0,-1008,-104.597611930971,-432.450000000018,-207.081117986536,-29.61382586685
8736,-856.1404813481939,0,0,-1011,154.859518651815,-5.9315032928622595e-12,-2.74355173119383e-12,-3.87968105969882e-13
8737,-249.546915911578,0,0,-1014,95.3081402350668,432.44999999998595,207.08111798652,29.6138258668493
8738,292.292054676311,0,0,-1017,101.03044882270201,749.025371733161,400.05,59.186234120448596
8739,542.120642136196,0,0,-1020,42.7886414350242,864.9,565.7561356273529,88.6758650738187
8740,467.161009167013,0,0,-1023,-69.81276294560669,749.025371733159,692.90692556793,118.04147481153
8741,366.383587678009,0,0,-1026,39.8543411910762,432.450000000026,772.83725361388,147.241992873027
8742,128.596865038013,0,0,-1029,181.260285344597,1.52556491769042e-11,800.1,176.23657969340098
8743,-470.16845154098394,0,0,-1032,16.4596111239347,-432.45,772.837253613884,204.984683721197
8744,-743.228821403266,0,0,-1035,114.443526628523,-749.025371733156,692.9069255679319,233.446098133435
8745,-1113.90136780896,0,0,-1038,-38.3385205048115,-864.9,565.756135627355,261.581017068493
8746,-1121.97173923612,0,0,-1041,-21.346458801142898,-749.0253717331641,400.050000000002,289.350091298184
8747,-954.083800620397,0,0,-1044,-1.4294018681622198,-432.449999999992,207.08111798652197,316.714483261235
8748,-757.2668826830279,0,0,-1047,-53.9028040641205,-2.4579795060946104e-11,1.1369114364818499e-11,343.635921381106
8749,-197.717115795573,0,0,-1050,256.837248598693,432.449999999992,-207.08111798652197,370.076753592265
8750,-500.706931988898,0,0,-1053,-192.68230372205602,749.0253717331509,-400.049999999992,395.99999999999903
8751,-340.945607589061,0,0,-1056,-5.45887656185284,864.9,-565.756135627355,421.369404600147
8752,-580.796523241827,0,0,-1059,-24.064455393457102,749.0253717331681,-692.906925567926,446.149485986388
8753,-1063.22995103279,0,0,-1062,-131.14828439312402,432.45,-772.837253613884,470.30558697421304
8754,-1310.29256508045,0,0,-1065,61.0035118474477,-1.52599320277249e-11,-800.1,493.803923072118
8755,-1742.1253837959198,0,0,-1068,14.5502400856829,-432.449999999983,-772.837253613886,516.611629732271
8756,-1923.67565334045,0,0,-1071,50.5598356460748,-749.025371733159,-692.90692556793,538.696808314569
8757,-2013.88471558215,0,0,-1074,-69.2571506545316,-864.9,-565.756135627361,560.028570699745
8758,-1811.58059318689,0,0,-1077,-166.082303942954,-749.025371733161,-400.05,580.577082489222
8759,-1025.10856746039,0,0,-1080,94.108945794948,-432.450000000008,-207.08111798653098,600.313604731198
8760,-461.76375671511704,0,0,-1083,2.02570917019507,5.935786143682941e-12,2.74553271682317e-12,619.210534114679
8761,341.087194494545,0,0,-1086,150.314634932855,432.449999999975,207.08111798651402,637.2414415752011
8762,600.0662532396971,0,0,-1089,-114.39022775171999,749.025371733154,400.04999999999495,654.381109258267
8763,958.9978639758,0,0,-1092,-50.2638374403586,864.9,565.756135627357,670.605565788801
8764,1048.10589299064,0,0,-1095,15.281475892273901,749.025371733165,692.9069255679269,685.892119797275
8765,994.1276476783149,0,0,-1098,186.621002408786,432.44999999999396,772.837253613884,700.219391655651
8766,535.591798656626,0,0,-1101,122.92445527790701,3.3883597403589803e-12,800.1,713.5673433787159
8767,-97.1488541392247,0,0,-1104,-59.4534144021183,-432.45000000001,772.837253613882,725.917306649021
8768,-566.493041254605,0,0,-1107,-140.626604015599,-749.02537173315,692.906925567935,737.252008926209
8769,-683.117350358308,0,0,-1110,-21.5290835898946,-864.9,565.756135627359,747.555597604227
8770,-679.779213247025,0,0,-1113,25.3824963035144,-749.02537173317,400.050000000007,756.813662182623
8771,-745.255104011965,0,0,-1116,-168.899476419433,-432.450000000002,207.08111798652803,765.013254420942
8772,-285.886352950118,0,0,-1119,60.9707406018846,-1.27125056244009e-11,5.88002991680145e-12,772.1429064480039
8773,-247.53772280347698,0,0,-1122,-129.099251617715,432.450000000002,-207.08111798652803,778.192646800764
8774,105.78741445052799,0,0,-1125,98.65802834706311,749.025371733169,-400.050000000007,783.154014370302
8775,-76.7647819728739,0,0,-1128,-34.9287165809709,864.9,-565.756135627351,787.020070235448
8776,-288.841325750015,0,0,-1131,-3.7451792827436203,749.0253717331619,-692.906925567929,789.7854073674949
8777,-693.8414712801109,0,0,-1134,-10.900375858651,432.45000000001096,-772.837253613882,791.446158192412
8778,-1249.56092398853,0,0,-1137,-104.460923988524,-2.5452849779136204e-12,-800.1,792.0
8779,-1557.76576450624,0,0,-1140,-3.92466908477149,-432.44999999999396,-772.837253613884,791.446158192412
8780,-1810.19582285853,0,0,-1143,-15.048932924933801,-749.025371733165,-692.906925567928,789.7854073674949
8781,-1823.8921006615499,0,0,-1146,-34.2560352696346,-864.9,-565.756135627365,787.020070235448
8782,-1626.2651535643802,0,0,-1149,-111.343796201515,-749.0253717331669,-400.050000000005,783.154014370302
8783,-1156.01066759123,0,0,-1152,-142.67219640544099,-432.450000000019,-207.081117986537,778.192646800765
8784,-341.009559695951,0,0,-1155,41.847533856054795,-6.77886090612829e-12,-3.13548769279295e-12,772.1429064480039
8785,1.6958809912768502,0,0,-1158,-244.848491416203,432.45000000000704,207.08111798653,765.013254420942
8786,687.980168998537,0,0,-1161,-56.9088649172468,749.0253717331599,400.049999999999,756.8136621826241
8787,920.805473771595,0,0,-1164,-93.40625945999291,864.9,565.756135627361,747.555597604227
8788,1097.6443787237,0,0,-1167,85.4600724963897,749.025371733172,692.9069255679241,737.25200892621
8789,361.903880213311,0,0,-1170,-399.300680049599,432.450000000006,772.837253613883,725.917306649021
8790,281.630522897329,0,0,-1173,-59.0368204814035,1.6103006790170198e-11,800.1,713.5673433787159
8791,-75.2995388650768,0,0,-1176,60.09381586538711,-432.449999999999,772.837253613884,700.219391655651
8792,-593.638165059013,0,0,-1179,-44.411838691065796,-749.0253717331551,692.9069255679319,685.892119797276
8793,-867.8328402234171,0,0,-1182,-57.2945416395734,-864.9,565.756135627355,670.605565788801
8794,-664.69804311781,0,0,-1185,214.896219357085,-749.0253717331759,400.050000000012,654.381109258269
8795,-740.334959257328,0,0,-1188,35.792481180950496,-432.45000000001403,207.081117986534,637.241441575202
8796,-508.77781487526903,0,0,-1191,63.0116510100523,-8.452161878556959e-13,3.9094546878445005e-13,619.210534114679
8797,-385.92993169857203,0,0,-1194,-17.612418443239502,432.449999999991,-207.08111798652197,600.313604731199
8798,-338.185537887402,0,0,-1197,-70.73799210978521,749.025371733163,-400.050000000002,580.577082489222
8799,-546.116060936703,0,0,-1200,-205.28849600909402,864.9,-565.756135627355,560.028570699747
8800,-579.157413876648,0,0,-1203,29.027331643559,749.025371733156,-692.9069255679319,538.696808314568
8801,-993.4653266307561,0,0,-1206,36.3102972508298,432.450000000022,-772.8372536138811,516.6116297322731
8802,-1601.40733877371,0,0,-1209,-86.1112618458333,1.01693620718976e-11,-800.1,493.803923072117
8803,-1879.71392153362,0,0,-1212,67.2677451060348,-432.449999999983,-772.837253613886,470.305586974214
8804,-2184.86220862392,0,0,-1215,25.920602690781898,-749.025371733158,-692.906925567931,446.149485986389
8805,-2324.64357566721,0,0,-1218,-97.35684463999331,-864.9,-565.756135627362,421.369404600148
8806,-2093.9069413360003,0,0,-1221,-119.831569602838,-749.025371733161,-400.05,396.0
8807,-1667.7403979293201,0,0,-1224,-174.28603353508203,-432.449999999987,-207.08111798652,370.076753592265
8808,-763.444901832685,0,0,-1227,119.91917678623699,-1.94935079559395e-11,-9.01650810240907e-12,343.635921381106
8809,-381.06671457641505,0,0,-1230,-107.31231582417,432.449999999996,207.08111798652502,316.714483261234
8810,103.28546505776899,0,0,-1233,-102.139997973564,749.025371733154,400.049999999994,289.350091298186
8811,400.30109148003095,0,0,-1236,-55.93606121581821,864.9,565.756135627357,261.58101706849203
8812,515.516207447594,0,0,-1239,79.1378120130636,749.025371733166,692.9069255679269,233.446098133437
8813,85.49167767380791,0,0,-1242,-82.78025966126809,432.449999999995,772.837253613884,204.984683721197
8814,-310.089286876842,0,0,-1245,-41.4258665702741,2.88176538399814e-11,800.1,176.236579693403
8815,-734.267070529404,0,0,-1248,26.1036829836697,-432.449999999988,772.8372536138851,147.241992873029
8816,-1153.06664968405,0,0,-1251,36.010321669654395,-749.025371733161,692.906925567929,118.04147481153
8817,-1439.23149181975,0,0,-1254,25.2365074790675,-864.9,565.7561356273599,88.67586507382099
8818,-1527.5438820846,0,0,-1257,19.2452555281168,-749.025371733158,400.049999999998,59.186234120448
8819,-1291.91010826219,0,0,-1260,163.844947884431,-432.450000000003,207.081117986529,29.6138258668501
8820,-1297.97526352483,0,0,-1263,-34.9752635248353,1.10220732486895e-11,-5.09813897923255e-12,4.849601324623521e-13
8821,-1260.18695149898,0,0,-1266,-189.94200764559503,432.44999999998004,-207.081117986516,-29.613825866849197
8822,-707.80080113801,0,0,-1269,271.410061249278,749.025371733157,-400.049999999997,-59.1862341204485
8823,-1147.80737745225,0,0,-1272,-86.2753767510775,864.9,-565.756135627351,-88.67586507381858
8824,-1176.9746145208999,0,0,-1275,159.94841412539802,749.025371733163,-692.906925567929,-118.04147481153
8825,-1599.99290505767,0,0,-1278,165.63634142923098,432.45000000001096,-772.837253613882,-147.241992873027
8826,-2130.64874659112,0,0,-1281,126.687833102281,-1.69792736464758e-12,-800.1,-176.23657969340098
8827,-2598.79092000409,0,0,-1284,95.48101733100641,-432.45000000001403,-772.837253613882,-204.984683721197
8828,-2968.7238910493397,0,0,-1287,-6.34549561481673,-749.025371733152,-692.906925567934,-233.446098133437
8829,-3017.89621176896,0,0,-1290,-35.6590590731046,-864.9,-565.756135627358,-261.581017068493
8830,-2858.4177057517,0,0,-1293,-126.992242720342,-749.0253717331669,-400.050000000005,-289.350091298185
8831,-2321.77067887491,0,0,-1296,-69.525077627152,-432.449999999998,-207.08111798652598,-316.714483261235
8832,-1742.1906870437301,0,0,-1299,-99.55476566260928,-7.62621851939433e-12,-3.5274236543920698e-12,-343.635921381106
8833,-856.6044569265711,0,0,-1302,175.941178679157,432.450000000006,207.08111798653,-370.076753592264
8834,-368.60365760256,0,0,-1305,183.32097066430302,749.0253717331469,400.04999999998904,-395.99999999999903
8835,-92.9868482965687,0,0,-1308,205.726420676224,864.9,565.7561356273529,-421.369404600146
8836,-324.593025810703,0,0,-1311,-9.37583712541229,749.025371733172,692.9069255679241,-446.14948598638705
8837,-708.55813741916,0,0,-1314,-129.539804058837,432.450000000006,772.837253613883,-470.305586974212
8838,-1025.30141354532,0,0,-1317,-14.597490473197698,-7.63157208292018e-12,800.1,-493.803923072118
8839,-1513.8033649428198,0,0,-1320,-17.5789888244285,-432.449999999998,772.837253613884,-516.611629732272
8840,-1980.8162412216102,0,0,-1323,-63.000986741796595,-749.0253717331669,692.906925567926,-538.696808314568
8841,-1902.6608753085602,0,0,-1326,282.511559763825,-864.9,565.756135627364,-560.0285706997461
8842,-2184.43115079011,0,0,-1329,74.1213034322714,-749.0253717331641,400.05000000000297,-580.577082489222
8843,-2310.09748804825,0,0,-1332,-152.415001303573,-432.45000000001403,207.081117986534,-600.313604731199
8844,-1932.8742045869199,0,0,-1335,21.3363295277593,-1.6925738011217301e-12,7.828814303835691e-13,-619.210534114679
8845,-1698.95034333892,0,0,-1338,50.922216222815294,432.44999999999,-207.08111798652197,-637.2414415752011
8846,-1573.17100376558,0,0,-1341,73.23473375952271,749.025371733163,-400.050000000001,-654.381109258267
8847,-1895.79912021131,0,0,-1344,-180.337418795159,864.9,-565.756135627347,-670.6055657887999
8848,-2098.37063544962,0,0,-1347,-121.596961817586,749.025371733169,-692.906925567926,-685.892119797275
8849,-2355.3555342774303,0,0,-1350,35.2511109921008,432.450000000001,-772.837253613883,-700.219391655652
8850,-3080.06821291089,0,0,-1353,-213.40086953218798,1.1016719685163599e-11,-800.1,-713.567343378715
8851,-3416.08378022091,0,0,-1356,-128.879219958,-432.450000000003,-772.837253613883,-725.917306649021
8852,-3629.9961871709206,0,0,-1359,-91.811880943618,-749.025371733158,-692.906925567931,-737.25200892621
8853,-3504.59521091509,0,0,-1362,35.616522316489004,-864.9,-565.756135627354,-747.555597604227
8854,-3336.57197143257,0,0,-1365,-65.68293751676771,-749.025371733174,-400.05000000001,-756.813662182623
8855,-2603.20326661282,0,0,-1368,169.34110579466298,-432.450000000009,-207.08111798653198,-765.013254420942
8856,-2083.60822088939,0,0,-1371,59.5346855586427,-2.0340865569205604e-11,-9.40844406400819e-12,-772.1429064480039
8857,-1219.67983917972,0,0,-1374,292.981689634527,432.449999999995,207.08111798652402,-778.192646800764
8858,-889.322057946712,0,0,-1377,121.756584690443,749.0253717331531,400.049999999994,-783.154014370302
8859,-802.004688603358,0,0,-1380,-65.64075399526611,864.9,565.756135627357,-787.020070235448
8860,-755.516013422108,0,0,-1383,-24.6629033556998,749.025371733154,692.9069255679331,-789.7854073674949
8861,-966.796535293806,0,0,-1386,5.362369284706951,432.45000000001704,772.8372536138811,-791.446158192412
8862,-1467.1777913936999,0,0,-1389,-86.2777913937061,5.08307496689105e-12,800.1,-792.0
8863,-1839.61374928901,0,0,-1392,3.4451552894999398,-432.449999999987,772.8372536138851,-791.446158192412
8864,-2277.25421943685,0,0,-1395,-36.3503659041275,-749.025371733161,692.906925567929,-789.7854073674949
8865,-2670.56973914084,0,0,-1398,-186.405804532756,-864.9,565.7561356273599,-787.020070235448
8866,-2641.02948093756,0,0,-1401,-107.900094834096,-749.025371733158,400.049999999998,-783.154014370302
8867,-2494.66086710734,0,0,-1404,-87.0993382930863,-432.450000000025,207.08111798654,-778.192646800764
8868,-2125.4359727849,0,0,-1407,53.7069336631153,-1.4407220850933e-11,6.66390183999969e-12,-772.1429064480039
8869,-1978.15094213554,0,0,-1410,-28.5065697280623,432.449999999979,-207.081117986516,-765.013254420942
8870,-1763.8660428268104,0,0,-1413,56.9722476226509,749.025371733156,-400.04999999999603,-756.8136621826241
8871,-1799.57628971882,0,0,-1416,64.83544351276261,864.9,-565.756135627359,-747.555597604227
8872,-2091.49163217224,0,0,-1419,8.64193058873573,749.025371733163,-692.906925567928,-737.25200892621
8873,-2544.41546500805,0,0,-1422,-56.110904745135095,432.449999999991,-772.8372536138851,-725.917306649021
8874,-2665.79829100626,0,0,-1425,272.869052372436,2.3731366734974898e-11,-800.1,-713.567343378717
8875,-3264.9416373597996,0,0,-1428,68.5650079097248,-432.449999999992,-772.8372536138851,-700.219391655651
8876,-3425.5636057742604,0,0,-1431,133.260811324101,-749.025371733152,-692.906925567934,-685.892119797277
8877,-3663.7733177539203,0,0,-1434,-128.511616337762,-864.9,-565.756135627358,-670.605565788801
8878,-3171.38335843581,0,0,-1437,69.0731225556268,-749.0253717331681,-400.050000000005,-654.381109258268
8879,-2696.09016910547,0,0,-1440,20.6823904562526,-432.449999999999,-207.08111798652598,-637.241441575202
8880,-2096.4011906508103,0,0,-1443,-34.1906565360839,-3.3055512619016806e-11,-1.52894644736243e-11,-619.21053411468
8881,-1310.60690739874,0,0,-1446,96.175579345958,432.44999999998396,207.08111798651902,-600.313604731199
8882,-885.501704917358,0,0,-1449,-4.9999941612925,749.025371733159,400.049999999999,-580.577082489223
8883,-529.304536784632,0,0,-1452,52.0678982877624,864.9,565.756135627352,-560.028570699747
8884,-537.197622550477,0,0,-1455,14.5668884630004,749.0253717331599,692.90692556793,-538.6968083145671
8885,-889.7704057136839,0,0,-1458,-120.4460295953,432.45000000000704,772.837253613883,-516.6116297322731
8886,-1138.33715042289,0,0,-1461,16.366772649229,-6.784214469654151e-12,800.1,-493.803923072116
8887,-1525.45655213144,0,0,-1464,68.4617812288663,-432.44999999997594,772.837253613887,-470.30558697421503
8888,-2052.61288267231,0,0,-1467,-83.3449505207028,-749.0253717331551,692.9069255679319,-446.149485986388
8889,-2190.37706102345,0,0,-1470,0.136207949338814,-864.9,565.756135627364,-421.369404600149
8890,-2422.78024016899,0,0,-1473,-204.804868435825,-749.025371733165,400.05000000000297,-396.0
8891,-1878.1020721943698,0,0,-1476,193.343563411367,-432.44999999999396,207.08111798652402,-370.076753592265
8892,-2052.27154405088,0,0,-1479,-229.635622669763,-2.7121867900744196e-11,1.2544922249615801e-11,-343.63592138110704
8893,-1576.82199047534,0,0,-1482,-3.47638922757023,432.449999999989,-207.081117986521,-316.714483261236
8894,-1290.70339061077,0,0,-1485,134.671328954251,749.0253717331619,-400.050000000001,-289.350091298186
8895,-1549.1919813847799,0,0,-1488,-98.7548286889246,864.9,-565.756135627362,-261.581017068494
8896,-1702.4566620489902,0,0,-1491,-34.1290100807973,749.025371733169,-692.906925567925,-233.446098133438
8897,-2183.3121996769,0,0,-1494,-143.940262341822,432.450000000002,-772.837253613883,-204.98468372119498
8898,-2376.74747241535,0,0,-1497,96.5891072780213,3.6446013784786107e-11,-800.1,-176.236579693403
8899,-2902.37991670529,0,0,-1500,-49.850670218398506,-432.449999999981,-772.837253613886,-147.24199287302798
8900,-2953.87869650201,0,0,-1503,109.09507561061501,-749.025371733158,-692.906925567931,-118.04147481153299
8901,-2867.27826107737,0,0,-1506,158.053739623806,-864.9,-565.756135627354,-88.6758650738197
8902,-2794.0559026791802,0,0,-1509,-76.79429682558958,-749.02537173315,-400.049999999991,-59.186234120448106
8903,-2238.2108645491103,0,0,-1512,-57.0659206957151,-432.45000000001,-207.08111798653198,-29.6138258668502
8904,-1355.26614487953,0,0,-1515,159.73385512046102,3.3937133038848303e-12,1.56972483202581e-12,-5.81952158954822e-13
8905,-936.7936636093981,0,0,-1518,-87.93860746273269,432.449999999973,207.081117986513,29.6138258668491
8906,-405.60369812101897,0,0,-1521,-92.8653039746127,749.0253717331531,400.049999999994,59.186234120447
8907,96.74952419943091,0,0,-1524,101.417523498256,864.9,565.756135627356,88.6758650738185
8908,123.738448814968,0,0,-1527,90.76467670235321,749.025371733154,692.9069255679319,118.04147481152901
8909,-137.93516585087,0,0,-1530,39.5355876622039,432.450000000018,772.8372536138811,147.241992873027
8910,-694.703628368355,0,0,-1533,-138.040208061763,5.93043258015709e-12,800.1,176.23657969340198
8911,-1237.70552201176,0,0,-1536,-247.077459346876,-432.449999999965,772.8372536138879,204.984683721194
8912,-1204.6167242669098,0,0,-1539,157.055623764867,-749.0253717331481,692.906925567935,233.446098133436
8913,-1480.40689627379,0,0,-1542,99.15595103035521,-864.9,565.7561356273599,261.58101706849203
8914,-1634.4935645686498,0,0,-1545,-29.868284133671104,-749.025371733159,400.049999999998,289.350091298185
8915,-1286.27518731238,0,0,-1548,170.379211439852,-432.449999999983,207.081117986518,316.714483261235
8916,-1182.1987897476802,0,0,-1551,25.165288871227396,-1.5254578464199002e-11,7.05583780159881e-12,343.635921381106
8917,-1028.16923765196,0,0,-1554,-69.6148732576958,432.45,-207.08111798652698,370.076753592264
8918,-784.9733812690939,0,0,-1557,27.0512469977493,749.0253717331441,-400.04999999998597,395.99999999999903
8919,-903.3049111709241,0,0,-1560,-63.8181801437197,864.9,-565.75613562735,421.36940460014506
8920,-955.8271458612869,0,0,-1563,104.90492198708999,749.0253717331641,-692.906925567928,446.14948598638705
8921,-1473.3682390966599,0,0,-1566,-37.2865724569821,432.449999999992,-772.8372536138851,470.305586974212
8922,-1838.3099908937302,0,0,-1569,36.9860860341331,2.45787243482409e-11,-800.1,493.803923072115
8923,-2212.3985102335896,0,0,-1572,48.2771136480126,-432.449999999992,-772.8372536138851,516.611629732272
8924,-2399.01355312488,0,0,-1575,79.22193586164141,-749.0253717331641,-692.906925567928,538.696808314568
8925,-2330.71994750413,0,0,-1578,117.907617423494,-864.9,-565.756135627366,560.0285706997461
8926,-2133.0226643012697,0,0,-1581,16.4756249426858,-749.0253717331681,-400.05000000000604,580.577082489222
8927,-1695.3381271773198,0,0,-1584,-72.12061392199399,-432.45,-207.08111798652698,600.313604731199
8928,-838.5286406605529,0,0,-1587,129.26082522474502,1.5261002740429998e-11,7.05880928004281e-12,619.210534114679
8929,-255.833284592816,0,0,-1590,57.3941558454811,432.449999999983,207.081117986518,637.2414415752011
8930,240.167050770267,0,0,-1593,29.7105697788426,749.025371733159,400.049999999998,654.381109258267
8931,465.11310216202907,0,0,-1596,-40.1485992541153,864.9,565.756135627344,670.6055657887999
8932,614.939357190913,0,0,-1599,86.11494009254221,749.0253717331731,692.9069255679241,685.892119797275
8933,435.111033247585,0,0,-1602,131.604387978044,432.450000000008,772.837253613882,700.21939165565
8934,-178.971335100503,0,0,-1605,-87.6386784792123,-5.936856856388111e-12,800.1,713.567343378715
8935,-592.029970278512,0,0,-1608,-50.33453054139629,-432.450000000018,772.8372536138811,725.917306649021
8936,-848.9518741436099,0,0,-1611,80.91456309540129,-749.025371733154,692.9069255679319,737.25200892621
8937,-1452.42672701351,0,0,-1614,-286.838460245092,-864.9,565.756135627356,747.555597604227
8938,-1243.9514992429902,0,0,-1617,-34.7897896924504,-749.025371733177,400.050000000013,756.813662182623
8939,-1010.26715342254,0,0,-1620,70.08847416999889,-432.450000000016,207.081117986535,765.013254420942
8940,-792.2275863874311,0,0,-1623,58.6295071645665,-3.38728902765381e-12,1.56675335358181e-12,772.1429064480039
8941,-618.846998755472,0,0,-1626,3.59147243028563,432.45000000001,-207.08111798653198,778.192646800764
8942,-471.404059088298,0,0,-1629,25.4665548082417,749.02537173315,-400.049999999991,783.154014370302
8943,-516.456963511747,0,0,-1632,29.379101880159197,864.9,-565.756135627354,787.020070235448
8944,-1050.2618625733,0,0,-1635,-261.165716106019,749.025371733158,-692.906925567931,789.7854073674949
8945,-971.8639802800819,0,0,-1638,215.07711514136298,432.45000000002403,-772.83725361388,791.446158192412
8946,-1686.8445042684,0,0,-1641,-37.7445042684083,1.2711434911695699e-11,-800.1,792.0
8947,-2186.32356240881,0,0,-1644,-128.482466987337,-432.450000000002,-772.837253613883,791.446158192412
8948,-2160.5490396456,0,0,-1647,138.597850287995,-749.025371733169,-692.906925567925,789.7854073674949
8949,-2428.85913718748,0,0,-1650,-135.223071795567,-864.9,-565.756135627362,787.020070235448
8950,-2200.92977500129,0,0,-1653,-182.008417638433,-749.0253717331619,-400.050000000001,783.154014370302
8951,-1464.8457522334197,0,0,-1656,52.4927189523946,-432.450000000032,-207.081117986543,778.192646800764
8952,-925.8124058141569,0,0,-1659,-38.9553122621289,-2.20355807957376e-11,-1.01923159872064e-11,772.1429064480051
8953,-429.141392883398,0,0,-1662,-171.685765290858,432.44999999999396,207.08111798652402,765.013254420942
8954,125.128812429056,0,0,-1665,-115.76022148673599,749.025371733165,400.05000000000297,756.8136621826241
8955,618.613462981849,0,0,-1668,108.401729750259,864.9,565.756135627364,747.555597604227
8956,578.890619846038,0,0,-1671,70.7063136187345,749.0253717331669,692.9069255679269,737.25200892621
8957,252.49540872320202,0,0,-1674,-4.70915153969967,432.44999999999703,772.837253613884,725.917306649021
8958,-4.27547197252903,0,0,-1677,159.057184648723,3.13597266797795e-11,800.1,713.567343378717
8959,-621.918428023954,0,0,-1680,17.4749267064957,-432.44999999998595,772.837253613886,700.219391655651
8960,-1170.71530638431,0,0,-1683,-117.48898001635901,-749.0253717331599,692.90692556793,685.892119797277
8961,-1392.69831228301,0,0,-1686,-78.1600136991629,-864.9,565.756135627352,670.605565788801
8962,-1558.91587758126,0,0,-1689,-175.321615106366,-749.025371733172,400.050000000009,654.381109258268
8963,-1218.28377390161,0,0,-1692,61.8436665366659,-432.450000000006,207.08111798653,637.241441575202
8964,-960.795087553226,0,0,-1695,114.994378332116,-4.06838725638215e-11,1.8817878620831102e-11,619.21053411468
8965,-771.853905767418,0,0,-1698,100.46360748792,432.44999999997805,-207.081117986515,600.313604731199
8966,-805.409470146456,0,0,-1701,-33.9619243688368,749.0253717331551,-400.04999999999603,580.577082489221
8967,-928.459046606753,0,0,-1704,-83.631481679142,864.9,-565.756135627358,560.028570699747
8968,-1215.64810918845,0,0,-1707,-103.463363668237,749.025371733152,-692.906925567934,538.6968083145671
8969,-1454.07824202604,0,0,-1710,79.697381855553,432.45000000001403,-772.837253613882,516.6116297322731
8970,-2088.9722859744697,0,0,-1713,-69.6762090465821,8.441454751505251e-13,-800.1,493.803923072116
8971,-2578.98669909812,0,0,-1716,-128.005032458481,-432.44999999997003,-772.8372536138879,470.30558697421503
8972,-2831.7345098658197,0,0,-1719,-116.95169855111901,-749.0253717331509,-692.906925567934,446.149485986388
8973,-2799.1847893602303,0,0,-1722,-67.898058333024,-864.9,-565.756135627359,421.369404600149
8974,-2507.99299852151,0,0,-1725,-29.9176267883566,-749.025371733156,-400.04999999999603,396.0
8975,-2113.2006087779,0,0,-1728,-115.746244383605,-432.450000000022,-207.081117986538,370.076753592265
8976,-1361.96265103777,0,0,-1731,25.4014275811342,-1.0168291359192401e-11,-4.7032315391894296e-12,343.63592138110704
8977,-783.689864302065,0,0,-1734,-5.93546554983395,432.45000000000397,207.081117986529,316.714483261236
8978,-341.499565462102,0,0,-1737,-42.9250284934219,749.025371733146,400.049999999988,289.350091298186
8979,105.187058897969,0,0,-1740,152.94990620212602,864.9,565.756135627352,261.581017068491
8980,-117.758126375796,0,0,-1743,-50.136521810324105,749.025371733161,692.906925567929,233.446098133438
8981,-205.898942115287,0,0,-1746,129.829120549645,432.449999999987,772.8372536138851,204.98468372119498
8982,-631.9145400102391,0,0,-1749,140.748880296338,1.9492437243234398e-11,800.1,176.236579693403
8983,-1102.26878196134,0,0,-1752,162.101971551747,-432.449999999996,772.837253613884,147.24199287302798
8984,-1554.78216952018,0,0,-1755,138.294801833491,-749.025371733141,692.906925567938,118.04147481153299
8985,-1928.6378656821103,0,0,-1758,39.830133616701204,-864.9,565.756135627365,88.67586507381979
8986,-1873.1254695523603,0,0,-1761,177.663668060351,-749.025371733166,400.050000000004,59.186234120451005
8987,-1856.4950894864899,0,0,-1764,103.259966660133,-432.449999999995,207.08111798652402,29.6138258668503
8988,-1718.85633017501,0,0,-1767,48.143669824982396,2.0347289845436603e-11,-9.4114155424522e-12,6.78944185447293e-13
8989,-1424.89851148141,0,0,-1770,149.346432371975,432.449999999988,-207.081117986521,-29.613825866848998
8990,-1291.11986391175,0,0,-1773,192.090998475537,749.025371733161,-400.05,-59.186234120446905
8991,-1483.3779170115197,0,0,-1776,82.1540836896436,864.9,-565.756135627346,-88.6758650738184
8992,-1790.37390306161,0,0,-1779,50.549125584679295,749.02537173317,-692.906925567925,-118.04147481153099
8993,-2189.9407909033603,0,0,-1782,79.6884555835421,432.450000000003,-772.837253613883,-147.241992873027
8994,-2636.8318889434,0,0,-1785,124.504690750016,-1.1023143961394699e-11,-800.1,-176.23657969340198
8995,-3159.3924464602,0,0,-1788,38.8794908748556,-432.44999999998004,-772.837253613886,-204.984683721194
8996,-3402.4836745460902,0,0,-1791,63.8947208884307,-749.025371733157,-692.906925567931,-233.446098133436
8997,-3420.7406949535903,0,0,-1794,65.4964577422709,-864.9,-565.756135627371,-261.58101706849
8998,-3485.4068679761403,0,0,-1797,-249.98140494477101,-749.025371733175,-400.050000000011,-289.350091298185
8999,-2677.43580715387,0,0,-1800,78.8097940939099,-432.45000000001096,-207.081117986533,-316.714483261234
9000,-2069.57851165984,0,0,-1803,77.0574097212611,1.69899807735276e-12,7.85852908827575e-13,-343.635921381105
9001,-1284.4656841608999,0,0,-1806,252.079951444817,432.45000000001403,207.081117986534,-370.076753592264
9002,-1263.70943444928,0,0,-1809,-207.78480618242298,749.025371733152,400.04999999999296,-395.99999999999903
9003,-905.6501595622381,0,0,-1812,-102.936890589448,864.9,565.756135627356,-421.36940460014506
9004,-980.662456471164,0,0,-1815,-161.445267785877,749.0253717331799,692.906925567921,-446.14948598638705
9005,-1331.77241289693,0,0,-1818,-248.754079536612,432.450000000019,772.8372536138811,-470.305586974214
9006,-1492.3558153871802,0,0,-1821,22.348107684931396,7.62514780668916e-12,800.1,-493.803923072115
9007,-1980.3836735391699,0,0,-1824,19.8407025792305,-432.450000000006,772.837253613883,-516.611629732272
9008,-2564.93123701659,0,0,-1827,-143.11598253681498,-749.0253717331469,692.9069255679359,-538.6968083145659
9009,-2604.5168953363896,0,0,-1830,84.65553973599009,-864.9,565.756135627361,-560.0285706997461
9010,-2778.2329604986403,0,0,-1833,-15.6805062762551,-749.0253717331599,400.049999999999,-580.577082489222
9011,-2687.34064180399,0,0,-1836,-25.658155059303002,-432.450000000028,207.081117986541,-600.313604731198
9012,-2256.27068998606,0,0,-1839,201.939844128628,-1.69492936907311e-11,7.83970972479705e-12,-619.210534114679
9013,-2481.0010539755103,0,0,-1842,-227.12849441378103,432.449999999998,-207.08111798652598,-637.2414415752011
9014,-2211.03787715956,0,0,-1845,-60.632139634454205,749.0253717331669,-400.050000000005,-654.381109258267
9015,-2181.95493131247,0,0,-1848,37.5067701036799,864.9,-565.75613562735,-670.6055657887999
9016,-2394.9619107214003,0,0,-1851,85.81176291064101,749.0253717331641,-692.906925567928,-685.892119797275
9017,-2839.8857959626803,0,0,-1854,54.720849306811,432.450000000036,-772.8372536138789,-700.21939165565
9018,-3438.70167039419,0,0,-1857,-68.0343270154953,2.6273439574773e-11,-800.1,-713.5673433787159
9019,-3720.2629046210704,0,0,-1860,70.941655641829,-432.44999999999,-772.8372536138851,-725.917306649021
9020,-4244.53333859738,0,0,-1863,-202.34903237007902,-749.025371733163,-692.906925567929,-737.25200892621
9021,-4091.08957089812,0,0,-1866,-46.87783766654329,-864.9,-565.756135627351,-747.555597604227
9022,-3433.5670387676,0,0,-1869,341.321995148198,-749.025371733169,-400.05000000000604,-756.813662182623
9023,-3086.5583681146995,0,0,-1872,189.98600429276502,-432.450000000001,-207.08111798652698,-765.013254420942
9024,-2665.62367060585,0,0,-1875,-18.4807641577948,-3.55975854588149e-11,-1.64652723584217e-11,-772.1429064480039
9025,-1969.81423139797,0,0,-1878,46.8472974162924,432.44999999998197,207.081117986518,-778.192646800764
9026,-1382.4384378703,0,0,-1881,132.640204766849,749.025371733158,400.049999999998,-783.154014370302
9027,-1363.6810223676,0,0,-1884,-123.317087759509,864.9,565.7561356273599,-787.020070235448
9028,-1326.7965407968902,0,0,-1887,-91.94343073049,749.025371733174,692.9069255679241,-789.7854073674949
9029,-1470.87575224115,0,0,-1890,5.283152337373441,432.450000000009,772.837253613882,-791.446158192412
9030,-1938.14687034057,0,0,-1893,-53.246870340560996,-4.24214162985604e-12,800.1,-792.0
9031,-2323.09580725364,0,0,-1896,23.9630973248603,-432.449999999974,772.837253613887,-791.446158192412
9032,-2768.0359286091903,0,0,-1899,-23.132075076473498,-749.0253717331531,692.9069255679331,-789.7854073674949
9033,-3007.03160640414,0,0,-1902,-18.8676717960503,-864.9,565.756135627357,-787.020070235448
9034,-3056.86226845563,0,0,-1905,-19.732882352172698,-749.025371733154,400.049999999994,-783.154014370302
9035,-2824.0168896468,0,0,-1908,87.5446391674489,-432.45000000001704,207.081117986536,-778.192646800764
9036,-2610.50134784062,0,0,-1911,72.6415586073882,-5.08200425418588e-12,2.35062527678004e-12,-772.1429064480051
9037,-2504.65856375035,0,0,-1914,-51.0141913428604,432.449999999966,-207.081117986509,-765.013254420942
9038,-2294.20952555725,0,0,-1917,30.6287648922104,749.025371733149,-400.04999999999,-756.8136621826241
9039,-2346.52891222354,0,0,-1920,21.8828210080391,864.9,-565.756135627354,-747.5555976042281
9040,-2752.3572342925395,0,0,-1923,-148.22367153155898,749.025371733158,-692.906925567931,-737.25200892621
9041,-3011.35073619535,0,0,-1926,-19.0461759324228,432.449999999983,-772.837253613886,-725.917306649021
9042,-3437.1596203966997,0,0,-1929,5.5077229819992395,1.4406150138227802e-11,-800.1,-713.567343378717
9043,-4015.2836564063896,0,0,-1932,-177.777011136854,-432.45,-772.837253613883,-700.219391655651
9044,-4081.80415762024,0,0,-1935,-18.9797405218824,-749.0253717331441,-692.906925567937,-685.892119797275
9045,-3774.99142343835,0,0,-1938,264.270277977815,-864.9,-565.7561356273629,-670.605565788801
9046,-3918.9833221710205,0,0,-1941,-174.526841179589,-749.025371733163,-400.050000000002,-654.381109258268
9047,-3162.65965964699,0,0,-1944,58.11289991472711,-432.449999999991,-207.08111798652197,-637.241441575202
9048,-2734.1309377409602,0,0,-1947,-167.920403626245,-2.37302960222697e-11,-1.09761879104047e-11,-619.21053411468
9049,-1950.5884407989602,0,0,-1950,-39.8059540542797,432.449999999992,207.08111798652303,-600.313604731199
9050,-1344.66114989409,0,0,-1953,39.840560862009895,749.0253717331391,400.04999999998296,-580.577082489223
9051,-1162.2210940666,0,0,-1956,-76.8486589942046,864.9,565.756135627347,-560.028570699747
9052,-1143.1494902522302,0,0,-1959,-87.38497923875678,749.0253717331681,692.906925567926,-538.696808314569
9053,-1016.21073624541,0,0,-1962,257.11363987297796,432.449999999999,772.837253613884,-516.611629732271
9054,-1514.5095178040199,0,0,-1965,144.19440526811002,-1.6109431066401198e-11,800.1,-493.803923072117
9055,-2274.00181282947,0,0,-1968,-176.083479469154,-432.44999999998396,772.837253613886,-470.30558697421503
9056,-2246.51498751193,0,0,-1971,226.75294463965,-749.0253717331351,692.906925567941,-446.14948598639097
9057,-2695.43597870427,0,0,-1974,-0.9227097314815259,-864.9,565.7561356273529,-421.369404600147
9058,-2529.69898725847,0,0,-1977,192.27638447469602,-749.025371733172,400.050000000009,-396.0
9059,-2512.2525697386,0,0,-1980,63.193065867137605,-432.45000000000704,207.08111798653,-370.076753592266
9060,-2524.25773796557,0,0,-1983,-197.62181658443902,-4.2378587790353496e-11,1.96017505440293e-11,-343.63592138110903
9061,-2131.88103921942,0,0,-1986,-54.535437971663,432.450000000019,-207.081117986537,-316.714483261236
9062,-1878.59472607927,0,0,-1989,50.7799934857536,749.0253717331551,-400.04999999999495,-289.350091298186
9063,-1851.59708601525,0,0,-1992,102.840066680581,864.9,-565.756135627341,-261.581017068494
9064,-2138.7443181990197,0,0,-1995,33.5833337691978,749.025371733152,-692.9069255679331,-233.446098133435
9065,-2468.48257868832,0,0,-1998,74.88935864674191,432.45000000001505,-772.8372536138811,-204.98468372119598
9066,-3093.91499655355,0,0,-2001,-116.578416860149,2.5388607016826e-12,-800.1,-176.236579693403
9067,-3352.51266003623,0,0,-2004,4.01658645065639,-432.44999999996804,-772.8372536138879,-147.241992873031
9068,-3454.8788586769,0,0,-2007,112.094913435726,-749.025371733175,-692.9069255679229,-118.04147481153
9069,-3630.2186962913597,0,0,-2010,-100.886695590184,-864.9,-565.756135627359,-88.6758650738199
9070,-3237.94275011107,0,0,-2013,-16.681144257423,-749.025371733182,-400.050000000017,-59.18623412044829
9071,-2670.81150746823,0,0,-2016,14.333436385181502,-432.45000000002295,-207.081117986539,-29.613825866853198
9072,-1847.02045235113,0,0,-2019,171.97954764888303,-1.1863006585724501e-11,-5.48710346238766e-12,-7.75936211939763e-13
9073,-1588.9118359209199,0,0,-2022,-236.056779774304,432.450000000002,207.08111798652803,29.6138258668489
9074,-848.657324243242,0,0,-2025,-31.9189300968214,749.025371733145,400.04999999998705,59.1862341204468
9075,-626.988188818833,0,0,-2028,-118.320189520021,864.9,565.756135627367,88.67586507382109
9076,-755.481493328912,0,0,-2031,-284.455265441534,749.0253717331619,692.906925567929,118.04147481153099
9077,-766.2172472594431,0,0,-2034,-84.7464937463794,432.45000000003097,772.8372536138789,147.24199287302602
9078,-1113.94188477199,0,0,-2037,-53.2784644654134,2.1187152469766398e-11,800.1,176.23657969339902
9079,-1591.7990809876198,0,0,-2040,-97.1710183227104,-432.44999999999396,772.837253613884,204.984683721197
9080,-1751.9591696122197,0,0,-2043,113.713178419583,-749.025371733165,692.9069255679269,233.446098133436
9081,-2274.02677306946,0,0,-2046,-190.46392576531701,-864.9,565.756135627365,261.58101706849
9082,-2021.70436230907,0,0,-2049,86.9209181259151,-749.025371733191,400.05000000002406,289.350091298182
9083,-2118.13849113482,0,0,-2052,-157.484092382585,-432.44999999999703,207.08111798652502,316.714483261234
9084,-1693.13410659162,0,0,-2055,18.229972027286,-3.05112983538083e-11,1.4112666096012301e-11,343.635921381105
9085,-1434.62938198651,0,0,-2058,27.924982407759995,432.44999999998595,-207.08111798652,370.076753592264
9086,-1540.56635072577,0,0,-2061,-224.54172245893398,749.025371733161,-400.05,396.00000000000097
9087,-1414.41696423134,0,0,-2064,-70.9302332041198,864.9,-565.756135627361,421.36940460014506
9088,-1474.09253883292,0,0,-2067,90.63952901545142,749.0253717331709,-692.906925567925,446.14948598638705
9089,-1909.10008812442,0,0,-2070,30.981578515195604,432.450000000047,-772.8372536138769,470.305586974212
9090,-2328.48282439877,0,0,-2073,50.8132525291179,-9.328428734862599e-12,-800.1,493.803923072117
9091,-2678.73791194373,0,0,-2076,85.9377119378661,-432.44999999997805,-772.837253613887,516.611629732272
9092,-2879.58984828499,0,0,-2079,102.645640701534,-749.025371733156,-692.9069255679319,538.6968083145659
9093,-3032.69809833664,0,0,-2082,-80.0705334090167,-864.9,-565.756135627371,560.028570699744
9094,-2757.84992205016,0,0,-2085,-104.351632806235,-749.0253717331509,-400.049999999992,580.577082489222
9095,-2178.67586871236,0,0,-2088,-51.45835545700729,-432.45000000001295,-207.081117986534,600.313604731198
9096,-1369.64625096394,0,0,-2091,102.14321492145001,-4.915959012189221e-11,-2.2738228729636898e-11,619.210534114679
9097,-625.852120728367,0,0,-2094,191.375319709884,432.45000000001295,207.081117986534,637.241441575202
9098,-305.275374083792,0,0,-2097,-11.731855075202999,749.0253717331509,400.049999999992,654.381109258267
9099,5.8064678852067395,0,0,-2100,4.544766469051621,864.9,565.756135627355,670.6055657887999
9100,-18.961500314457897,0,0,-2103,-43.78591741283321,749.0253717331799,692.9069255679201,685.892119797275
9101,-118.80382370224301,0,0,-2106,81.6895310282406,432.44999999997805,772.837253613887,700.219391655651
9102,-506.467915487881,0,0,-2109,88.8647411333935,9.31986303322123e-12,800.1,713.5673433787159
9103,-1115.49860075705,0,0,-2112,-69.8031610199924,-432.449999999962,772.8372536138891,725.9173066490201
9104,-1344.84331954363,0,0,-2115,89.02311769537519,-749.025371733146,692.9069255679359,737.252008926209
9105,-1686.20174702958,0,0,-2118,-16.613480261168498,-864.9,565.756135627361,747.555597604227
9106,-1603.18885954934,0,0,-2121,109.972850001194,-749.025371733161,400.05,756.813662182623
9107,-1382.64209988302,0,0,-2124,201.71352770952998,-432.450000000029,207.081117986542,765.013254420941
9108,-1407.67927005738,0,0,-2127,-52.8221765054034,3.0519864055449704e-11,-1.4116628067271e-11,772.1429064480051
9109,-883.328027787471,0,0,-2130,243.110443398294,432.44999999999703,-207.08111798652502,778.192646800764
9110,-940.0732843666381,0,0,-2133,60.797329529903706,749.0253717331419,-400.04999999998495,783.154014370302
9111,-1139.6140698804902,0,0,-2136,-89.77800448858801,864.9,-565.7561356273491,787.020070235448
9112,-1094.1804258854902,0,0,-2139,198.91572058178002,749.025371733165,-692.9069255679269,789.7854073674949
9113,-1808.00396366129,0,0,-2142,-117.06286823981002,432.44999999999396,-772.837253613884,791.446158192412
9114,-2056.95172899205,0,0,-2145,96.1482710079216,2.7968154801305103e-11,-800.1,792.0
9115,-2568.18050729818,0,0,-2148,-6.33941187668607,-432.45000000003097,-772.8372536138789,791.446158192412
9116,-3050.61917236011,0,0,-2151,-247.47228242651101,-749.0253717331619,-692.906925567929,789.7854073674949
9117,-2983.3958662329806,0,0,-2154,-185.75980084106004,-864.9,-565.756135627367,787.020070235448
9118,-2500.23718618286,0,0,-2157,22.6841711800177,-749.02537173317,-400.050000000007,783.154014370302
9119,-2188.87434858288,0,0,-2160,-167.53587739711202,-432.450000000002,-207.08111798652803,778.192646800764
9120,-1458.4227149332198,0,0,-2163,-67.5656213812406,1.18715722873659e-11,5.49106543364634e-12,772.1429064480051
9121,-731.552777093656,0,0,-2166,29.9028504989044,432.449999999981,207.081117986517,765.013254420942
9122,-56.06753126732529,0,0,-2169,207.043434816941,749.0253717331329,400.04999999997705,756.8136621826241
9123,197.213176016174,0,0,-2172,191.00144278458802,864.9,565.756135627359,747.555597604227
9124,68.34102512178289,0,0,-2175,64.15671889447461,749.025371733175,692.9069255679229,737.25200892621
9125,-128.497319868733,0,0,-2178,118.298119868353,432.45000000001096,772.837253613882,725.9173066490221
9126,-592.537239177956,0,0,-2181,74.79541744333041,-2.54742640332396e-12,800.1,713.5673433787159
9127,-1127.65751456756,0,0,-2184,15.735840162924399,-432.45000000001505,772.8372536138811,700.219391655651
9128,-1487.78785404695,0,0,-2187,69.4384723209897,-749.025371733152,692.9069255679331,685.892119797275
9129,-1772.46847760097,0,0,-2190,46.0698209828572,-864.9,565.756135627374,670.605565788803
9130,-1909.5167664245103,0,0,-2193,-21.922503949615898,-749.0253717331551,400.04999999999495,654.381109258268
9131,-1673.35719757897,0,0,-2196,110.77024285931101,-432.450000000019,207.081117986537,637.241441575202
9132,-1696.63004659234,0,0,-2199,-116.84058070702,-6.77671948071795e-12,3.1344971999782797e-12,619.21053411468
9133,-1203.26982361442,0,0,-2202,173.047689640923,432.449999999964,-207.081117986508,600.313604731201
9134,-1397.06619576978,0,0,-2205,-121.61864999216499,749.025371733172,-400.050000000009,580.577082489221
9135,-1185.73577716505,0,0,-2208,163.091787762552,864.9,-565.7561356273529,560.028570699747
9136,-1581.51455734999,0,0,-2211,34.6701881701776,749.0253717331841,-692.906925567919,538.696808314569
9137,-2139.72575358871,0,0,-2214,-101.95012970708099,432.44999999998396,-772.837253613886,516.611629732271
9138,-2582.75884496155,0,0,-2217,-59.4627680336835,1.6100865364759902e-11,-800.1,493.803923072117
9139,-2940.33090361664,0,0,-2220,14.650763023027402,-432.449999999999,-772.837253613884,470.30558697421503
9140,-3047.51870230917,0,0,-2223,171.264109005518,-749.0253717331431,-692.906925567938,446.14948598639097
9141,-3368.09342462779,0,0,-2226,-132.806693600586,-864.9,-565.756135627347,421.369404600147
9142,-3100.1633168644203,0,0,-2229,-118.08794513125,-749.0253717331641,-400.050000000002,396.0
9143,-2458.24638367829,0,0,-2232,43.207980716024196,-432.450000000035,-207.081117986545,370.076753592266
9144,-1808.40555257659,0,0,-2235,82.9585260423333,-2.54250112488018e-11,-1.17600598336029e-11,343.63592138110903
9145,-1376.73550407457,0,0,-2238,-94.981105322313,432.449999999991,207.08111798652197,316.714483261233
9146,-859.885909599802,0,0,-2241,-57.311372631153205,749.025371733163,400.050000000002,289.350091298186
9147,-556.8087762438599,0,0,-2244,-5.04592893970096,864.9,565.756135627347,261.581017068494
9148,-510.41321072721496,0,0,-2247,61.2083938382689,749.0253717331441,692.906925567937,233.446098133435
9149,-789.7785050862,0,0,-2250,49.9495575787205,432.45,772.837253613883,204.98468372119598
9150,-1307.38912906921,0,0,-2253,-30.725708762652697,3.47491571328437e-11,800.1,176.236579693403
9151,-1644.65759826271,0,0,-2256,123.713155250352,-432.449999999983,772.837253613886,147.241992873031
9152,-1998.0768756272198,0,0,-2259,199.000095726473,-749.025371733158,692.906925567931,118.04147481153
9153,-2500.30759287128,0,0,-2262,-27.8395935724512,-864.9,565.7561356273529,88.67586507382
9154,-2617.5664359000602,0,0,-2265,-62.777298287347705,-749.0253717331731,400.05000000001,59.1862341204484
9155,-2265.11775668453,0,0,-2268,198.637299462117,-432.450000000051,207.081117986553,29.6138258668533
9156,-2212.10453435646,0,0,-2271,58.8954656435335,5.090569955827241e-12,-2.3545872480387204e-12,8.729282384322328e-13
9157,-2110.1330954097502,0,0,-2274,-31.8881515563662,432.449999999975,-207.08111798651402,-29.613825866848803
9158,-2099.48325876017,0,0,-2277,-112.272396372887,749.025371733154,-400.049999999994,-59.1862341204467
9159,-2048.78303113419,0,0,-2280,20.748969566989697,864.9,-565.756135627357,-88.67586507382109
9160,-2195.56957834974,0,0,-2283,149.35345029657302,749.0253717331531,-692.9069255679331,-118.04147481153099
9161,-2728.38034800306,0,0,-2286,45.2488984838324,432.45000000001704,-772.8372536138811,-147.24199287302602
9162,-3146.56616322424,0,0,-2289,118.770416469104,5.33974489009275e-11,-800.1,-176.23657969339902
9163,-3690.85557826743,0,0,-2292,11.4163590676584,-432.450000000009,-772.837253613882,-204.984683721197
9164,-3911.01747377924,0,0,-2295,59.3609216552762,-749.025371733149,-692.906925567935,-233.446098133436
9165,-3987.4625064056604,0,0,-2298,2.7746462901867597,-864.9,-565.7561356273599,-261.581017068489
9166,-3938.5273544021397,0,0,-2301,-199.101891370761,-749.025371733183,-400.050000000017,-289.350091298182
9167,-3068.39070884545,0,0,-2304,191.854892402285,-432.44999999998197,-207.081117986518,-316.714483261234
9168,-2512.56906275962,0,0,-2307,138.066858621501,-1.35577218122566e-11,-6.2709753855859e-12,-343.635921381105
9169,-2100.99613869636,0,0,-2310,-60.4505030905559,432.449999999959,207.081117986505,-370.076753592264
9170,-1451.7897573015,0,0,-2313,108.134870965322,749.025371733169,400.05000000000604,-396.00000000000097
9171,-1230.61515989154,0,0,-2316,76.0981090812534,864.9,565.756135627351,-421.369404600148
9172,-1252.50306349289,0,0,-2319,70.7141251924107,749.025371733163,692.906925567929,-446.14948598638705
9173,-1648.6223649594199,0,0,-2322,-61.604031599123296,432.450000000033,772.8372536138789,-470.305586974212
9174,-2042.72310010404,0,0,-2325,-24.0191770318965,-2.6282005276414398e-11,800.1,-493.803923072117
9175,-2339.20409424932,0,0,-2328,165.02028186906,-432.449999999993,772.8372536138851,-516.611629732272
9176,-2934.3824074771996,0,0,-2331,-8.56715299743407,-749.0253717331401,692.906925567939,-538.6968083145659
9177,-3265.639332394,0,0,-2334,-72.46689732161909,-864.9,565.756135627366,-560.028570699743
9178,-3245.53279522518,0,0,-2337,21.0196589972075,-749.0253717331669,400.050000000005,-580.577082489222
9179,-3193.86694835486,0,0,-2340,-28.184461610186897,-432.449999999998,207.08111798652598,-600.313604731198
9180,-3130.63155186302,0,0,-2343,-168.421017748323,-3.2206013580340396e-11,1.4896538019210497e-11,-619.210534114679
9181,-2583.8171597242003,0,0,-2346,174.055399837521,432.450000000028,-207.081117986541,-637.241441575202
9182,-2773.90844238656,0,0,-2349,-119.502704861455,749.0253717331599,-400.049999999999,-654.381109258267
9183,-2577.8388120745603,0,0,-2352,145.622889341585,864.9,-565.756135627345,-670.6055657887999
9184,-3024.44492245387,0,0,-2355,-39.6712488218384,749.025371733172,-692.9069255679241,-685.892119797275
9185,-3203.8427120343395,0,0,-2358,194.76393323518502,432.450000000006,-772.837253613883,-700.219391655651
9186,-3850.0202285673204,0,0,-2361,24.6471148114044,-7.63371350833052e-12,-800.1,-713.5673433787159
9187,-4286.14379465449,0,0,-2364,9.06076560839291,-432.449999999977,-772.837253613887,-725.9173066490201
9188,-4532.75509102238,0,0,-2367,13.4292152049062,-749.02537173313,-692.9069255679441,-737.252008926209
9189,-4493.05818653399,0,0,-2370,55.1535466975906,-864.9,-565.756135627356,-747.555597604227
9190,-4211.12636552625,0,0,-2373,67.7626683895606,-749.025371733177,-400.050000000013,-756.813662182623
9191,-3821.55297175044,0,0,-2376,-41.0085993429471,-432.45000000001403,-207.081117986534,-765.013254420941
9192,-3317.67483307901,0,0,-2379,-166.531926631001,-1.69043237571139e-12,-7.818909375689001e-13,-772.1429064480051
9193,-2407.00430300485,0,0,-2382,113.657225809375,432.45000000001096,207.081117986533,-778.192646800764
9194,-1978.19170673895,0,0,-2385,40.8869358982148,749.02537173315,400.049999999992,-783.154014370302
9195,-1635.09297760369,0,0,-2388,109.270957004416,864.9,565.756135627338,-787.020070235448
9196,-1855.30669647232,0,0,-2391,-116.45358640591299,749.025371733157,692.906925567931,-789.7854073674949
9197,-2026.3906857344898,0,0,-2394,-46.231781155977494,432.450000000022,772.83725361388,-791.446158192412
9198,-2205.67551798606,0,0,-2397,183.224482013933,1.10145782597533e-11,800.1,-792.0
9199,-2813.5547978767895,0,0,-2400,37.5041067016904,-432.449999999961,772.8372536138891,-791.446158192412
9200,-3239.84133964723,0,0,-2403,9.06251388551272,-749.02537173317,692.906925567925,-789.7854073674949
9201,-3708.4987364928497,0,0,-2406,-216.334801884762,-864.9,565.756135627362,-787.020070235448
9202,-3306.67635333236,0,0,-2409,234.453032771104,-749.025371733186,400.05000000001996,-783.154014370302
9203,-3417.74562775812,0,0,-2412,-2.18409894388572,-432.449999999988,207.081117986521,-778.192646800764
9204,-3336.95522337586,0,0,-2415,-149.812316927842,-2.03387241437952e-11,9.407453571193519e-12,-772.1429064480051
9205,-2891.53272730625,0,0,-2418,66.1116451012252,432.449999999995,-207.08111798652402,-765.013254420942
9206,-2809.1719906429803,0,0,-2421,19.666299806482,749.025371733141,-400.049999999984,-756.8136621826241
9207,-2829.1437761284496,0,0,-2424,43.267957103139494,864.9,-565.756135627365,-747.555597604227
9208,-3086.10193124456,0,0,-2427,22.0316315164144,749.025371733166,-692.9069255679269,-737.25200892621
9209,-3411.36402096552,0,0,-2430,84.94053929734459,432.450000000038,-772.837253613878,-725.9173066490221
9210,-4011.6780707865705,0,0,-2433,-65.01072740788611,2.9662870027837096e-11,-800.1,-713.567343378717
9211,-4263.3679689831,0,0,-2436,78.13867628641941,-432.449999999987,-772.8372536138851,-700.219391655651
9212,-4358.97442583002,0,0,-2439,207.84999126834597,-749.025371733161,-692.906925567929,-685.892119797275
9213,-4468.1866738832505,0,0,-2442,75.075027532918,-864.9,-565.756135627368,-670.605565788803
9214,-4114.71009025585,0,0,-2445,133.746390735553,-749.025371733146,-400.049999999988,-654.381109258268
9215,-3701.2381811341706,0,0,-2448,23.534378427565603,-432.45000000000397,-207.081117986529,-637.241441575202
9216,-2952.16314013836,0,0,-2451,118.047393976381,-3.8987015911879e-11,-1.8033016204818102e-11,-619.21053411468
9217,-2520.7520285983396,0,0,-2454,-105.96954185363,432.449999999979,207.081117986516,-600.313604731201
9218,-1661.9714127650197,0,0,-2457,226.530297991044,749.025371733156,400.04999999999603,-580.577082489222
9219,-1588.75287551914,0,0,-2460,0.619559553250636,864.9,565.756135627359,-560.028570699747
9220,-1418.9678026569,0,0,-2463,140.79670835657302,749.025371733175,692.9069255679229,-538.69680831457
9221,-1890.35399983057,0,0,-2466,-113.02962371222401,432.450000000055,772.837253613876,-516.611629732274
9222,-2228.28888959884,0,0,-2469,-65.5849665267228,-8.52711176791889e-13,800.1,-493.803923072117
9223,-2624.36514485479,0,0,-2472,-22.4468114944953,-432.449999999971,772.8372536138879,-470.30558697421304
9224,-3107.7874761481103,0,0,-2475,-130.519543996505,-749.025371733152,692.906925567934,-446.14948598639097
9225,-3256.8063162256603,0,0,-2478,-58.2930472528677,-864.9,565.756135627358,-421.369404600147
9226,-3202.9549271496503,0,0,-2481,23.020444583509697,-749.0253717331551,400.04999999999603,-396.0
9227,-2987.1658684699,0,0,-2484,92.27976713584428,-432.45000000002,207.081117986537,-370.076753592266
9228,-2919.75199989623,0,0,-2487,-89.1160785150852,-5.7635307679962903e-11,2.66585788384428e-11,-343.63592138110903
9229,-2646.48466277901,0,0,-2490,-65.13906153125049,432.450000000006,-207.08111798653,-316.714483261233
9230,-2550.33392350386,0,0,-2493,-116.95920393883002,749.0253717331469,-400.04999999998904,-289.350091298186
9231,-2158.93405354063,0,0,-2496,299.503099155216,864.9,-565.756135627352,-261.581017068494
9232,-2871.5632475918396,0,0,-2499,-195.23559562363602,749.0253717331599,-692.90692556793,-233.446098133435
9233,-3138.76580862208,0,0,-2502,-91.39387128698799,432.44999999998595,-772.837253613886,-204.98468372119598
9234,-3462.8474394851,0,0,-2505,18.4891402082814,1.77955805912919e-11,-800.1,-176.236579693403
9235,-3817.40435185197,0,0,-2508,43.1248946349022,-432.44999999995497,-772.8372536138901,-147.241992873031
9236,-4215.2766540565,0,0,-2511,-144.302881943878,-749.0253717331669,-692.9069255679269,-118.04147481153
9237,-4272.0230711473605,0,0,-2514,-238.69107044617698,-864.9,-565.756135627364,-88.67586507382009
9238,-3882.2301002403497,0,0,-2517,-156.968494386739,-749.025371733165,-400.05000000000297,-59.1862341204485
9239,-3452.70618044302,0,0,-2520,-263.561236589586,-432.450000000036,-207.081117986546,-29.6138258668534
9240,-2431.38787057906,0,0,-2523,91.6121294209092,2.2044146497379e-11,1.01962779584651e-11,-9.699202649247042e-13
9241,-1654.9138943217802,0,0,-2526,201.94116182485598,432.449999999989,207.081117986521,29.613825866848696
9242,-1221.4351533806,0,0,-2529,99.30324076583159,749.025371733138,400.049999999981,59.186234120446606
9243,-1167.62905120125,0,0,-2532,-154.961051902432,864.9,565.756135627362,88.67586507382099
9244,-989.146454301202,0,0,-2535,-14.120226413828302,749.025371733169,692.906925567925,118.04147481153099
9245,-1017.21974182194,0,0,-2538,168.251011691151,432.450000000002,772.837253613883,147.24199287302602
9246,-1578.84996176628,0,0,-2541,-14.1865414597175,3.6443872359375795e-11,800.1,176.23657969339902
9247,-1980.2342708672898,0,0,-2544,18.393791797652,-432.45000000002403,772.83725361388,204.984683721197
9248,-2406.0076747612698,0,0,-2547,-36.3353267294817,-749.025371733158,692.906925567931,233.446098133436
9249,-2745.8793328585602,0,0,-2550,-158.316485554418,-864.9,565.75613562737,261.58101706849203
9250,-2682.56816319114,0,0,-2553,-69.9428827561532,-749.025371733174,400.05000000001,289.350091298182
9251,-2293.7160950532802,0,0,-2556,170.938303698959,-432.45000000001,207.08111798653198,316.714483261234
9252,-2178.41483020007,0,0,-2559,36.949248418822606,3.39585472929517e-12,-1.57071532484048e-12,343.635921381105
9253,-1972.3674456565197,0,0,-2562,-5.81308126224234,432.449999999973,-207.081117986513,370.076753592264
9254,-1852.82849863387,0,0,-2565,-32.8038703670372,749.025371733177,-400.050000000013,396.00000000000097
9255,-2048.3968099037,0,0,-2568,-200.910078876494,864.9,-565.756135627356,421.369404600148
9256,-2014.32034585483,0,0,-2571,54.41172199352679,749.025371733179,-692.906925567921,446.149485986389
9257,-2343.56981075025,0,0,-2574,100.511855889397,432.450000000018,-772.8372536138811,470.305586974212
9258,-2845.35636481954,0,0,-2577,37.9397121083367,5.92829115474674e-12,-800.1,493.803923072117
9259,-3286.1990956289396,0,0,-2580,-17.5234717473168,-432.450000000008,-772.837253613882,516.6116297322701
9260,-3661.48069805661,0,0,-2583,-175.24520907009202,-749.0253717331481,-692.906925567935,538.696808314568
9261,-3540.95331031063,0,0,-2586,-84.325745383,-864.9,-565.756135627376,560.028570699743
9262,-3042.96165122326,0,0,-2589,114.53663802067699,-749.025371733159,-400.049999999998,580.577082489222
9263,-2538.12888099634,0,0,-2592,93.08863225903191,-432.450000000026,-207.08111798654,600.3136047311959
9264,-2070.62216683115,0,0,-2595,-94.8327009458073,-1.52524370387887e-11,-7.0548473087841395e-12,619.210534114679
9265,-1575.4487559851098,0,0,-2598,-254.221315546842,432.45,207.08111798652698,637.241441575202
9266,-670.61749190248,0,0,-2601,126.926027106079,749.0253717331681,400.05000000000604,654.381109258267
9267,-270.464300909634,0,0,-2604,232.27399767421502,864.9,565.75613562735,670.605565788802
9268,-388.278390085293,0,0,-2607,90.8971928163272,749.025371733188,692.906925567917,685.8921197972741
9269,-686.242103430302,0,0,-2610,18.251251300171003,432.449999999992,772.8372536138851,700.219391655651
9270,-976.1031344788851,0,0,-2613,123.229522142376,2.45765829228306e-11,800.1,713.567343378715
9271,-1631.34124502499,0,0,-2616,-81.6458052879014,-432.449999999992,772.8372536138851,725.917306649021
9272,-1767.5891304075303,0,0,-2619,170.27730683146498,-749.0253717331391,692.9069255679401,737.252008926209
9273,-2307.81581007043,0,0,-2622,-134.227543302012,-864.9,565.75613562735,747.555597604227
9274,-2097.2120265426,0,0,-2625,119.949683007939,-749.0253717331681,400.05000000000604,756.8136621826221
9275,-1993.9743496463602,0,0,-2628,94.3812779461865,-432.45000000004205,207.081117986549,765.013254420942
9276,-1785.84451284703,0,0,-2631,73.0125807049555,1.52631441658404e-11,-7.05979977285748e-12,772.1429064480051
9277,-1680.62990924156,0,0,-2634,-50.1914380557893,432.449999999983,-207.081117986518,778.192646800764
9278,-1483.2626988576199,0,0,-2637,21.607915038913802,749.025371733159,-400.049999999998,783.154014370302
9279,-1889.2277165645,0,0,-2640,-335.391651172607,864.9,-565.756135627344,787.020070235448
9280,-1679.4059232167199,0,0,-2643,117.690223250575,749.0253717331481,-692.906925567935,789.7854073674949
9281,-2014.96113503708,0,0,-2646,179.97996038438,432.450000000008,-772.837253613882,791.446158192412
9282,-2782.47063463069,0,0,-2649,-125.370634630737,4.32248746909144e-11,-800.1,792.0
9283,-3137.47177742263,0,0,-2652,-71.6306820011755,-432.449999999975,-772.837253613887,791.446158192412
9284,-3231.567948717,0,0,-2655,75.5789412165891,-749.025371733154,-692.9069255679319,789.7854073674949
9285,-3266.9352527093897,0,0,-2658,34.7008126825181,-864.9,-565.756135627356,787.0200702354491
9286,-2843.0369663291804,0,0,-2661,183.884391033704,-749.025371733177,-400.050000000013,783.154014370302
9287,-2567.33375556802,0,0,-2664,-41.9952843823013,-432.449999999973,-207.081117986513,778.192646800764
9288,-1916.16054462582,0,0,-2667,-21.303451073824,-3.3851476022434602e-12,-1.5657628607671398e-12,772.1429064480051
9289,-1361.7846184868902,0,0,-2670,-96.3289908943131,432.44999999996696,207.08111798651,765.013254420943
9290,-603.165788547725,0,0,-2673,163.94517753651002,749.02537173315,400.049999999991,756.8136621826241
9291,-592.309552048468,0,0,-2676,-94.52128528004921,864.9,565.756135627354,747.555597604227
9292,-571.225553970989,0,0,-2679,-71.409860198288,749.025371733158,692.906925567931,737.25200892621
9293,-629.771788561131,0,0,-2682,121.02365117594401,432.45000000002403,772.83725361388,725.917306649021
9294,-1016.7146096927199,0,0,-2685,154.618046928501,6.18731664589982e-11,800.1,713.567343378717
9295,-1583.3621795174402,0,0,-2688,64.03117521302539,-432.450000000002,772.837253613883,700.219391655651
9296,-2034.2755506818698,0,0,-2691,26.950775686057895,-749.025371733145,692.906925567937,685.892119797277
9297,-2269.9864506925196,0,0,-2694,52.5518478913168,-864.9,565.756135627362,670.605565788801
9298,-2362.25413340911,0,0,-2697,29.340129065788698,-749.0253717331619,400.050000000001,654.381109258267
9299,-2423.64973170778,0,0,-2700,-135.522291269514,-432.449999999989,207.081117986521,637.241441575202
9300,-2069.18639401323,0,0,-2703,14.6030718720948,-2.20334393703273e-11,1.0191325494391801e-11,619.210534114682
9301,-1876.79448213602,0,0,-2706,3.5230311193343598,432.44999999995105,-207.081117986502,600.3136047312
9302,-2152.63199792645,0,0,-2709,-373.18445214883303,749.025371733165,-400.05000000000297,580.577082489222
9303,-1871.0905003612302,0,0,-2712,-18.262935433629398,864.9,-565.756135627348,560.028570699747
9304,-2231.30779625339,0,0,-2715,-111.123050733193,749.0253717331669,-692.9069255679269,538.696808314568
9305,-2371.93211477493,0,0,-2718,169.843509106632,432.45000000004,-772.837253613878,516.611629732274
9306,-3098.8759188351,0,0,-2721,-71.57984190719979,-1.78062877183436e-11,-800.1,493.803923072117
9307,-3428.53535468337,0,0,-2724,30.446311956285502,-432.44999999998595,-772.837253613886,470.30558697421503
9308,-3761.68684051762,0,0,-2727,-38.9040292029291,-749.025371733136,-692.906925567941,446.149485986389
9309,-3643.4798903846704,0,0,-2730,95.806840642539,-864.9,-565.756135627352,421.369404600144
9310,-3545.40816122041,0,0,-2733,-59.3327894872295,-749.025371733172,-400.050000000009,396.00000000000097
9311,-3087.55837515838,0,0,-2736,-82.1040107641135,-432.450000000006,-207.08111798653,370.076753592268
9312,-2589.8355566808,0,0,-2739,-194.47147806184398,-4.06817311384111e-11,-1.8816888128016397e-11,343.63592138110704
9313,-1879.15252773852,0,0,-2742,-93.3981289863111,432.45000000002,207.081117986537,316.714483261233
9314,-1596.40108219897,0,0,-2745,-289.826545230304,749.0253717331551,400.04999999999603,289.350091298186
9315,-969.312475067584,0,0,-2748,86.4503722365771,864.9,565.756135627342,261.58101706849703
9316,-1091.22298084111,0,0,-2751,-15.601376275642,749.0253717331759,692.906925567922,233.446098133438
9317,-1238.20221766434,0,0,-2754,105.52584500056999,432.45000000001403,772.837253613882,204.98468372119598
9318,-1696.4674241590199,0,0,-2757,84.1959961475786,8.420040497401841e-13,800.1,176.236579693403
9319,-2259.64291191018,0,0,-2760,12.727841602877,-432.44999999997003,772.8372536138879,147.24199287302798
9320,-2725.93669338987,0,0,-2763,-24.8597220361479,-749.025371733175,692.9069255679229,118.04147481152799
9321,-2907.3926548531,0,0,-2766,69.0753444457216,-864.9,565.756135627359,88.6758650738202
9322,-2884.9493368173103,0,0,-2769,173.83980079540402,-749.025371733181,400.05000000001604,59.1862341204514
9323,-2923.04911510515,0,0,-2772,44.705941041483705,-432.450000000022,207.081117986538,29.6138258668507
9324,-2736.6360506171,0,0,-2775,38.3639493829059,-1.01661499337821e-11,4.70224104637476e-12,-1.74683694219282e-12
9325,-2711.03118960246,0,0,-2778,-128.786245749086,432.45000000000397,-207.081117986529,-29.613825866848604
9326,-2351.18778716111,0,0,-2781,140.023075226175,749.025371733146,-400.049999999988,-59.18623412044371
9327,-2532.4178406016,0,0,-2784,41.114160099551,864.9,-565.756135627336,-88.67586507381809
9328,-2788.98395394165,0,0,-2787,59.9390747046486,749.025371733161,-692.906925567929,-118.04147481153099
9329,-3192.20639660597,0,0,-2790,85.4228498809011,432.45000000003,-772.8372536138789,-147.24199287302602
9330,-3715.23922127012,0,0,-2793,54.0973584232621,1.9490295817824e-11,-800.1,-176.23657969340098
9331,-4159.643827118879,0,0,-2796,46.6281102161969,-432.449999999996,-772.837253613884,-204.984683721199
9332,-4463.34663842427,0,0,-2799,11.0317570102583,-749.025371733166,-692.9069255679269,-233.446098133436
9333,-4379.963005189071,0,0,-2802,114.27414750678601,-864.9,-565.756135627365,-261.581017068489
9334,-4005.85536623894,0,0,-2805,237.570096792459,-749.02537173319,-400.050000000023,-289.350091298184
9335,-3691.59494268819,0,0,-2808,72.6506585595677,-432.449999999995,-207.08111798652402,-316.714483261237
9336,-3133.2736472698402,0,0,-2811,21.362274111304,-2.88144417018659e-11,-1.33278036799994e-11,-343.635921381105
9337,-2514.2869041326503,0,0,-2814,30.258731473098102,432.449999999988,207.081117986521,-370.07675359226096
9338,-2249.47613418953,0,0,-2817,-185.551505922651,749.025371733137,400.049999999981,-395.99999999999903
9339,-1801.0533501852499,0,0,-2820,9.6599187875401,864.9,565.756135627362,-421.369404600147
9340,-1757.7688318047303,0,0,-2823,69.4483568805596,749.02537173317,692.906925567925,-446.14948598638705
9341,-2092.8907768137,0,0,-2826,-1.87244345341402,432.45000000004603,772.8372536138769,-470.305586974209
9342,-2374.96281506874,0,0,-2829,147.74110800338698,-1.1025285386805001e-11,800.1,-493.803923072119
9343,-3107.1119455777302,0,0,-2832,-98.8875694593695,-432.44999999998004,772.837253613886,-516.611629732272
9344,-3675.1894152556797,0,0,-2835,-245.374160775884,-749.025371733157,692.906925567931,-538.6968083145659
9345,-3596.72728303361,0,0,-2838,100.44515203876699,-864.9,565.756135627371,-560.028570699745
9346,-3637.7709192919897,0,0,-2841,132.78153493039102,-749.02537173315,400.049999999992,-580.577082489224
9347,-3570.22114341485,0,0,-2844,99.4613433298231,-432.45000000001096,207.081117986533,-600.313604731198
9348,-3495.1320140767302,0,0,-2847,-28.921479962028602,-4.7462733469949796e-11,2.1953366313624e-11,-619.210534114677
9349,-3204.58272339896,0,0,-2850,57.289836162785704,432.449999999972,-207.081117986512,-637.2414415751999
9350,-3224.2343651626197,0,0,-2853,-65.8286276375075,749.025371733152,-400.04999999999296,-654.381109258269
9351,-3266.2012967229903,0,0,-2856,-38.7395953068361,864.9,-565.756135627356,-670.6055657887999
9352,-3493.17107650372,0,0,-2859,-4.39740287170542,749.0253717331799,-692.906925567921,-685.892119797273
9353,-4113.63137749558,0,0,-2862,-211.024732226013,432.449999999977,-772.837253613887,-700.2193916556531
9354,-4397.07496194095,0,0,-2865,-18.407618562237,7.62300638127882e-12,-800.1,-713.5673433787159
9355,-5009.61167071272,0,0,-2868,-210.40711044984297,-432.449999999964,-772.8372536138891,-725.9173066490201
9356,-5081.34278840253,0,0,-2871,-31.1584821752385,-749.0253717331469,-692.9069255679359,-737.25200892621
9357,-4920.42800164905,0,0,-2874,131.78373158253598,-864.9,-565.756135627361,-747.5555976042281
9358,-4764.75461136406,0,0,-2877,18.1344225517233,-749.0253717331599,-400.049999999999,-756.813662182623
9359,-4235.0903466209,0,0,-2880,49.4540257866068,-432.450000000027,-207.081117986541,-765.013254420941
9360,-3600.7912106815897,0,0,-2883,54.351695766507795,-6.611102523803361e-11,-3.05789289472486e-11,-772.1429064480039
9361,-2967.89992967742,0,0,-2886,56.761599136824294,432.449999999998,207.08111798652598,-778.192646800765
9362,-2571.5698525436,0,0,-2889,-48.491209906430505,749.0253717331431,400.04999999998495,-783.154014370302
9363,-2271.11363187648,0,0,-2892,-22.749697268384498,864.9,565.75613562735,-787.020070235448
9364,-1995.22578786952,0,0,-2895,247.62732219688598,749.0253717331641,692.906925567928,-789.785407367494
9365,-2489.55425773819,0,0,-2898,-5.3953531596544,432.449999999993,772.8372536138851,-791.446158192412
9366,-2921.88487728862,0,0,-2901,-28.9848772886417,2.62712981493626e-11,800.1,-792.0
9367,-1365.62369608393,1,0,-2904,87.5324451241629,-432.44999999994695,772.837253613891,-791.446158192412
9368,-3539.77905308049,0,0,-2907,213.12480045223597,-749.025371733163,692.906925567929,-789.785407367494
9369,-3816.56002868198,0,0,-2910,179.603905926099,-864.9,565.756135627367,-787.020070235448
9370,-4164.407198029749,0,0,-2913,-119.277811926288,-749.025371733169,400.05000000000604,-783.154014370302
9371,-3794.42342903035,0,0,-2916,125.138099783887,-432.450000000001,207.08111798652698,-778.192646800764
9372,-3620.3486280002703,0,0,-2919,70.7942784477305,1.3568428939308302e-11,-6.27592784965925e-12,-772.1429064480039
9373,-3475.05788628028,0,0,-2922,-13.4135138728008,432.44999999998197,-207.081117986518,-765.013254420942
9374,-3416.6541871714803,0,0,-2925,-83.8158967220079,749.025371733134,-400.049999999978,-756.813662182625
9375,-3349.43963604034,0,0,-2928,26.9720971912499,864.9,-565.7561356273599,-747.5555976042281
9376,-3628.3071819117895,0,0,-2931,-16.1736191508269,749.025371733174,-692.9069255679241,-737.25200892621
9377,-3971.10663613793,0,0,-2934,29.1979241249618,432.450000000009,-772.837253613882,-725.9173066490221
9378,-4619.5562878321,0,0,-2937,-168.888944453427,4.49195899174465e-11,-800.1,-713.567343378718
9379,-4854.42016908816,0,0,-2940,-8.9135238186497,-432.449999999974,-772.837253613887,-700.21939165565
9380,-5246.7173569550105,0,0,-2943,-175.892939856653,-749.0253717331531,-692.9069255679331,-685.892119797276
9381,-4822.0463952848795,0,0,-2946,225.215306131283,-864.9,-565.756135627357,-670.605565788803
9382,-4603.21463192974,0,0,-2949,149.241849061677,-749.025371733154,-400.049999999994,-654.381109258268
9383,-4179.95486174021,0,0,-2952,48.8176978214745,-432.449999999975,-207.08111798651402,-637.2414415751999
9384,-3643.6295082264396,0,0,-2955,-69.4189741116769,-5.424373580148839e-11,-2.5089844499231602e-11,-619.21053411468
9385,-2708.7650170943202,0,0,-2958,210.01746965041,432.449999999966,207.081117986509,-600.313604731202
9386,-2312.82642505054,0,0,-2961,79.6752857055458,749.025371733149,400.04999999999,-580.577082489224
9387,-2200.40633362944,0,0,-2964,-107.03389855705299,864.9,565.756135627354,-560.028570699745
9388,-2293.17655332243,0,0,-2967,-229.41204230894698,749.025371733158,692.906925567931,-538.69680831457
9389,-2281.55985220977,0,0,-2970,-0.23547609144002804,432.450000000068,772.837253613874,-516.611629732276
9390,-2692.27899094499,0,0,-2973,-25.5750678728369,-3.4759864259895396e-11,800.1,-493.803923072119
9391,-3154.10021085529,0,0,-2976,-48.18187749500421,-432.449999999958,772.8372536138891,-470.30558697421304
9392,-3484.4027467793394,0,0,-2979,-3.134814627743,-749.0253717331441,692.906925567937,-446.14948598639097
9393,-3490.10997099122,0,0,-2982,212.40329798156003,-864.9,565.7561356273629,-421.369404600147
9394,-3821.4122927541102,0,0,-2985,-91.436921020952,-749.025371733163,400.050000000002,-395.999999999998
9395,-3383.06423615828,0,0,-2988,200.381399447459,-432.449999999991,207.08111798652197,-370.076753592266
9396,-3392.47659013661,0,0,-2991,-57.840668755457,-7.289202756957221e-11,3.37154071328562e-11,-343.63592138111
9397,-3179.3855209635103,0,0,-2994,-94.03991971576842,432.450000000035,-207.081117986545,-316.714483261236
9398,-2978.74477254572,0,0,-2997,-41.370052980693295,749.0253717331391,-400.04999999998296,-289.350091298184
9399,-3084.09925741948,0,0,-3000,-121.66210472363899,864.9,-565.756135627347,-261.581017068494
9400,-3102.57955671716,0,0,-3003,77.74809525104,749.0253717331681,-692.906925567926,-233.446098133441
9401,-3374.350816823,0,0,-3006,177.02112051207902,432.449999999999,-772.837253613884,-204.984683721199
9402,-4092.2729654943896,0,0,-3009,-106.936385800969,-1.61115724918116e-11,-800.1,-176.23657969340098
9403,-4414.890925809051,0,0,-3012,-50.361679322189595,-432.449999999942,-772.837253613892,-147.241992873031
9404,-4431.60566807653,0,0,-3015,143.368104036107,-749.0253717331841,-692.906925567919,-118.04147481153
9405,-4500.6848120737395,0,0,-3018,36.64718862744729,-864.9,-565.756135627369,-88.6758650738175
9406,-4280.02571968054,0,0,-3021,-50.7641138269094,-749.025371733172,-400.050000000009,-59.1862341204487
9407,-3580.5223446074,0,0,-3024,112.62259924598699,-432.45000000000704,-207.08111798653,-29.6138258668536
9408,-3002.36092890224,0,0,-3027,24.6390710977562,6.7874266077696606e-12,3.13944966405163e-12,-1.16390431790964e-12
9409,-2349.30639230197,0,0,-3030,11.5486638446252,432.450000000019,207.081117986537,29.6138258668513
9410,-1902.1665991286898,0,0,-3033,-77.4282049822449,749.02537173313,400.049999999975,59.18623412044639
9411,-1347.3009334628,0,0,-3036,169.36706583604098,864.9,565.756135627341,88.67586507381522
9412,-1377.20360752709,0,0,-3039,101.82262036028,749.025371733177,692.906925567922,118.04147481152799
9413,-1822.9816205283103,0,0,-3042,-133.51086701523099,432.45000000001505,772.8372536138811,147.241992873029
9414,-1937.2424834945602,0,0,-3045,131.42093681203698,2.5367192762722596e-12,800.1,176.23657969339803
9415,-2261.71439750442,0,0,-3048,240.913665160515,-432.45000000001096,772.837253613882,204.98468372119598
9416,-3093.91499592706,0,0,-3051,-220.24264789524602,-749.025371733175,692.9069255679229,233.446098133433
9417,-2984.7242640806603,0,0,-3054,106.838583223473,-864.9,565.756135627375,261.58101706849203
9418,-2954.65414626633,0,0,-3057,161.971134168658,-749.025371733182,400.050000000017,289.350091298182
9419,-2902.56237246208,0,0,-3060,66.0920262901747,-432.45000000002295,207.081117986539,316.714483261234
9420,-2829.485456275,0,0,-3063,-110.121377656097,-1.18608651603142e-11,5.486112969573e-12,343.635921381108
9421,-2459.17780779032,0,0,-3066,11.3765566039395,432.450000000002,-207.08111798652803,370.076753592264
9422,-2302.63759583398,0,0,-3069,21.3870324328662,749.025371733121,-400.049999999968,395.999999999996
9423,-2310.7909312978895,0,0,-3072,40.695799729334794,864.9,-565.756135627367,421.36940460014506
9424,-2520.8099008782397,0,0,-3075,51.9221669701064,749.025371733186,-692.9069255679179,446.149485986389
9425,-2758.8975800329104,0,0,-3078,189.18408660673,432.45000000003097,-772.8372536138789,470.305586974211
9426,-3575.3095666424797,0,0,-3081,-188.013489714617,2.1185011044356102e-11,-800.1,493.803923072117
9427,-3875.9478842844105,0,0,-3084,-103.27226040280199,-432.44999999999396,-772.837253613884,516.6116297322701
9428,-3949.95724094433,0,0,-3087,40.2782480421915,-749.025371733165,-692.9069255679269,538.696808314568
9429,-3879.44306067385,0,0,-3090,81.184504253792,-864.9,-565.756135627381,560.028570699743
9430,-3601.68042699562,0,0,-3093,59.81786224828079,-749.0253717331419,-400.04999999998495,580.577082489222
9431,-3253.223728592,0,0,-3096,-118.006215336609,-432.450000000039,-207.081117986547,600.3136047312
9432,-2493.17924969102,0,0,-3099,-13.3897838056561,-3.0509156928398003e-11,-1.4111675603197599e-11,619.210534114679
9433,-2092.1722399143105,0,0,-3102,-266.944799476018,432.44999999998595,207.08111798652,637.241441575199
9434,-1389.5846191137803,0,0,-3105,-88.04110010520559,749.025371733161,400.05,654.381109258267
9435,-1011.7476076283699,0,0,-3108,-5.00930904453051,864.9,565.756135627361,670.605565788802
9436,-835.429955139698,0,0,-3111,147.745627761918,749.0253717331959,692.906925567913,685.8921197972741
9437,-1138.00588910175,0,0,-3114,70.4874656287497,432.449999999962,772.8372536138891,700.219391655651
9438,-1463.40685363813,0,0,-3117,139.925802983111,3.98333028124399e-11,800.1,713.567343378715
9439,-2206.91772050879,0,0,-3120,-153.222280771724,-432.44999999997805,772.837253613887,725.917306649021
9440,-2438.92118787353,0,0,-3123,2.94524936548904,-749.025371733156,692.9069255679319,737.252008926209
9441,-2694.0395757793103,0,0,-3126,-16.4513090108905,-864.9,565.756135627355,747.555597604227
9442,-2609.8398477252,0,0,-3129,111.321861825333,-749.0253717331509,400.049999999992,756.8136621826221
9443,-2825.58447725472,0,0,-3132,-233.228849662159,-432.450000000055,207.08111798655497,765.013254420942
9444,-2468.83049593698,0,0,-3135,-105.973402384958,-4.91574486964818e-11,2.27372382368222e-11,772.1429064480029
9445,-2287.9919897207396,0,0,-3138,-153.553518534958,432.44999999997003,-207.081117986512,778.192646800764
9446,-2117.9133270796,0,0,-3141,-109.042713183056,749.0253717331509,-400.049999999992,783.154014370302
9447,-2062.44244059902,0,0,-3144,-4.606375207113651,864.9,-565.756135627355,787.020070235448
9448,-2356.0453363547,0,0,-3147,-54.949189887420204,749.025371733156,-692.9069255679319,789.7854073674949
9449,-2840.14495502185,0,0,-3150,-141.20385960035102,432.44999999997805,-772.837253613887,791.446158192412
9450,-3097.97347551471,0,0,-3153,63.1265244852282,5.848159458052371e-11,-800.1,792.0
9451,-3587.71360435185,0,0,-3156,-17.8725089304125,-432.449999999962,-772.8372536138891,791.446158192412
9452,-3752.9642035581105,0,0,-3159,58.1826863754811,-749.025371733146,-692.9069255679359,789.7854073674949
9453,-3944.3642697740997,0,0,-3162,-138.728204382185,-864.9,-565.756135627361,787.0200702354491
9454,-3338.37690236414,0,0,-3165,192.54445499871602,-749.025371733161,-400.05,783.154014370302
9455,-3212.30217933882,0,0,-3168,-182.963708152948,-432.45000000007104,-207.08111798656398,778.192646800765
9456,-2245.28450485149,0,0,-3171,153.572588700462,3.0522005480859996e-11,1.41176185600856e-11,772.1429064480051
9457,-1684.41909959569,0,0,-3174,85.036527996912,432.449999999954,207.081117986503,765.013254420942
9458,-1545.92552754589,0,0,-3177,-274.814561461641,749.0253717331419,400.04999999998495,756.8136621826241
9459,-1036.82858675119,0,0,-3180,-35.040319982764395,864.9,565.7561356273491,747.555597604227
9460,-1032.76156148943,0,0,-3183,-28.9458677167352,749.025371733165,692.9069255679269,737.2520089262109
9461,-1324.98517556919,0,0,-3186,-70.1897358320873,432.44999999999396,772.837253613884,725.917306649021
9462,-1384.29683130567,0,0,-3189,291.035825315533,7.712988634860759e-11,800.1,713.567343378717
9463,-2322.43560929031,0,0,-3192,-171.042254559807,-432.45000000003097,772.8372536138789,700.219391655651
9464,-2640.58120532157,0,0,-3195,-75.35487895364629,-749.025371733137,692.9069255679401,685.892119797277
9465,-2803.84163654273,0,0,-3198,22.6966620411041,-864.9,565.756135627367,670.605565788801
9466,-2791.79415345302,0,0,-3201,103.80010902187,-749.02537173317,400.050000000007,654.38110925827
9467,-2577.74296369111,0,0,-3204,214.384476747167,-432.450000000002,207.08111798652803,637.241441575202
9468,-2766.91662319928,0,0,-3207,-179.127157313974,1.1873713712776199e-11,-5.49205592646101e-12,619.210534114682
9469,-2377.4946309235397,0,0,-3210,6.822882331817911,432.449999999938,-207.08111798649503,600.3136047312
9470,-2472.38599590931,0,0,-3213,-188.938450131698,749.025371733182,-400.050000000017,580.577082489222
9471,-2544.8973165370603,0,0,-3216,-188.069751609459,864.9,-565.756135627343,560.028570699747
9472,-2639.8236123614997,0,0,-3219,-15.6388668413215,749.025371733175,-692.9069255679229,538.696808314568
9473,-3129.1296428631604,0,0,-3222,-83.3540189815617,432.45000000001096,-772.837253613882,516.611629732274
9474,-3778.9179805372205,0,0,-3225,-247.621903609333,-2.5495678287343e-12,-800.1,493.803923072117
9475,-3772.44798863803,0,0,-3228,190.53367800164798,-432.45000000001505,-772.8372536138811,470.305586974216
9476,-4260.04088797696,0,0,-3231,-33.2580766622814,-749.025371733128,-692.906925567945,446.149485986389
9477,-4301.74165905567,0,0,-3234,-58.4549280284453,-864.9,-565.7561356273729,421.369404600149
9478,-4009.2592902806605,0,0,-3237,-19.183918547468398,-749.025371733179,-400.050000000015,396.00000000000097
9479,-3439.50468551599,0,0,-3240,69.9496788782972,-432.450000000019,-207.081117986537,370.076753592268
9480,-2925.00079516632,0,0,-3243,-25.63671654742,-6.774578055307611e-12,-3.1335067071636096e-12,343.63592138110704
9481,-2411.34305726841,0,0,-3246,-121.588658516178,432.45000000000704,207.08111798653,316.714483261234
9482,-1793.2435776213397,0,0,-3249,17.3309593472959,749.025371733172,400.050000000009,289.350091298186
9483,-1472.2257420252802,0,0,-3252,87.53710527888991,864.9,565.756135627337,261.58101706849203
9484,-1618.15780690909,0,0,-3255,-38.5362023436341,749.0253717331841,692.906925567919,233.446098133438
9485,-1925.2901603620999,0,0,-3258,-77.5620976972047,432.450000000027,772.83725361388,204.98468372119598
9486,-2374.71400861311,0,0,-3261,-90.05058830652979,1.60987239393495e-11,800.1,176.236579693404
9487,-2825.87864193727,0,0,-3264,-49.507888424187,-432.449999999999,772.837253613884,147.24199287302798
9488,-3313.70248426164,0,0,-3267,-108.62551290792601,-749.0253717331681,692.906925567926,118.04147481152799
9489,-3492.10309170135,0,0,-3270,-11.6350924025161,-864.9,565.756135627347,88.6758650738204
9490,-3524.25218662359,0,0,-3273,38.53695098912279,-749.025371733189,400.05000000002195,59.1862341204516
9491,-3493.29680218443,0,0,-3276,-21.5417460377928,-432.450000000035,207.081117986545,29.6138258668509
9492,-3477.31105881539,0,0,-3279,-198.311058815374,-2.5422869823391398e-11,1.1759069340788199e-11,-1.5528528892078798e-12
9493,-3296.54798515663,0,0,-3282,-210.30304130325,432.449999999991,-207.08111798652197,-29.613825866848398
9494,-2953.39513031562,0,0,-3285,41.8157320716594,749.025371733163,-400.050000000002,-59.186234120443494
9495,-3326.7580531725503,0,0,-3288,-249.22605247140098,864.9,-565.756135627331,-88.6758650738179
9496,-3133.6166287131,0,0,-3291,219.306399933226,749.0253717331441,-692.906925567937,-118.04147481153099
9497,-3856.37504922938,0,0,-3294,-74.7458027425153,432.450000000043,-772.837253613878,-147.24199287302602
9498,-4186.37628177964,0,0,-3297,86.9602979137228,3.4747015707433396e-11,-800.1,-176.23657969340098
9499,-4930.803749176671,0,0,-3300,-220.531811841599,-432.449999999983,-772.837253613886,-204.984683721199
9500,-4901.109742538621,0,0,-3303,77.2686528959036,-749.025371733158,-692.906925567931,-233.446098133436
9501,-5046.66008358414,0,0,-3306,-48.42293088829351,-864.9,-565.7561356273529,-261.581017068489
9502,-4982.36905349471,0,0,-3309,-234.943590463302,-749.025371733198,-400.05000000002997,-289.350091298184
9503,-4382.199007418871,0,0,-3312,-113.953406171162,-432.449999999966,-207.081117986509,-316.714483261236
9504,-3564.56410265791,0,0,-3315,94.0718187232584,-4.407116159147529e-11,-2.03846319744129e-11,-343.635921381105
9505,-3144.5414088109696,0,0,-3318,-95.99577320519741,432.449999999975,207.08111798651402,-370.07675359226096
9506,-2436.6973394932697,0,0,-3321,131.227288773582,749.025371733154,400.049999999994,-395.99999999999903
9507,-2395.85819362655,0,0,-3324,-81.14492465376159,864.9,565.756135627357,-421.369404600147
9508,-2225.83336796426,0,0,-3327,105.383820721045,749.0253717331531,692.9069255679331,-446.14948598638705
9509,-2695.18380004108,0,0,-3330,-100.165466680803,432.450000000059,772.837253613875,-470.305586974214
9510,-3160.54362884035,0,0,-3333,-133.839705768182,-4.49324384699085e-11,800.1,-493.803923072119
9511,-3541.6655094628495,0,0,-3336,-29.441133344497498,-432.44999999996696,772.8372536138879,-516.611629732272
9512,-4125.51561237158,0,0,-3339,-191.700357891804,-749.025371733149,692.906925567935,-538.6968083145659
9513,-4358.7077812608795,0,0,-3342,-157.535346188498,-864.9,565.7561356273599,-560.028570699745
9514,-4342.75330841325,0,0,-3345,-68.2008541908641,-749.025371733158,400.049999999998,-580.577082489224
9515,-4379.11532950998,0,0,-3348,-205.432842765316,-432.44999999998197,207.081117986518,-600.313604731198
9516,-4177.26305590322,0,0,-3351,-207.052521788511,-6.271945335955909e-11,2.90101946080375e-11,-619.210534114677
9517,-3825.94531876617,0,0,-3354,-60.0727592044208,432.449999999959,-207.081117986505,-637.2414415751999
9518,-3675.3091488124796,0,0,-3357,-12.9034112873663,749.0253717331441,-400.04999999998705,-654.381109258268
9519,-3660.9089799065996,0,0,-3360,70.552721509546,864.9,-565.756135627351,-670.6055657887999
9520,-4081.4488426562298,0,0,-3363,-88.67516902418791,749.025371733163,-692.906925567929,-685.892119797273
9521,-4509.55715885654,0,0,-3366,-102.95051358699,432.44999999999,-772.8372536138851,-700.219391655652
9522,-4807.38030522198,0,0,-3369,75.287038156765,-2.62841467018247e-11,-800.1,-713.5673433787159
9523,-5048.21748464879,0,0,-3372,254.987075614072,-432.44999999995,-772.8372536138901,-725.9173066490201
9524,-5534.6212540592605,0,0,-3375,19.563052168033302,-749.0253717331401,-692.906925567939,-737.25200892621
9525,-5819.89384777308,0,0,-3378,-263.68211454148997,-864.9,-565.756135627366,-747.5555976042281
9526,-5188.54616449053,0,0,-3381,98.34286942526859,-749.0253717331669,-400.050000000005,-756.813662182623
9527,-4960.3841215542,0,0,-3384,-171.83974914673598,-432.449999999998,-207.08111798652598,-765.013254420941
9528,-3995.9710099747704,0,0,-3387,163.171896473352,-8.136774512764291e-11,-3.76357572416621e-11,-772.1429064480039
9529,-3536.4060329397203,0,0,-3390,-7.744504125527969,432.450000000028,207.081117986541,-778.192646800764
9530,-2851.86227832895,0,0,-3393,175.21636430823798,749.0253717331351,400.04999999997904,-783.154014370302
9531,-2745.70048185383,0,0,-3396,6.66345275427291,864.9,565.756135627345,-787.020070235448
9532,-2849.0736569548103,0,0,-3399,-102.22054688841499,749.025371733172,692.9069255679241,-789.7854073674949
9533,-3036.25364225172,0,0,-3402,-48.09473767319471,432.450000000006,772.837253613883,-791.446158192412
9534,-3568.23803908026,0,0,-3405,-171.338039080256,-7.63585493374086e-12,800.1,-792.0
9535,-3995.80335540849,0,0,-3408,-136.744450830035,-432.449999999934,772.8372536138929,-791.446158192412
9536,-4352.30776261925,0,0,-3411,-95.40390908649469,-749.0253717331799,692.906925567921,-789.785407367494
9537,-4310.85669055376,0,0,-3414,189.307244054316,-864.9,565.756135627372,-787.020070235448
9538,-4422.20034441331,0,0,-3417,126.929041690161,-749.025371733177,400.050000000013,-783.154014370302
9539,-4245.88348190346,0,0,-3420,177.678046910787,-432.45000000001403,207.081117986534,-778.192646800764
9540,-4200.72230595526,0,0,-3423,-5.57939950725127,-1.6882909503010501e-12,7.80900444754232e-13,-772.1429064480039
9541,-4117.42424849087,0,0,-3426,-151.77987608340598,432.45000000001096,-207.081117986533,-765.013254420942
9542,-3944.3717197516,0,0,-3429,-107.53342930212601,749.0253717331261,-400.049999999972,-756.813662182625
9543,-3849.2357455906103,0,0,-3432,31.175987640988804,864.9,-565.756135627371,-747.5555976042281
9544,-4117.188432345511,0,0,-3435,-1.05486958455759,749.025371733181,-692.9069255679201,-737.25200892621
9545,-4533.67816013382,0,0,-3438,-29.373599870943497,432.450000000022,-772.83725361388,-725.9173066490221
9546,-5018.54680926602,0,0,-3441,-63.879465887312605,1.1012436834343e-11,-800.1,-713.567343378718
9547,-5261.88739460402,0,0,-3444,87.6192506655188,-432.450000000003,-772.837253613883,-700.21939165565
9548,-5530.18869033557,0,0,-3447,44.6357267628057,-749.02537173317,-692.906925567925,-685.892119797276
9549,-5634.33971048178,0,0,-3450,-83.0780090655998,-864.9,-565.7561356273781,-670.605565788803
9550,-5233.35136501982,0,0,-3453,23.1051159716526,-749.025371733186,-400.05000000001996,-654.381109258268
9551,-4868.94576341975,0,0,-3456,-136.173203857979,-432.45000000003,-207.081117986543,-637.2414415751999
9552,-4194.19669056436,0,0,-3459,-115.98615644964701,-2.0336582718384896e-11,-9.40646307837885e-12,-619.21053411468
9553,-3531.39902405791,0,0,-3462,-108.61653731323,432.449999999995,207.08111798652402,-600.313604731202
9554,-2757.59634441216,0,0,-3465,138.905366343897,749.025371733166,400.050000000004,-580.577082489224
9555,-2603.9447127751,0,0,-3468,-6.5722777027238894,864.9,565.756135627365,-560.028570699745
9556,-2289.29743161131,0,0,-3471,278.467079402154,749.025371733191,692.906925567916,-538.69680831457
9557,-2881.70887114434,0,0,-3474,-96.3844950259837,432.450000000038,772.837253613878,-516.611629732276
9558,-3220.70135517017,0,0,-3477,-49.997432098085696,2.9660728602426804e-11,800.1,-493.803923072115
9559,-3484.85118607266,0,0,-3480,125.067147287657,-432.449999999987,772.8372536138851,-470.30558697421304
9560,-4066.2844125011297,0,0,-3483,-81.0164803495027,-749.025371733161,692.906925567929,-446.14948598639097
9561,-4306.426433305171,0,0,-3486,-99.9131643324078,-864.9,565.7561356273841,-421.369404600147
9562,-4287.39685423971,0,0,-3489,-53.421482506550596,-749.025371733146,400.049999999988,-395.999999999998
9563,-4223.31996239795,0,0,-3492,-135.87432679218398,-432.450000000047,207.08111798655102,-370.076753592266
9564,-3588.33111237017,0,0,-3495,250.304809010957,-3.8984874486468705e-11,1.80320257120035e-11,-343.63592138111
9565,-3443.8617280062,0,0,-3498,145.483873241578,432.449999999979,-207.081117986516,-316.714483261236
9566,-3359.51337876291,0,0,-3501,81.8613408021129,749.025371733156,-400.04999999999603,-289.350091298184
9567,-3405.00062667072,0,0,-3504,61.4365260251345,864.9,-565.756135627359,-261.581017068494
9568,-3726.48427344406,0,0,-3507,-42.156621475912104,749.0253717332,-692.9069255679111,-233.446098133441
9569,-3965.8037459916,0,0,-3510,89.5681913435157,432.44999999997003,-772.8372536138879,-204.984683721199
9570,-4495.11438661943,0,0,-3513,-5.777806926078969,4.83090203705106e-11,-800.1,-176.23657969340098
9571,-4988.79584463533,0,0,-3516,-120.266598148437,-432.449999999971,-772.8372536138879,-147.241992873031
9572,-5277.15790741197,0,0,-3519,-198.18413529934398,-749.025371733152,-692.906925567934,-118.041474811536
9573,-4911.94859220406,0,0,-3522,129.383408497119,-864.9,-565.756135627358,-88.6758650738177
9574,-4769.19415504067,0,0,-3525,-35.93254918707179,-749.0253717331551,-400.04999999999603,-59.186234120448894
9575,-4506.98467647729,0,0,-3528,-309.83973262381903,-432.450000000063,-207.08111798655898,-29.6138258668538
9576,-3522.35851305386,0,0,-3531,8.64148694607842,4.069457969087321e-11,1.88228310849044e-11,-1.3578883708945902e-12
9577,-2739.32685882981,0,0,-3534,125.528197316871,432.449999999963,207.081117986508,29.6138258668511
9578,-2513.3052476774,0,0,-3537,-184.566853530984,749.0253717331469,400.04999999998904,59.18623412044621
9579,-2136.65348929137,0,0,-3540,-115.985489992537,864.9,565.756135627352,88.675865073815
9580,-1912.75913613131,0,0,-3543,70.2670917560707,749.0253717331599,692.90692556793,118.04147481152799
9581,-2168.24874885277,0,0,-3546,25.2220046603284,432.44999999998595,772.837253613886,147.241992873029
9582,-2613.97475644443,0,0,-3549,-41.3113361378971,6.69573121385945e-11,800.1,176.23657969339803
9583,-3057.52330828609,0,0,-3552,-50.89524562121671,-432.44999999995497,772.8372536138901,204.98468372119098
9584,-3376.4883940981,0,0,-3555,1.18395393366698,-749.0253717331419,692.906925567938,233.446098133438
9585,-3568.08290805067,0,0,-3558,27.4799392534744,-864.9,565.756135627364,261.58101706849203
9586,-3460.5454375565196,0,0,-3561,160.079842878459,-749.025371733165,400.05000000000297,289.350091298181
9587,-3530.4036663935,0,0,-3564,-57.749267641262996,-432.44999999999396,207.08111798652402,316.714483261234
9588,-3196.6047120267103,0,0,-3567,26.759366592167,2.20462879227893e-11,-1.0197268451279801e-11,343.63592138110704
9589,-2866.46508360784,0,0,-3570,108.08928078645201,432.44999999994695,-207.08111798649898,370.076753592264
9590,-2886.8822678249103,0,0,-3573,-58.8576395580667,749.025371733138,-400.049999999981,395.999999999996
9591,-3148.69678741605,0,0,-3576,-293.210056388844,864.9,-565.756135627346,421.36940460014506
9592,-3046.61287496864,0,0,-3579,30.119192879731003,749.025371733169,-692.906925567925,446.149485986389
9593,-3304.3612898232395,0,0,-3582,147.720376816433,432.450000000002,-772.837253613883,470.305586974211
9594,-3824.7053418922496,0,0,-3585,66.5907350355559,8.56056039066783e-11,-800.1,493.80392307211304
9595,-4180.40032058909,0,0,-3588,96.2753032925433,-432.45000000002403,-772.83725361388,516.6116297322701
9596,-4507.23115504481,0,0,-3591,-12.995666058298,-749.0253717331329,-692.906925567942,538.696808314568
9597,-4442.80930802588,0,0,-3594,21.8182569017453,-864.9,-565.75613562737,560.028570699743
9598,-4181.8622685009295,0,0,-3597,-16.3639792569656,-749.025371733174,-400.05000000001,580.577082489222
9599,-3531.6116950823402,0,0,-3600,107.60581817299999,-432.45000000001,-207.08111798653198,600.3136047312
9600,-3127.69973391008,0,0,-3603,-143.91026802476298,3.39799615470551e-12,1.57170581765515e-12,619.210534114679
9601,-2291.92953137485,0,0,-3606,37.2979090635297,432.44999999993104,207.08111798649102,637.241441575199
9602,-2070.09495195946,0,0,-3609,-264.55143295091597,749.025371733177,400.050000000013,654.381109258267
9603,-1638.39083823586,0,0,-3612,-127.652539652003,864.9,565.75613562734,670.605565788801
9604,-1223.48934496165,0,0,-3615,263.686237939978,749.025371733179,692.906925567921,685.8921197972741
9605,-1775.3783493953101,0,0,-3618,-62.8849946648559,432.450000000018,772.8372536138811,700.219391655648
9606,-2208.99027893739,0,0,-3621,-101.657622316112,5.9261497293364e-12,800.1,713.567343378715
9607,-2466.53132479267,0,0,-3624,91.16411494443621,-432.450000000008,772.837253613882,725.917306649021
9608,-3045.15600568623,0,0,-3627,-99.28956844725691,-749.025371733124,692.9069255679469,737.252008926209
9609,-2995.69022629042,0,0,-3630,185.898040478008,-864.9,565.756135627344,747.555597604227
9610,-3429.6276654671697,0,0,-3633,-204.46595591662498,-749.025371733183,400.05000000001803,756.8136621826241
9611,-3262.0909952853003,0,0,-3636,-165.735367692756,-432.450000000026,207.08111798654,765.013254420942
9612,-3044.67631584091,0,0,-3639,-177.819222288904,-1.52502956133783e-11,7.05385681596947e-12,772.1429064480029
9613,-2658.2982998010298,0,0,-3642,-19.859828615271002,432.45,-207.08111798652698,778.192646800764
9614,-2481.84989078576,0,0,-3645,31.0207231107801,749.0253717331681,-400.05000000000604,783.154014370302
9615,-2790.9060557518396,0,0,-3648,-229.069990359951,864.9,-565.756135627334,787.020070235448
9616,-2881.59766762366,0,0,-3651,-76.5015211564275,749.025371733188,-692.906925567917,789.785407367494
9617,-3117.9844212068897,0,0,-3654,84.9566742145463,432.45000000003404,-772.8372536138789,791.446158192412
9618,-3658.25053114563,0,0,-3657,6.84946885434106,2.45744414974202e-11,-800.1,792.0
9619,-4090.7989889741207,0,0,-3660,-16.9578935526527,-432.449999999992,-772.8372536138851,791.446158192412
9620,-4293.91670760133,0,0,-3663,21.2301823322684,-749.0253717331641,-692.906925567928,789.7854073674949
9621,-4468.55147925914,0,0,-3666,-158.915413867237,-864.9,-565.75613562735,787.0200702354491
9622,-4005.1244112088793,0,0,-3669,29.796946154035503,-749.0253717331931,-400.050000000025,783.154014370302
9623,-3260.8399737226896,0,0,-3672,272.498497463133,-432.45000000004205,-207.081117986549,778.192646800765
9624,-2764.01676960805,0,0,-3675,138.840323943998,-3.38985873814621e-11,-1.56794194495941e-11,772.1429064480051
9625,-2421.72226814991,0,0,-3678,-148.266640557358,432.449999999983,207.081117986518,765.013254420942
9626,-1729.63076705009,0,0,-3681,45.4801990341255,749.025371733159,400.049999999998,756.8136621826241
9627,-1576.8594877043301,0,0,-3684,-71.0712209359178,864.9,565.7561356273599,747.555597604227
9628,-1439.42379436425,0,0,-3687,68.3918994084591,749.0253717331481,692.906925567935,737.2520089262109
9629,-1549.8937231436903,0,0,-3690,208.901716593363,432.45000000004995,772.8372536138769,725.917306649021
9630,-2237.19745175964,0,0,-3693,-57.8647951383986,4.3222733265504105e-11,800.1,713.567343378717
9631,-2546.47693391798,0,0,-3696,108.916420812459,-432.449999999975,772.837253613887,700.219391655651
9632,-3116.70352516038,0,0,-3699,-47.477198792437704,-749.025371733154,692.9069255679319,685.892119797277
9633,-3088.4839231279198,0,0,-3702,242.054375455922,-864.9,565.756135627356,670.605565788801
9634,-3483.8228046645695,0,0,-3705,-84.2285421896712,-749.0253717332021,400.05000000003304,654.38110925827
9635,-3347.5485980011103,0,0,-3708,-51.4211575628531,-432.449999999973,207.081117986513,637.241441575202
9636,-3131.12705206954,0,0,-3711,-39.3375861841956,-5.2546879149546e-11,2.43049820832187e-11,619.210534114679
9637,-2794.2054310399894,0,0,-3714,94.1120822153489,432.44999999996696,-207.08111798651,600.3136047312
9638,-2746.39736837885,0,0,-3717,41.0501773987661,749.02537173315,-400.049999999991,580.577082489222
9639,-2762.5570506558697,0,0,-3720,98.2705142717412,864.9,-565.756135627354,560.028570699747
9640,-2991.22462301525,0,0,-3723,136.960122504958,749.025371733158,-692.906925567931,538.696808314568
9641,-3606.5123939166206,0,0,-3726,-56.7367700350826,432.450000000066,-772.837253613874,516.611629732274
9642,-3976.71494808826,0,0,-3729,58.5811288396603,-3.6456720911837795e-11,-800.1,493.803923072117
9643,-4647.6785747453705,0,0,-3732,-180.69690810574198,-432.449999999959,-772.8372536138891,470.305586974216
9644,-4778.31649087124,0,0,-3735,-47.5336795565516,-749.025371733145,-692.906925567937,446.149485986389
9645,-4647.91124203788,0,0,-3738,99.37548898933778,-864.9,-565.756135627362,421.36940460015
9646,-4506.72073410475,0,0,-3741,-12.645362371589501,-749.0253717331619,-400.050000000001,396.00000000000097
9647,-3832.24777084677,0,0,-3744,181.206593547468,-432.449999999989,-207.081117986521,370.076753592269
9648,-3600.93046603999,0,0,-3747,-197.56638742099,-7.11951709176298e-11,-3.29305447168433e-11,343.63592138110704
9649,-2750.13248469797,0,0,-3750,43.6219140542093,432.450000000036,207.081117986546,316.714483261234
9650,-2261.1803104298897,0,0,-3753,53.3942265388,749.0253717331401,400.04999999998296,289.350091298187
9651,-1858.91397524488,0,0,-3756,204.848872059284,864.9,565.756135627348,261.58101706849203
9652,-2133.49058957041,0,0,-3759,-49.8689850049382,749.0253717331669,692.9069255679269,233.446098133438
9653,-2316.54351925508,0,0,-3762,35.184543409843,432.44999999999703,772.837253613884,204.98468372119598
9654,-2706.61239008035,0,0,-3765,82.0510302262683,-1.7808429143754e-11,800.1,176.236579693404
9655,-3347.59324184827,0,0,-3768,-67.222488335245,-432.44999999994303,772.837253613891,147.241992873029
9656,-3757.866769116,0,0,-3771,-48.78979776234179,-749.025371733136,692.906925567941,118.04147481153299
9657,-4093.8658276190204,0,0,-3774,-109.397828320213,-864.9,565.756135627369,88.67586507382059
9658,-4139.00311396767,0,0,-3777,-72.2139763549588,-749.025371733172,400.050000000009,59.18623412045179
9659,-4034.04669286519,0,0,-3780,-58.291636718568604,-432.450000000006,207.08111798653,29.6138258668511
9660,-3754.16892690435,0,0,-3783,28.831073095643102,8.484283259712071e-12,-3.9243120800645295e-12,-1.35886883622294e-12
9661,-3693.7623115761,0,0,-3786,-103.517367722737,432.45000000002,-207.081117986537,-29.613825866848195
9662,-3245.37925392359,0,0,-3789,253.83160846369998,749.0253717331309,-400.04999999997597,-59.186234120448894
9663,-3460.2784226858503,0,0,-3792,121.25357801530501,864.9,-565.756135627342,-88.6758650738177
9664,-3855.8858408309497,0,0,-3795,1.03718781533061,749.0253717331759,-692.906925567922,-118.04147481153099
9665,-4402.01581813957,0,0,-3798,-116.386571652672,432.45000000001403,-772.837253613882,-147.24199287302602
9666,-4835.13581409633,0,0,-3801,-57.7992344029268,8.39862624329843e-13,-800.1,-176.23657969340098
9667,-5107.75854472464,0,0,-3804,106.51339261036999,-432.449999999927,-772.8372536138941,-204.98468372119302
9668,-5498.46600012855,0,0,-3807,-16.087604694014303,-749.025371733175,-692.9069255679229,-233.446098133436
9669,-5680.005970507211,0,0,-3810,-177.76881781134202,-864.9,-565.756135627375,-261.581017068489
9670,-5438.0154405416,0,0,-3813,-186.589977510219,-749.025371733181,-400.05000000001604,-289.350091298184
9671,-4845.859648621,0,0,-3816,-73.6140473732028,-432.450000000022,-207.081117986538,-316.714483261236
9672,-3963.9795118947204,0,0,-3819,198.65640948640302,-1.01640085083718e-11,-4.7012505535600895e-12,-343.635921381105
9673,-3771.5489852609294,0,0,-3822,-219.0033496552,432.45000000000397,207.081117986529,-370.07675359226096
9674,-2790.01958624911,0,0,-3825,281.905042017799,749.0253717331219,400.049999999968,-395.999999999998
9675,-2872.2569125425503,0,0,-3828,-53.5436435697724,864.9,565.756135627368,-421.369404600147
9676,-2947.90779083345,0,0,-3831,-112.690602148169,749.025371733185,692.9069255679179,-446.14948598638705
9677,-3017.0173500598303,0,0,-3834,82.0009833004745,432.45000000003,772.8372536138789,-470.30558697421304
9678,-3644.0430594528707,0,0,-3837,-113.33913638077298,1.94881543924137e-11,800.1,-493.803923072115
9679,-3965.8150330102003,0,0,-3840,50.4093431081837,-432.449999999996,772.837253613884,-516.611629732272
9680,-4479.24719208106,0,0,-3843,-41.4319376012594,-749.025371733166,692.9069255679269,-538.6968083145659
9681,-4571.22710562444,0,0,-3846,133.94532944792,-864.9,565.756135627381,-560.028570699745
9682,-4624.24235066189,0,0,-3849,154.310103560491,-749.025371733141,400.049999999984,-580.577082489224
9683,-4500.5083111817,0,0,-3852,177.174175562985,-432.450000000038,207.081117986546,-600.313604731198
9684,-4548.76002299317,0,0,-3855,-74.54948887847671,-2.8812300276455605e-11,1.33268131871847e-11,-619.210534114677
9685,-4231.05995912995,0,0,-3858,38.812600431782606,432.449999999988,-207.081117986521,-637.2414415751999
9686,-4101.258644124389,0,0,-3861,65.147093400719,749.025371733161,-400.05,-654.381109258268
9687,-4381.531158603771,0,0,-3864,-146.069457187605,864.9,-565.756135627362,-670.6055657887999
9688,-4698.36070486579,0,0,-3867,-201.58703123379,749.025371733195,-692.906925567914,-685.892119797276
9689,-4922.78732046816,0,0,-3870,-12.1806751986834,432.45000000004603,-772.8372536138769,-700.21939165565
9690,-5273.58757709904,0,0,-3873,113.079766279643,3.81364461604975e-11,-800.1,-713.5673433787159
9691,-6166.081497069661,0,0,-3876,-358.87693680677694,-432.44999999998004,-772.837253613886,-725.9173066490201
9692,-6060.830474331629,0,0,-3879,-2.6461681043297998,-749.025371733157,-692.906925567931,-737.25200892621
9693,-6181.925531612529,0,0,-3882,-121.713798380951,-864.9,-565.756135627355,-747.5555976042281
9694,-5776.450379961861,0,0,-3885,14.4386539539069,-749.02537173315,-400.049999999992,-756.813662182623
9695,-5311.75425281176,0,0,-3888,-19.2098804042135,-432.450000000054,-207.08111798655497,-765.013254420941
9696,-4786.52022718861,0,0,-3891,-123.377320740532,-4.74605920445394e-11,-2.19523758208093e-11,-772.1429064480039
9697,-4228.556412090829,0,0,-3894,-195.894883276552,432.449999999972,207.081117986512,-778.192646800764
9698,-3686.03149325734,0,0,-3897,-154.952850620179,749.025371733152,400.04999999999296,-783.154014370302
9699,-3228.8048230367604,0,0,-3900,27.5591115713291,864.9,565.756135627356,-787.020070235448
9700,-3377.06984249772,0,0,-3903,-126.216732431343,749.025371733204,692.906925567909,-789.785407367494
9701,-3390.77192109609,0,0,-3906,101.386983482453,432.449999999977,772.837253613887,-791.446158192412
9702,-4092.2299884704103,0,0,-3909,-191.32998847047,5.6784737928581295e-11,800.1,-792.0
9703,-4095.5866028770292,0,0,-3912,267.472301701452,-432.449999999964,772.8372536138891,-791.446158192412
9704,-4788.45186873514,0,0,-3915,-27.548015202438197,-749.0253717331469,692.9069255679359,-789.7854073674949
9705,-4835.0089216447905,0,0,-3918,169.155012963295,-864.9,565.756135627361,-787.020070235448
9706,-5194.25964414149,0,0,-3921,-141.130258038024,-749.0253717331599,400.049999999999,-783.154014370302
9707,-5010.74959047229,0,0,-3924,-83.1880616580203,-432.45000000007,207.081117986563,-778.192646800764
9708,-4671.31969109913,0,0,-3927,27.8232153488579,3.22188621328025e-11,-1.49024809760985e-11,-772.1429064480039
9709,-4385.630417602871,0,0,-3930,84.0139548046214,432.449999999956,-207.08111798650398,-765.013254420944
9710,-4480.7800679927295,0,0,-3933,-139.941777543261,749.0253717331431,-400.04999999998495,-756.813662182625
9711,-4516.28038421784,0,0,-3936,-131.86865098626498,864.9,-565.75613562735,-747.555597604226
9712,-4513.370878103379,0,0,-3939,106.762684657519,749.025371733214,-692.906925567905,-737.252008926212
9713,-4844.51519139026,0,0,-3942,163.789368872649,432.449999999993,-772.8372536138851,-725.9173066490221
9714,-5346.3388911131,0,0,-3945,112.328452265644,-2.28947162487605e-11,-800.1,-713.5673433787159
9715,-5840.4639687894205,0,0,-3948,13.042676480071002,-432.44999999994695,-772.837253613891,-700.219391655652
9716,-6037.93983972878,0,0,-3951,40.8845773695743,-749.025371733138,-692.9069255679401,-685.892119797276
9717,-6121.8342808894395,0,0,-3954,-66.5725794733006,-864.9,-565.756135627335,-670.6055657887999
9718,-5918.1721381765,0,0,-3957,-157.71565718505198,-749.025371733169,-400.05000000000604,-654.381109258268
9719,-5199.59391767937,0,0,-3960,37.1786418823632,-432.450000000001,-207.08111798652698,-637.2414415751999
9720,-4461.43034968769,0,0,-3963,120.780184427113,-8.47571755807071e-11,-3.92035010880586e-11,-619.210534114684
9721,-3823.8525408201504,0,0,-3966,102.929945924619,432.44999999993894,207.081117986496,-600.313604731202
9722,-3493.63669526942,0,0,-3969,-93.13498451339659,749.025371733183,400.050000000017,-580.577082489224
9723,-2863.05811980932,0,0,-3972,238.314315263087,864.9,565.756135627344,-560.028570699749
9724,-5169.15664473415,1,0,-3975,-195.4893703503,749.025371733174,692.9069255679241,-538.69680831457
9725,-3335.2223215547697,0,0,-3978,-45.8979454363884,432.450000000009,772.837253613882,-516.611629732272
9726,-3516.7029066036102,0,0,-3981,158.001016468412,9.408132146474899e-11,800.1,-493.803923072119
9727,-4150.17084463234,0,0,-3984,-36.2525112719895,-432.45000000001704,772.8372536138811,-470.305586974214
9728,-4547.0005222462605,0,0,-3987,-57.7325900946202,-749.025371733178,692.906925567922,-446.14948598638705
9729,-4886.32204609037,0,0,-3990,-175.808777117601,-864.9,565.7561356273729,-421.369404600147
9730,-4782.69734951309,0,0,-3993,-44.7219777799276,-749.025371733178,400.05000000001405,-395.99999999999903
9731,-4506.06189783904,0,0,-3996,85.3837377667568,-432.450000000102,207.08111798658,-370.07675359227096
9732,-4298.24914549864,0,0,-3999,44.38677588246839,-5.0777214033652e-12,2.34864429115071e-12,-343.63592138111
9733,-4123.09852130183,0,0,-4002,-29.7529200540687,432.450000000008,-207.08111798653098,-316.714483261236
9734,-3963.4934867637,0,0,-4005,-18.118767198663498,749.025371733124,-400.049999999971,-289.350091298189
9735,-4107.50076469596,0,0,-4008,-137.06361200012898,864.9,-565.756135627337,-261.581017068494
9736,-4351.7735376092205,0,0,-4011,-163.445885640972,749.025371733134,-692.906925567942,-233.446098133436
9737,-4550.80453308055,0,0,-4014,8.5674042545004,432.450000000025,-772.83725361388,-204.984683721199
9738,-4796.16098909974,0,0,-4017,197.175590593648,1.44018672874071e-11,-800.1,-176.23657969340098
9739,-5334.02907602136,0,0,-4020,38.5001704655498,-432.45,-772.837253613883,-147.24199287302602
9740,-5740.15547799066,0,0,-4023,-157.181705878066,-749.0253717331191,-692.9069255679491,-118.04147481153099
9741,-5501.19230773783,0,0,-4026,44.1396929633395,-864.9,-565.756135627347,-88.6758650738179
9742,-5080.42104732183,0,0,-4029,156.840558531833,-749.025371733188,-400.050000000021,-59.1862341204547
9743,-4428.6070608715,0,0,-4032,272.537882981935,-432.450000000033,-207.081117986544,-29.613825866854
9744,-4031.8412184661206,0,0,-4035,3.15878153391215,-2.3726013171449002e-11,-1.09742069247753e-11,-1.55187242387953e-12
9745,-3406.0005020334697,0,0,-4038,-37.14544588669921,432.449999999907,207.081117986479,29.613825866845303
9746,-2884.64963362711,0,0,-4041,-51.91123948072471,749.0253717331641,400.050000000002,59.186234120445995
9747,-2454.68127790599,0,0,-4044,69.9867213928214,864.9,565.756135627364,88.6758650738204
9748,-2368.51967062615,0,0,-4047,118.506557261215,749.025371733192,692.9069255679151,118.04147481152799
9749,-2617.6480479123397,0,0,-4050,79.82270560070751,432.450000000041,772.837253613878,147.24199287302798
9750,-2864.59667218205,0,0,-4053,212.06674812461497,-6.52775868899348e-11,800.1,176.236579693404
9751,-3438.59001229502,0,0,-4056,72.0380503698892,-432.44999999998396,772.837253613886,204.98468372119098
9752,-4057.0832874682897,0,0,-4059,-175.41093943649398,-749.025371733159,692.90692556793,233.446098133438
9753,-4075.4833538110997,0,0,-4062,24.0794934930301,-864.9,565.756135627385,261.581017068486
9754,-4070.05406035714,0,0,-4065,54.5712200778472,-749.0253717331971,400.050000000029,289.350091298181
9755,-3868.27419022599,0,0,-4068,108.380208526233,-432.449999999964,207.081117986508,316.714483261234
9756,-3564.63688554026,0,0,-4071,162.727193078664,-4.23743049395329e-11,1.95997695584e-11,343.635921381102
9757,-3645.6164620524896,0,0,-4074,-167.062097658214,432.44999999997594,-207.081117986515,370.076753592264
9758,-3416.49009286857,0,0,-4077,-84.46546460172641,749.0253717331551,-400.04999999999495,396.00000000000097
9759,-3267.63496270115,0,0,-4080,91.85176832602899,864.9,-565.756135627325,421.36940460014506
9760,-3619.16038834986,0,0,-4083,-38.4283205014644,749.025371733152,-692.9069255679331,446.149485986389
9761,-3899.82973185595,0,0,-4086,56.2519347837487,432.449999999972,-772.837253613887,470.305586974216
9762,-4352.87583973899,0,0,-4089,42.4202371888463,5.16984508235748e-11,-800.1,493.80392307211196
9763,-4940.51249471846,0,0,-4092,-159.836870836876,-432.44999999996804,-772.8372536138879,516.611629732274
9764,-4910.36070403502,0,0,-4095,87.8747849514784,-749.025371733101,-692.906925567957,538.696808314564
9765,-4945.91872983411,0,0,-4098,22.7088350935044,-864.9,-565.756135627359,560.028570699743
9766,-4690.1040416961,0,0,-4101,-20.605752452168602,-749.025371733157,-400.049999999997,580.577082489222
9767,-4121.8704375752,0,0,-4104,21.3470756802263,-432.450000000066,-207.08111798656103,600.3136047311959
9768,-3444.2656700144703,0,0,-4107,43.523795870939296,-6.10225967076167e-11,-2.8225332192024602e-11,619.210534114679
9769,-878.9620590439321,1,0,-4110,52.3626180238926,432.450000000045,207.08111798655,637.241441575202
9770,-2277.60582557143,0,0,-4113,31.937693437165898,749.025371733145,400.04999999998705,654.381109258267
9771,-2141.70238391742,0,0,-4116,-126.964085333574,864.9,565.756135627351,670.605565788801
9772,-2126.62005199963,0,0,-4119,-135.44446909799998,749.0253717331619,692.906925567929,685.892119797277
9773,-2252.43384696767,0,0,-4122,-35.9404922372675,432.450000000074,772.837253613873,700.219391655648
9774,-2723.72780521699,0,0,-4125,-112.395148595681,-2.7981003353767102e-11,800.1,713.567343378715
9775,-2868.89352753075,0,0,-4128,192.801912206293,-432.449999999952,772.8372536138901,725.917306649019
9776,-3327.66323867487,0,0,-4131,122.203198564128,-749.025371733141,692.906925567939,737.252008926209
9777,-3553.7288187725,0,0,-4134,131.859447995903,-864.9,565.756135627365,747.555597604227
9778,-3615.3801950578204,0,0,-4137,113.781514492731,-749.0253717332159,400.050000000044,756.8136621826221
9779,-3552.45139504068,0,0,-4140,47.9042325518496,-432.44999999999703,207.08111798652502,765.013254420942
9780,-3306.28862770138,0,0,-4143,64.5684658506037,1.8656857469725198e-11,-8.6295246048833e-12,772.1429064480051
9781,-3079.75097304002,0,0,-4146,62.687498145772494,432.449999999944,-207.081117986498,778.192646800764
9782,-3064.08490996695,0,0,-4149,-47.2142960704127,749.025371733136,-400.04999999998,783.154014370302
9783,-3150.0191693652696,0,0,-4152,-84.18310397333771,864.9,-565.756135627377,787.0200702354491
9784,-3349.83184190469,0,0,-4155,-40.7356954374338,749.0253717331709,-692.906925567925,789.785407367494
9785,-3668.87250420315,0,0,-4158,38.0685912183168,432.45000000000505,-772.837253613883,791.446158192412
9786,-4097.9426781803,0,0,-4161,71.15732181961141,8.89950343597424e-11,-800.1,792.0
9787,-4507.80332521298,0,0,-4164,70.0377702084337,-432.449999999936,-772.837253613892,791.446158192412
9788,-4727.96361084067,0,0,-4167,91.1832790929347,-749.0253717331799,-692.9069255679201,789.7854073674949
9789,-4938.52468033367,0,0,-4170,-124.888614941748,-864.9,-565.756135627371,787.0200702354491
9790,-4480.17081196411,0,0,-4173,58.75054539877561,-749.0253717331759,-400.050000000012,783.154014370302
9791,-4100.652990099779,0,0,-4176,-63.314518914001894,-432.45000000001295,-207.081117986534,778.192646800764
9792,-3526.01703618432,0,0,-4179,-119.159942632183,-9.83191802437843e-11,-4.5476457459273796e-11,772.1429064480051
9793,-2832.08100088609,0,0,-4182,-54.625373293581895,432.45000000001295,207.081117986534,765.013254420942
9794,-2317.1746952894,0,0,-4185,-38.0637292052129,749.0253717331759,400.050000000012,756.8136621826221
9795,-1872.8384100016,0,0,-4188,136.949856766833,864.9,565.7561356273391,747.555597604229
9796,-1980.10804450462,0,0,-4191,31.7076492680671,749.0253717331799,692.9069255679201,737.2520089262109
9797,-2095.05522563855,0,0,-4194,167.74021409845,432.45000000010594,772.837253613869,725.917306649023
9798,-2826.0881426583696,0,0,-4197,-142.755486037098,9.315580182400551e-12,800.1,713.567343378717
9799,-3138.76981877786,0,0,-4200,20.623535952613498,-432.45000000000505,772.837253613883,700.219391655651
9800,-3455.9492985493603,0,0,-4203,117.277027818535,-749.0253717331219,692.9069255679469,685.892119797277
9801,-3863.50975587747,0,0,-4206,-28.971457293645397,-864.9,565.756135627377,670.605565788802
9802,-3956.11792640392,0,0,-4209,-52.52366392902721,-749.025371733136,400.04999999998,654.381109258267
9803,-3908.3970153663795,0,0,-4212,-108.269574928102,-432.450000000029,207.081117986542,637.241441575205
9804,-3560.38887989735,0,0,-4215,35.4005859879774,-1.86397260664425e-11,8.62160066236595e-12,619.210534114679
9805,-3418.08902828593,0,0,-4218,-25.771515030596298,432.44999999999703,-207.08111798652502,600.3136047311959
9806,-3323.8727346259398,0,0,-4221,-32.4251888483137,749.025371733117,-400.049999999965,580.577082489226
9807,-3394.0509823764,0,0,-4224,-29.223417448786,864.9,-565.756135627365,560.028570699747
9808,-3471.86919872138,0,0,-4227,160.315546798774,749.02537173319,-692.906925567916,538.696808314572
9809,-4026.44827172925,0,0,-4230,27.3273521523208,432.450000000037,-772.837253613878,516.611629732274
9810,-4455.39657622532,0,0,-4233,83.8995007025336,2.79638719504844e-11,-800.1,493.803923072117
9811,-4933.85230597178,0,0,-4236,37.1293606678094,-432.449999999903,-772.8372536138969,470.305586974216
9812,-5511.35680928307,0,0,-4239,-276.57399796837103,-749.0253717331619,-692.906925567929,446.149485986389
9813,-5252.793321424891,0,0,-4242,-1.50659039768026,-864.9,-565.756135627351,421.36940460014506
9814,-5257.22212380553,0,0,-4245,-259.146752072316,-749.025371733194,-400.050000000027,396.000000000006
9815,-4480.12910923184,0,0,-4248,37.3252551624869,-432.450000000045,-207.08111798655,370.076753592264
9816,-4244.82293439655,0,0,-4251,-337.458855777738,6.103972811089941e-11,2.8233256134541897e-11,343.635921381102
9817,-3140.10482068792,0,0,-4254,157.649578064346,432.449999999981,207.081117986517,316.714483261239
9818,-2630.7174380871897,0,0,-4257,187.857098881472,749.025371733157,400.049999999997,289.350091298187
9819,-2443.5139139276803,0,0,-4260,124.248933376469,864.9,565.756135627359,261.58101706849203
9820,-2537.82549412109,0,0,-4263,49.7961104443649,749.025371733199,692.906925567912,233.446098133439
9821,-2777.4780639944397,0,0,-4266,78.2499986705082,432.44999999996804,772.8372536138879,204.98468372119598
9822,-3334.0721101152303,0,0,-4269,-41.40868980868321,4.66121637185682e-11,800.1,176.236579693404
9823,-3876.88773497372,0,0,-4272,-92.51698146066391,-432.449999999973,772.837253613887,147.241992873029
9824,-4289.23323821806,0,0,-4275,-76.1562668643735,-749.025371733152,692.9069255679331,118.04147481152799
9825,-4569.34050134956,0,0,-4278,-80.87250205078121,-864.9,565.7561356273901,88.67586507382629
9826,-4453.493018560829,0,0,-4281,117.296119051874,-749.0253717331551,400.04999999999495,59.186234120452006
9827,-4448.0602387729705,0,0,-4284,31.694817373649503,-432.44999999997594,207.081117986515,29.613825866845698
9828,-4427.59480437572,0,0,-4287,-140.594804375699,-5.59363096026101e-11,2.58727259296152e-11,4.4626136839819906e-12
9829,-3940.5335632370397,0,0,-4290,153.711380616355,432.449999999964,-207.081117986508,-29.613825866848
9830,-4124.1118202096895,0,0,-4293,-120.900957822411,749.0253717331971,-400.050000000029,-59.1862341204487
9831,-4192.7392128521005,0,0,-4296,-107.20721215093,864.9,-565.7561356273529,-88.6758650738175
9832,-4315.57038502258,0,0,-4299,45.3526436237173,749.025371733159,-692.90692556793,-118.04147481153
9833,-4835.24375793622,0,0,-4302,-45.6145114493859,432.450000000069,-772.837253613874,-147.24199287302602
9834,-5361.14984842898,0,0,-4305,-79.8132687356453,6.5260455486652e-11,-800.1,-176.23657969340098
9835,-5605.2424664726705,0,0,-4308,113.02947086244801,-432.450000000041,-772.837253613878,-204.984683721199
9836,-6043.735911041321,0,0,-4311,-57.357515606813,-749.0253717331431,-692.906925567938,-233.44609813342998
9837,-6151.07348546677,0,0,-4314,-144.836332770918,-864.9,-565.756135627364,-261.581017068489
9838,-5681.20379213414,0,0,-4317,74.2216708972111,-749.0253717331641,-400.050000000002,-289.350091298189
9839,-5393.920840395,0,0,-4320,-117.675239147126,-432.45000000007695,-207.081117986567,-316.714483261231
9840,-4581.52745359896,0,0,-4323,85.1084677821145,2.37431445747318e-11,1.0982130867292698e-11,-343.635921381105
9841,-4209.70594161642,0,0,-4326,-153.160306010733,432.450000000033,207.081117986544,-370.076753592266
9842,-3409.6289088878602,0,0,-4329,166.295719379019,749.0253717331391,400.049999999982,-395.999999999998
9843,-3008.6793626367303,0,0,-4332,314.033906336073,864.9,565.756135627347,-421.369404600147
9844,-3391.76034033216,0,0,-4335,-52.543151646896895,749.025371733218,692.9069255679029,-446.149485986386
9845,-3604.40164270211,0,0,-4338,-1.38330934177813,432.45,772.837253613883,-470.30558697421304
9846,-4311.65453130613,0,0,-4341,-276.950608233999,-1.44189986906898e-11,800.1,-493.803923072119
9847,-4309.68447440533,0,0,-4344,210.539901712984,-432.44999999993996,772.837253613892,-516.611629732267
9848,-4814.66694455775,0,0,-4347,127.148309922007,-749.025371733134,692.906925567942,-538.6968083145659
9849,-5289.56209796839,0,0,-4350,-80.3896628959834,-864.9,565.756135627337,-560.028570699745
9850,-5228.191547527071,0,0,-4353,54.36090669530851,-749.0253717331731,400.05000000001,-580.5770824892201
9851,-5113.59192987178,0,0,-4356,68.0905568728913,-432.450000000008,207.08111798653098,-600.313604731198
9852,-4825.8693968751,0,0,-4359,152.34113723958,5.09485280664792e-12,-2.35656823366806e-12,-619.21053411468
9853,-4693.624119368879,0,0,-4362,80.2484401928801,432.449999999932,-207.08111798649202,-637.2414415751999
9854,-4777.92089289994,0,0,-4365,-107.515155374838,749.025371733178,-400.05000000001405,-654.381109258268
9855,-4621.518158498379,0,0,-4368,117.94354291775801,864.9,-565.756135627341,-670.605565788797
9856,-5028.09045568725,0,0,-4371,-27.316782055233602,749.025371733178,-692.906925567922,-685.892119797276
9857,-5479.86066834312,0,0,-4374,-65.25402307360059,432.45000000001704,-772.8372536138811,-700.219391655652
9858,-6086.64036676454,0,0,-4377,-195.973023385928,1.0255703902282e-10,-800.1,-713.5673433787131
9859,-6152.6232828225,0,0,-4380,158.58127744041,-432.450000000009,-772.837253613882,-725.9173066490201
9860,-6422.8965954116,0,0,-4383,139.287710815707,-749.025371733174,-692.9069255679241,-737.25200892621
9861,-6384.74295331308,0,0,-4386,179.468779918517,-864.9,-565.756135627376,-747.555597604226
9862,-6227.20493724794,0,0,-4389,67.6840966678854,-749.025371733183,-400.050000000017,-756.813662182623
9863,-5980.84275594974,0,0,-4392,-184.298383542366,-432.44999999993894,-207.081117986496,-765.013254420942
9864,-5187.82041355691,0,0,-4395,-20.677507108883,-1.35534389614359e-11,-6.268994399956559e-12,-772.1429064480039
9865,-4576.7574418779905,0,0,-4398,-40.0959130637517,432.450000000001,207.08111798652698,-778.192646800764
9866,-4074.6086638131396,0,0,-4401,-39.530021175923,749.02537173312,400.049999999967,-783.1540143703011
9867,-3746.23690805901,0,0,-4404,14.1270265491012,864.9,565.756135627335,-787.020070235448
9868,-3552.1909176542204,0,0,-4407,202.66219241219298,749.025371733138,692.9069255679401,-789.7854073674949
9869,-3690.0588212213897,0,0,-4410,306.100083357107,432.450000000033,772.8372536138789,-791.4461581924111
9870,-4470.40788981489,0,0,-4413,-65.507889814913,2.28775848454778e-11,800.1,-792.0
9871,-5007.21222264204,0,0,-4416,-140.153318063517,-432.449999999993,772.8372536138851,-791.446158192412
9872,-5476.987792534821,0,0,-4419,-212.083939002159,-749.025371733115,692.906925567951,-789.7854073674949
9873,-5388.3299015230605,0,0,-4422,119.83403308503999,-864.9,565.75613562735,-787.020070235448
9874,-5566.69329695235,0,0,-4425,-9.56391084888962,-749.0253717331431,400.04999999998495,-783.154014370302
9875,-5176.06747768692,0,0,-4428,255.494051127342,-432.450000000041,207.081117986548,-778.192646800765
9876,-5123.2182202372,0,0,-4431,79.9246862108233,-3.22017307295197e-11,1.48945570335812e-11,-772.1429064480039
9877,-4886.71333865611,0,0,-4434,86.93103375140659,432.4499999999,-207.081117986475,-765.013254420944
9878,-4714.37004594279,0,0,-4437,130.468244506673,749.0253717331599,-400.049999999999,-756.813662182625
9879,-4954.99173096915,0,0,-4440,-66.5799977375671,864.9,-565.756135627361,-747.555597604226
9880,-5078.79935154159,0,0,-4443,45.334211219340496,749.0253717331959,-692.906925567913,-737.252008926212
9881,-5722.88190853829,0,0,-4446,-210.57734827543598,432.450000000049,-772.8372536138769,-725.9173066490221
9882,-6229.139233284771,0,0,-4449,-266.471889905996,-5.6801869331864106e-11,-800.1,-713.5673433787159
9883,-6264.68103547432,0,0,-4452,92.8256097951934,-432.449999999977,-772.837253613887,-700.2193916556531
9884,-6617.98066399069,0,0,-4455,-35.1562468923253,-749.0253717331551,-692.9069255679319,-685.892119797276
9885,-6861.06530354574,0,0,-4458,-301.803602129581,-864.9,-565.756135627356,-670.6055657887999
9886,-6377.7143719202795,0,0,-4461,-113.257890928781,-749.025371733201,-400.05000000003196,-654.381109258269
9887,-5656.45278977529,0,0,-4464,84.3197697863903,-432.449999999972,-207.081117986512,-637.2414415751999
9888,-5067.60453587653,0,0,-4467,18.6059982382247,-5.08500224976036e-11,-2.35201196672058e-11,-619.210534114684
9889,-4412.42338007123,0,0,-4470,18.3591066734957,432.449999999969,207.081117986511,-600.313604731202
9890,-3904.15435853234,0,0,-4473,0.34735222374199703,749.02537173315,400.049999999992,-580.5770824892201
9891,-3535.19050748702,0,0,-4476,70.1819275854063,864.9,565.756135627322,-560.028570699749
9892,-3470.29135431361,0,0,-4479,105.473156699868,749.025371733157,692.906925567931,-538.69680831457
9893,-4046.42584760884,0,0,-4482,-253.101471490437,432.44999999998004,772.837253613886,-516.611629732272
9894,-4399.398965560589,0,0,-4485,-220.69504248852996,6.01741683816455e-11,800.1,-493.803923072119
9895,-4710.94781387615,0,0,-4488,-93.029480515861,-432.449999999961,772.8372536138891,-470.305586974214
9896,-5087.16422627943,0,0,-4491,-93.89629412776421,-749.025371733195,692.906925567914,-446.14948598638705
9897,-5173.32045754115,0,0,-4494,41.1928114316306,-864.9,565.756135627362,-421.369404600147
9898,-5262.41058217886,0,0,-4497,-20.4352104457038,-749.025371733161,400.05,-395.99999999999903
9899,-5076.73825947996,0,0,-4500,18.707376125822698,-432.45000000007303,207.081117986565,-370.07675359227096
9900,-4950.22126024618,0,0,-4503,-103.58533886503099,-6.94983142656874e-11,3.21456823008304e-11,-343.63592138111
9901,-4737.617791381121,0,0,-4506,-140.272190133371,432.450000000038,-207.081117986546,-316.714483261237
9902,-4421.496290535671,0,0,-4509,27.878429029366604,749.025371733141,-400.049999999984,-289.35009129819
9903,-4475.91906561508,0,0,-4512,-1.4819129192370701,864.9,-565.756135627348,-261.581017068495
9904,-4698.4601866115,0,0,-4515,-6.13253464330253,749.025371733166,-692.9069255679269,-233.446098133436
9905,-4813.9491929139,0,0,-4518,249.422744421085,432.45000000008105,-772.8372536138721,-204.984683721199
9906,-5605.7367185493795,0,0,-4521,-108.400138855961,-1.95052857956964e-11,-800.1,-176.23657969340098
9907,-6076.1909238731105,0,0,-4524,-199.661677386171,-432.45000000003,-772.8372536138789,-147.24199287302602
9908,-6064.96297909202,0,0,-4527,22.010793020587396,-749.025371733136,-692.906925567941,-118.04147481153099
9909,-5884.90937153688,0,0,-4530,164.42262916431002,-864.9,-565.756135627368,-88.67586507381809
9910,-5878.19744443591,0,0,-4533,-136.935838582185,-749.02537173322,-400.050000000047,-59.186234120454905
9911,-5258.7984770312,0,0,-4536,-53.6535331778148,-432.45000000000397,-207.081117986529,-29.6138258668542
9912,-4645.69773504058,0,0,-4539,-106.697735040588,1.01811399116545e-11,4.709174496077441e-12,-1.7458564768644701e-12
9913,-3789.60305270935,0,0,-4542,83.25200343736908,432.449999999936,207.08111798649398,29.6138258668451
9914,-3280.56932841263,0,0,-4545,56.1690657338144,749.025371733132,400.04999999997705,59.186234120445796
9915,-2757.75491311094,0,0,-4548,270.91308618787,864.9,565.756135627375,88.6758650738202
9916,-3067.27445300406,0,0,-4551,-76.24822511668641,749.025371733175,692.9069255679229,118.04147481152799
9917,-3560.4951010772497,0,0,-4554,-359.024347564174,432.450000000012,772.837253613882,147.24199287302798
9918,-3480.06682295648,0,0,-4557,100.596597350119,-8.56994027612571e-13,800.1,176.236579693403
9919,-4054.2401110371998,0,0,-4560,-39.61204837236561,-432.44999999992797,772.8372536138929,204.98468372119598
9920,-4344.71286099215,0,0,-4563,40.9594870396704,-749.0253717331759,692.906925567922,233.446098133438
9921,-4549.60558566899,0,0,-4566,53.957261635144995,-864.9,565.756135627374,261.581017068486
9922,-4594.44672941451,0,0,-4569,34.1785510204718,-749.0253717331799,400.050000000015,289.350091298181
9923,-4403.92815650597,0,0,-4572,76.72624224628049,-432.45000000002,207.081117986537,316.714483261233
9924,-4210.8719894632795,0,0,-4575,20.492089155671998,-1.06794897801855e-10,4.9396807568079705e-11,343.635921381102
9925,-3968.77693197988,0,0,-4578,13.777432414379401,432.450000000006,-207.08111798653,370.076753592263
9926,-3707.5527723503797,0,0,-4581,128.471855916456,749.025371733172,-400.050000000009,396.00000000000097
9927,-3844.73283682891,0,0,-4584,18.7538941982868,864.9,-565.756135627336,421.369404600144
9928,-3728.7683226796203,0,0,-4587,355.96374516872703,749.025371733185,-692.9069255679179,446.149485986389
9929,-4563.39233307672,0,0,-4590,-103.310666436985,432.44999999994303,-772.837253613891,470.30558697421503
9930,-4847.57205969173,0,0,-4593,51.7240172361401,1.77912977404713e-11,-800.1,493.80392307211196
9931,-5252.62620496808,0,0,-4596,32.0494189135247,-432.44999999999703,-772.837253613884,516.611629732274
9932,-5481.14585541356,0,0,-4599,21.0896335729405,-749.0253717331179,-692.9069255679491,538.696808314563
9933,-5499.8363464186405,0,0,-4602,-27.2087814909975,-864.9,-565.75613562738,560.028570699743
9934,-5092.20486329904,0,0,-4605,81.2934259448637,-749.0253717331401,-400.04999999998296,580.577082489222
9935,-4443.1453904213895,0,0,-4608,204.072122833993,-432.450000000036,-207.081117986546,600.3136047311959
9936,-3941.01537283428,0,0,-4611,50.77409305107879,-2.71154436245132e-11,-1.25419507711718e-11,619.210534114678
9937,-3353.81671096953,0,0,-4614,-16.5892705312471,432.449999999989,207.081117986521,637.241441575202
9938,-2798.58830152873,0,0,-4617,14.9552174799315,749.0253717331129,400.049999999962,654.381109258267
9939,-2620.38686647038,0,0,-4620,-101.648567886539,864.9,565.756135627362,670.605565788801
9940,-2488.59190045368,0,0,-4623,6.583682447965191,749.025371733145,692.906925567937,685.892119797277
9941,-2609.93746331078,0,0,-4626,110.555891419652,432.45000000004404,772.8372536138769,700.219391655648
9942,-3058.56343249413,0,0,-4629,56.7692241271166,3.64395895085551e-11,800.1,713.567343378717
9943,-3662.0579447373207,0,0,-4632,-96.3625050003363,-432.449999999896,772.837253613898,725.917306649019
9944,-3997.7472186629207,0,0,-4635,-43.8807814238995,-749.025371733158,692.906925567931,737.2520089262081
9945,-4152.67377565605,0,0,-4638,36.914491112366,-864.9,565.756135627354,747.555597604227
9946,-4294.45469893512,0,0,-4641,-61.292989384574796,-749.025371733199,400.05000000002997,756.8136621826221
9947,-4112.97384719423,0,0,-4644,-8.61821960167018,-432.450000000053,207.081117986554,765.013254420942
9948,-3917.9380785463104,0,0,-4647,-43.0809849943472,5.25640105528287e-11,-2.43129060257361e-11,772.1429064480051
9949,-3677.30060057923,0,0,-4650,-30.8621293934557,432.449999999973,-207.081117986513,778.192646800764
9950,-3752.0241648928004,0,0,-4653,-231.153550996259,749.0253717331531,-400.049999999994,783.154014370302
9951,-3574.8380816621293,0,0,-4656,-5.002016270224719,864.9,-565.756135627356,787.0200702354491
9952,-3837.81428912896,0,0,-4659,-24.7181426617527,749.025371733203,-692.90692556791,789.785407367494
9953,-4192.663653042,0,0,-4662,18.277442379501398,432.449999999975,-772.837253613887,791.446158192412
9954,-4627.2373582828,0,0,-4665,45.8626417171457,5.5087881276638896e-11,-800.1,792.0
9955,-5065.00438194142,0,0,-4668,16.836713480016698,-432.449999999965,-772.8372536138879,791.446158192412
9956,-5391.32208492866,0,0,-4671,-68.1751949950697,-749.0253717331481,-692.906925567935,789.7854073674949
9957,-5253.4323885924205,0,0,-4674,64.2036767995258,-864.9,-565.7561356273919,787.0200702354491
9958,-5105.207582862179,0,0,-4677,-62.2862254993295,-749.025371733159,-400.049999999998,783.154014370302
9959,-4533.7895485027,0,0,-4680,7.54892268304039,-432.449999999983,-207.081117986518,778.192646800764
9960,-4055.86085094575,0,0,-4683,-145.00375739365802,-6.441202716068079e-11,-2.9793076038420995e-11,772.1429064480051
9961,-3397.45119490202,0,0,-4686,-115.995567309422,432.44999999995696,207.081117986505,765.013254420942
9962,-2700.34035973744,0,0,-4689,82.77060634671491,749.0253717331931,400.050000000025,756.8136621826221
9963,-2695.87190954652,0,0,-4692,-182.08364277809503,864.9,565.75613562735,747.555597604229
9964,-2739.62463899754,0,0,-4695,-223.808945224841,749.0253717331641,692.906925567928,737.2520089262109
9965,-2910.6545907221002,0,0,-4698,-143.859150985072,432.45000000007695,772.837253613873,725.917306649023
9966,-3152.18913931076,0,0,-4701,35.1435173104487,7.373617304472279e-11,800.1,713.567343378717
9967,-3615.9029372787604,0,0,-4704,47.4904174517452,-432.45000000003404,772.8372536138789,700.219391655651
9968,-3966.1939643779997,0,0,-4707,111.03236198992501,-749.0253717331391,692.9069255679401,685.892119797277
9969,-4286.849769118629,0,0,-4710,51.6885294652009,-864.9,565.756135627366,670.605565788802
9970,-4208.26980209146,0,0,-4713,199.324460383438,-749.0253717331681,400.05000000000604,654.381109258267
9971,-4307.22349522288,0,0,-4716,-3.0960547845668196,-432.45000000008497,207.081117986571,637.241441575202
9972,-4097.8644095219,0,0,-4719,1.92505636341684,1.5267427016660998e-11,-7.0617807584868204e-12,619.210534114679
9973,-3713.02243079882,0,0,-4722,183.295082456495,432.450000000026,-207.08111798654,600.3136047311959
9974,-3815.0388289118396,0,0,-4725,-19.5912831342247,749.025371733134,-400.04999999997904,580.577082489226
9975,-3894.30205005562,0,0,-4728,-25.4744851280271,864.9,-565.756135627344,560.028570699747
9976,-4106.84170157928,0,0,-4731,29.343043940828,749.0253717332221,-692.906925567901,538.696808314572
9977,-4578.42445622029,0,0,-4734,-20.6488323386856,432.450000000008,-772.837253613882,516.611629732274
9978,-5128.593519640779,0,0,-4737,-85.2974427128867,-5.94328113261913e-12,-800.1,493.803923072117
9979,-5465.49530594661,0,0,-4740,9.48636069299741,-432.449999999933,-772.8372536138929,470.305586974216
9980,-5724.3512241404105,0,0,-4743,14.4315871742739,-749.02537173313,-692.9069255679441,446.149485986389
9981,-5799.90998470179,0,0,-4746,-44.6232536745959,-864.9,-565.75613562734,421.36940460014506
9982,-5450.60637065771,0,0,-4749,51.4690010754721,-749.025371733177,-400.050000000013,396.000000000006
9983,-4988.193121902271,0,0,-4752,33.261242492014105,-432.450000000016,-207.081117986535,370.076753592264
9984,-4349.39806686751,0,0,-4755,61.9660117513873,-3.38086475142278e-12,-1.5637818751378002e-12,343.635921381103
9985,-3758.1074630068897,0,0,-4758,43.646935745458,432.449999999925,207.081117986488,316.714483261239
9986,-3195.03708603373,0,0,-4761,127.53745093489799,749.025371733174,400.05000000001,289.350091298187
9987,-3107.755450217,0,0,-4764,-35.99260291283429,864.9,565.756135627338,261.58101706849703
9988,-2821.49789485624,0,0,-4767,270.12370970922296,749.025371733182,692.9069255679201,233.446098133439
9989,-3300.78277469182,0,0,-4770,58.945287973082294,432.45000000002403,772.83725361388,204.984683721197
9990,-3713.53105944625,0,0,-4773,83.13236086023791,1.1103275658089e-10,800.1,176.236579693404
9991,-4224.399202658429,0,0,-4776,63.9715508546604,-432.450000000002,772.837253613883,147.241992873029
9992,-4759.009001749911,0,0,-4779,-41.9320303961908,-749.025371733169,692.906925567925,118.04147481152799
9993,-4909.33874101299,0,0,-4782,83.12925828580141,-864.9,565.756135627379,88.6758650738265
9994,-5253.67174990498,0,0,-4785,-178.88261229226399,-749.025371733187,400.050000000021,59.186234120446606
9995,-4976.63537997798,0,0,-4788,7.11967616861775,-432.44999999994695,207.08111798649898,29.6138258668459
9996,-4709.76494626964,0,0,-4791,81.2350537303634,-2.20291565195066e-11,1.01893445087624e-11,4.656597736966929e-12
9997,-4464.635519848321,0,0,-4794,133.609424005054,432.44999999999396,-207.08111798652402,-29.6138258668478
9998,-4731.476175597751,0,0,-4797,-224.26531321045502,749.025371733116,-400.049999999964,-59.1862341204429
9999,-4517.90551009117,0,0,-4800,71.6264906099831,864.9,-565.756135627332,-88.67586507381729
10000,-4878.86159498623,0,0,-4803,-13.938566339899198,749.0253717331419,-692.906925567938,-118.04147481153
10001,-5165.31722630142,0,0,-4806,128.312020185446,432.45000000004,-772.837253613878,-147.241992873025
10002,-5832.24058635349,0,0,-4809,-46.9040066601204,3.13533024035485e-11,-800.1,-176.23657969340098
10003,-6253.25012536693,0,0,-4812,-30.978188031859602,-432.44999999998595,-772.837253613886,-204.984683721198
10004,-6610.98240768186,0,0,-4815,-120.604012247372,-749.025371733111,-692.9069255679519,-233.44609813342998
10005,-6438.511401584829,0,0,-4818,71.72575111100929,-864.9,-565.756135627352,-261.581017068489
10006,-6200.0763130913,0,0,-4821,59.3491499400277,-749.0253717331469,-400.04999999998904,-289.350091298189
10007,-5965.074626086341,0,0,-4824,-184.82902483850899,-432.45000000004796,-207.08111798655202,-316.714483261231
10008,-5043.11481085565,0,0,-4827,127.521110525513,-4.06774482875904e-11,-1.8814907142387e-11,-343.63592138110397
10009,-4386.53098052915,0,0,-4830,174.01465507675,432.449999999892,207.08111798647099,-370.07675359226096
10010,-3895.78561844502,0,0,-4833,184.13900982182702,749.0253717331551,400.04999999999603,-395.999999999998
10011,-3727.1476225088395,0,0,-4836,99.5656464639481,864.9,565.756135627358,-421.369404600147
10012,-3650.1149311597296,0,0,-4839,193.10225752554902,749.025371733201,692.9069255679111,-446.149485986386
10013,-4203.86523288506,0,0,-4842,-96.8468995247763,432.450000000056,772.837253613876,-470.30558697421304
10014,-4467.7996496133,0,0,-4845,70.9042734588688,-4.83261517737934e-11,800.1,-493.803923072119
10015,-5003.791920355,0,0,-4848,20.432455763350102,-432.44999999997003,772.8372536138879,-516.611629732267
10016,-5300.479888450011,0,0,-4851,145.335366029775,-749.0253717331509,692.906925567934,-538.6968083145649
10017,-5703.26349219662,0,0,-4854,9.90894287577437,-864.9,565.756135627359,-560.028570699749
10018,-5676.151452479499,0,0,-4857,110.401001742885,-749.0253717332049,400.050000000036,-580.5770824892201
10019,-5836.4396235486,0,0,-4860,-150.757136803943,-432.449999999979,207.081117986516,-600.313604731198
10020,-5515.44755743936,0,0,-4863,-33.2370233246519,-5.93257400556743e-11,2.7440469776011702e-11,-619.210534114677
10021,-5286.8994663437,0,0,-4866,-9.02690678195534,432.449999999961,-207.081117986507,-637.2414415751999
10022,-4990.1089870142405,0,0,-4869,184.296750510876,749.025371733146,-400.049999999988,-654.381109258268
10023,-5323.82403266053,0,0,-4872,-80.36233124440609,864.9,-565.7561356273201,-670.6055657887999
10024,-5457.40151848309,0,0,-4875,47.3721551489565,749.025371733161,-692.906925567929,-685.892119797275
10025,-6018.501350655821,0,0,-4878,-99.89470538627421,432.449999999987,-772.8372536138851,-700.219391655652
10026,-6640.29033667911,0,0,-4881,-245.62299330047,6.86498859397162e-11,-800.1,-713.5673433787131
10027,-6879.43652511564,0,0,-4884,-64.2319648527803,-432.449999999953,-772.8372536138901,-725.9173066490201
10028,-7042.175044169059,0,0,-4887,24.009262058255402,-749.025371733191,-692.906925567916,-737.252008926209
10029,-6895.72296993409,0,0,-4890,172.48876329750198,-864.9,-565.756135627365,-747.555597604226
10030,-6901.15817780055,0,0,-4893,-102.26914388475299,-749.025371733166,-400.050000000004,-756.813662182623
10031,-6246.26377257261,0,0,-4896,54.2805998349754,-432.45000000007997,-207.081117986568,-765.013254420941
10032,-5527.332814139971,0,0,-4899,143.81009230814502,-7.79740318237581e-11,-3.60660324096363e-11,-772.1429064480039
10033,-5018.23266315441,0,0,-4902,22.4288656597796,432.45000000003,207.081117986543,-778.192646800764
10034,-4865.03110808654,0,0,-4905,-325.952465449361,749.025371733137,400.049999999981,-783.1540143703011
10035,-4275.77284910005,0,0,-4908,-11.408914491946799,864.9,565.756135627346,-787.020070235448
10036,-4330.224822670561,0,0,-4911,-71.3717126041592,749.02537173317,692.906925567925,-789.7854073674949
10037,-4651.60536603761,0,0,-4914,-151.446461459157,432.450000000088,772.837253613871,-791.4461581924111
10038,-4989.14027746127,0,0,-4917,-80.24027746125509,-1.10295682376257e-11,800.1,-792.0
10039,-5572.613897410821,0,0,-4920,-201.554992832264,-432.450000000022,772.83725361388,-791.446158192412
10040,-5622.91802413161,0,0,-4923,145.985829401075,-749.025371733132,692.906925567943,-789.7854073674949
10041,-5912.47170800366,0,0,-4926,99.6922266044217,-864.9,565.756135627371,-787.020070235448
10042,-6046.360311380639,0,0,-4929,14.7690747228395,-749.025371733224,400.05000000005094,-783.154014370302
10043,-5865.74715403412,0,0,-4932,69.8143747801231,-432.45000000001096,207.081117986533,-778.192646800765
10044,-5801.85336813141,0,0,-4935,-94.7104616834054,1.7054223535837802e-12,-7.88824387271581e-13,-772.1429064480039
10045,-5512.29530817937,0,0,-4938,-34.650935771868895,432.449999999929,-207.08111798648997,-765.013254420944
10046,-5205.23896066284,0,0,-4941,143.599329786629,749.025371733127,-400.049999999973,-756.813662182623
10047,-5354.92672079338,0,0,-4944,37.4850124382164,864.9,-565.756135627372,-747.555597604226
10048,-5401.4814004851705,0,0,-4947,226.652162275784,749.0253717331799,-692.906925567921,-737.252008926212
10049,-6191.71445434816,0,0,-4950,-175.409894085275,432.450000000019,-772.8372536138811,-725.9173066490221
10050,-6705.6238765671205,0,0,-4953,-238.95653318840598,7.61872353045814e-12,-800.1,-713.5673433787159
10051,-6903.800608567801,0,0,-4956,-42.2939632983295,-432.44999999992103,-772.837253613895,-700.2193916556531
10052,-7094.13641190842,0,0,-4959,-7.311994810052201,-749.025371733172,-692.9069255679241,-685.892119797276
10053,-7051.35076874547,0,0,-4962,11.9109326707145,-864.9,-565.756135627377,-670.605565788803
10054,-6541.60207836663,0,0,-4965,226.854402624838,-749.0253717331841,-400.050000000019,-654.381109258269
10055,-6075.45290364834,0,0,-4968,169.319655913428,-432.450000000027,-207.081117986541,-637.2414415752011
10056,-5464.78701570734,0,0,-4971,125.42351840751002,-1.1527061535992599e-10,-5.33171576768855e-11,-619.210534114684
10057,-5106.045176200129,0,0,-4974,-171.26268945544902,432.449999999998,207.08111798652598,-600.313604731202
10058,-6248.67926066949,1,0,-4977,61.725213456937894,749.0253717331669,400.050000000005,-580.5770824892201
10059,-4315.63146380716,0,0,-4980,-206.25902873473999,864.9,565.756135627333,-560.028570699749
10060,-4052.88730187724,0,0,-4983,26.877209136220998,749.025371733189,692.906925567916,-538.69680831457
10061,-4402.0885870702,0,0,-4986,-104.76421095176701,432.44999999995,772.8372536138901,-516.611629732272
10062,-4886.14574036751,0,0,-4989,-203.44181729542,2.6267015298542003e-11,800.1,-493.80392307212
10063,-5056.44101585415,0,0,-4992,65.4773175061721,-432.44999999999,772.8372536138851,-470.305586974214
10064,-5397.7781165098495,0,0,-4995,99.4898156417672,-749.025371733163,692.906925567929,-446.14948598638705
10065,-5876.26381383975,0,0,-4998,-157.750544866982,-864.9,565.756135627383,-421.369404600148
10066,-5698.383759609039,0,0,-5001,47.59161212411671,-749.0253717331441,400.04999999998705,-395.99999999999903
10067,-5594.60897250068,0,0,-5004,4.83666310508906,-432.45000000004404,207.081117986549,-370.07675359227204
10068,-5241.38297346541,0,0,-5007,109.25294791571599,-3.5591161182583895e-11,1.64623008799777e-11,-343.63592138111
10069,-4944.58116223317,0,0,-5010,156.764439014592,432.44999999998197,-207.081117986518,-316.714483261232
10070,-4998.257981610021,0,0,-5013,-44.883262044979894,749.025371733109,-400.04999999995795,-289.35009129819
10071,-4809.43134651128,0,0,-5016,169.005806184573,864.9,-565.7561356273599,-261.581017068495
10072,-5057.55286093485,0,0,-5019,138.774791033376,749.025371733149,-692.906925567935,-233.446098133436
10073,-5774.40002448549,0,0,-5022,-207.028087150467,432.45000000005206,-772.837253613876,-204.984683721199
10074,-6170.838970671391,0,0,-5025,-169.502390978032,4.4915307066625796e-11,-800.1,-176.23657969340198
10075,-6438.828174863471,0,0,-5028,-58.2989283765084,-432.450000000059,-772.837253613875,-147.24199287302602
10076,-6550.73293053291,0,0,-5031,40.2408415797086,-749.0253717331531,-692.9069255679331,-118.04147481153099
10077,-6545.46945381162,0,0,-5034,7.86254688955418,-864.9,-565.756135627357,-88.6758650738182
10078,-6223.2431074530705,0,0,-5037,22.0184984006193,-749.025371733203,-400.050000000034,-59.186234120455104
10079,-6079.763831709921,0,0,-5040,-370.61888785645203,-432.45000000006,-207.08111798655798,-29.613825866854402
10080,-243.083617992709,0,0,3,-246.083617992709,0.0,0.0,0.0
10081,320.55909623846503,0,0,6,-205.886211284206,392.5,113.36274175490401,14.582565767767
10082,1293.6928526132301,0,0,9,356.71817414374,679.829941970784,219.0,29.1447364987055
10083,843.9583033743249,0,0,12,-306.420612465673,785.0,309.712770159708,43.6661456802901
10084,1309.08404077615,0,0,15,176.808488139072,679.829941970784,379.319126857584,58.126483808708
10085,1041.86636031648,0,0,18,135.78532160833402,392.5,423.075511914612,72.5055267935367
10086,403.20347331261297,0,0,21,-142.57969093034902,9.613477373306719e-14,438.0,86.78316424296258
10087,223.067207970325,0,0,24,67.5522684657299,-392.5,423.075511914612,100.93942758998301
10088,-335.073874296688,0,0,27,-176.51757720374098,-679.829941970784,379.319126857584,114.95451802025299
10089,-357.526710026938,0,0,30,-41.0483143491614,-785.0,309.712770159708,128.80883416251498
10090,-376.101308840943,0,0,33,-90.7543663730524,-679.829941970784,219.0,142.482999502894
10091,-611.109775448341,0,0,36,-523.930406687943,-392.5,113.36274175490401,155.957889484699
10092,2118.82323156194,1,0,39,151.42642844977502,-1.9226954746613396e-13,5.36395298026541e-14,169.214658255848
10093,321.81116946522496,0,0,42,-181.560853806365,392.5,-113.36274175490401,182.234765026494
10094,534.367123315385,0,0,45,-166.4628186554,679.829941970784,-219.0,195.0
10095,977.5242413396561,0,0,48,246.744501658382,785.0,-309.712770159708,207.492509840981
10096,812.104904192874,0,0,51,240.89926643486,679.829941970785,-379.319126857584,219.694822644813
10097,117.542376827878,0,0,54,-137.471983631175,392.5,-423.075511914612,231.589872373666
10098,-603.950576906267,0,0,57,-466.111599631173,2.8840432119920196e-13,-438.0,243.16102272490602
10099,-329.857422014034,0,0,60,171.325999502111,-392.49999999999903,-423.075511914612,254.392090398467
10100,-760.798740695349,0,0,63,-29.917039597639498,-679.829941970784,-379.319126857584,265.267367730659
10101,-627.6848421718261,0,0,66,125.256283325128,-785.0,-309.712770159708,275.771644662753
10102,-815.407422684144,0,0,69,-271.467710726992,-679.829941970785,-219.0,285.890230013632
10103,-562.243024179707,0,0,72,-423.98925445152804,-392.50000000000097,-113.36274175490401,295.608972026727
10104,240.47437630682597,0,0,75,-139.439901855705,-3.8453909493226897e-13,-1.0727905960530802e-13,304.914278162532
10105,796.042633407237,0,0,78,-101.61324245666799,392.50000000000097,113.36274175490401,313.793134109001
10106,815.087394872676,0,0,81,-486.975669081346,679.829941970784,219.0,322.233121983238
10107,1846.5464925617398,0,0,84,337.611284702999,785.0,309.712770159708,330.222437699031
10108,1618.7460055207,0,0,87,134.847029216399,679.829941970785,379.319126857584,337.749907475931
10109,1829.76087279274,0,0,90,579.380357411334,392.5,423.075511914612,344.80500346679804
10110,657.883946396903,0,0,93,-224.493912085042,1.87511398759453e-12,438.0,351.37785848194295
10111,248.76377771583802,0,0,96,-235.271013988065,-392.49999999999903,423.075511914612,357.459279789291
10112,249.770906072976,0,0,99,88.24095921493601,-679.829941970784,379.319126857584,363.04076197124
10113,481.71712444498297,0,0,102,486.889855465012,-785.0,309.712770159708,368.114498820263
10114,-18.7315090003376,0,0,105,-35.574961286148294,-679.829941970784,219.0,372.673394256595
10115,303.551124748402,0,0,108,97.9773107407609,-392.5,113.36274175490401,376.711072252737
10116,632.93877417573,0,0,111,141.71688842482,-5.768086423984029e-13,1.60918589407962e-13,380.22188575091104
10117,798.926739851574,0,0,114,22.588557045496398,392.49999999999903,-113.36274175490401,383.200924560982
10118,965.581697055523,0,0,117,2.1077328569393403,679.829941970784,-219.0,385.6440222278
10119,683.272439656614,0,0,120,-299.562552042043,785.0,-309.712770159707,387.547761858365
10120,456.54250375318395,0,0,123,-355.87779226067596,679.829941970784,-379.319126857584,388.90948090066
10121,566.613967066515,0,0,126,81.4622041136487,392.50000000000296,-423.075511914612,389.727274867475
10122,261.987206202952,0,0,129,180.987206202951,6.72943416131471e-13,-438.0,390.0
10123,-273.67748947894796,0,0,132,20.1707475681877,-392.49999999999903,-423.075511914612,389.727274867475
10124,-496.16665284129897,0,0,135,39.0729350864088,-679.829941970783,-379.319126857584,388.90948090066
10125,-589.437575947875,0,0,138,-20.2725676465312,-785.0,-309.712770159708,387.547761858365
10126,-410.71835950224295,0,0,141,-38.532439759257,-679.829941970786,-219.000000000001,385.6440222278
10127,270.303125695065,0,0,144,248.964942888987,-392.5,-113.36274175490401,383.200924560982
10128,659.688089820581,0,0,147,132.466204069671,-7.690781898645379e-13,-2.1455811921061603e-13,380.22188575091104
10129,859.2105323611901,0,0,150,-173.36328164645,392.49999999999903,113.36274175490401,376.711072252737
10130,1089.74271888628,0,0,153,-334.760617341104,679.829941970785,219.0,372.673394256595
10131,1367.71733728787,0,0,156,-251.109931692105,785.0,309.712770159707,368.114498820263
10132,1713.2277283909698,0,0,159,132.037897591361,679.829941970784,379.319126857584,363.04076197124
10133,1584.3934472759197,0,0,162,249.358655572015,392.5,423.075511914612,357.459279789291
10134,1138.82627963729,0,0,165,184.44842115534598,8.652129635976049e-13,438.0,351.37785848194295
10135,525.075462341317,0,0,168,-18.3050530400916,-392.50000000000097,423.075511914612,344.80500346679804
10136,519.952311297835,0,0,171,311.713218935103,-679.829941970783,379.319126857584,337.749907475931
10137,34.2828907231418,0,0,174,5.34768286440261,-785.0,309.712770159708,330.222437699031
10138,93.9667064228215,0,0,177,55.56352641036779,-679.829941970784,219.0,322.233121983238
10139,223.760717154894,0,0,180,9.10484129098945,-392.5,113.36274175490401,313.793134109001
10140,172.603461402674,0,0,183,-315.310816759855,-3.75022797518907e-12,1.0462419446705798e-12,304.914278162532
10141,836.3974474603551,0,0,186,75.6512171885332,392.49999999999903,-113.36274175490401,295.608972026727
10142,512.8972115773099,0,0,189,-422.822960407106,679.829941970783,-219.0,285.890230013632
10143,363.393827203426,0,0,192,-579.66504729962,785.0,-309.712770159708,275.771644662754
10144,573.2981670095851,0,0,195,-187.480015834276,679.829941970786,-379.319126857584,265.267367730659
10145,673.499480882556,0,0,198,251.68290239869998,392.50000000000097,-423.075511914612,254.392090398467
10146,464.54195039896894,0,0,201,458.380927674064,-1.7313977267946499e-12,-438.0,243.16102272490602
10147,-36.0810790091866,0,0,204,343.90456053175905,-392.49999999999903,-423.075511914612,231.589872373666
10148,-819.3555272527431,0,0,207,-186.90128106918598,-679.829941970785,-379.319126857584,219.694822644813
10149,-413.06384420845495,0,0,210,264.156416110272,-785.0,-309.712770159708,207.492509840981
10150,-383.79978101921404,0,0,213,107.030160951571,-679.829941970784,-219.0,195.0
10151,-306.350242419854,0,0,216,-198.72226569144698,-392.499999999998,-113.36274175490401,182.234765026494
10152,650.751577696662,0,0,219,262.536919440816,-1.15361728479681e-12,-3.21837178815924e-13,169.214658255848
10153,941.5053934404199,0,0,222,57.68476220082211,392.499999999996,113.362741754903,155.957889484699
10154,1234.2168227177801,0,0,225,-32.096118755899504,679.829941970783,218.999999999999,142.482999502894
10155,1433.76787631517,0,0,228,-17.7537280070514,785.0,309.712770159708,128.80883416251498
10156,1528.46003660897,0,0,231,123.356449760348,679.829941970786,379.319126857584,114.95451802025299
10157,1256.36912325872,0,0,234,105.854183754124,392.50000000000097,423.075511914612,100.93942758998301
10158,490.837529326171,0,0,237,-270.94563491679503,4.03863229638827e-12,438.0,86.7831642429627
10159,456.62317011721495,0,0,240,113.542131409065,-392.49999999999903,423.075511914612,72.5055267935367
10160,669.522507603314,0,0,243,668.906838907806,-679.829941970785,379.319126857584,58.1264838087081
10161,147.317805292569,0,0,246,332.938889452571,-785.0,309.712770159708,43.6661456802901
10162,-395.514142382802,0,0,249,-212.828936910722,-679.829941970787,219.000000000001,29.1447364987056
10163,-186.20534030935798,0,0,252,-173.65064783203,-392.499999999998,113.36274175490401,14.5825657677669
10164,70.83300613138171,0,0,255,-184.16699386861697,-1.34588683226294e-12,3.7547670861857796e-13,4.776122516674681e-14
10165,603.8562412198639,0,0,258,81.3015487425349,392.50000000000097,-113.36274175490401,-14.582565767767
10166,317.99979311962,0,0,261,-374.68541235245794,679.829941970783,-218.999999999999,-29.144736498705303
10167,715.2398640402679,0,0,264,19.618779880264302,785.0,-309.712770159707,-43.66614568029
10168,999.1412434416781,0,0,267,489.756912137184,679.829941970786,-379.319126857584,-58.126483808707896
10169,43.4355806859631,0,0,270,-123.483380605889,392.50000000000097,-423.075511914612,-72.5055267935367
10170,-251.93994458262998,0,0,273,-0.156780339665958,-1.3468586318623798e-12,-438.0,-86.78316424296258
10171,-689.7983463481991,0,0,276,-49.283406843605206,-392.499999999998,-423.075511914612,-100.93942758998301
10172,-1181.65921699971,0,0,279,-286.555630151087,-679.829941970782,-379.319126857585,-114.95451802025299
10173,-952.806524210154,0,0,282,-11.284919887930698,-785.0,-309.712770159708,-128.80883416251498
10174,-791.342411196973,0,0,285,-35.0294697232943,-679.829941970785,-219.0,-142.482999502894
10175,-675.150083455195,0,0,288,-301.32945221559396,-392.49999999999903,-113.36274175490401,-155.957889484699
10176,-77.20768060985709,0,0,291,-198.993022354007,-1.5381563797290801e-12,-4.2911623842123297e-13,-169.214658255848
10177,440.093135600967,0,0,294,-177.53484112743698,392.499999999996,113.362741754903,-182.234765026494
10178,1017.7242123989399,0,0,297,16.894270428153302,679.829941970783,218.999999999999,-195.0
10179,915.2524366746479,0,0,300,-271.96782364407903,785.0,309.712770159708,-207.492509840981
10180,1136.8778062905699,0,0,303,-5.5764398929899,679.829941970783,379.319126857584,-219.694822644813
10181,1045.7729145508001,0,0,306,155.78727500985,392.50000000000097,423.075511914612,-231.589872373666
10182,367.43891911746596,0,0,309,-136.400058157632,4.42317139132054e-12,438.0,-243.16102272490602
10183,-435.92952694870695,0,0,312,-524.112948464854,-392.499999999998,423.075511914612,-254.392090398467
10184,-110.04615372744,0,0,315,140.732029116419,-679.829941970784,379.319126857584,-265.267367730659
10185,-305.407662007798,0,0,318,127.65121249524799,-785.0,309.712770159707,-275.771644662753
10186,-370.77713273661595,0,0,321,54.9430392478011,-679.829941970785,219.0,-285.890230013632
10187,-771.6058191873401,0,0,324,-520.859588915515,-392.50000000000296,113.36274175490499,-295.608972026727
10188,-223.92126838778802,0,0,327,-246.006990225255,-1.7304259271952097e-12,4.82755768223887e-13,-304.914278162532
10189,78.2731088217072,0,0,330,-217.071015314385,392.499999999996,-113.362741754903,-313.793134109001
10190,370.543993040757,0,0,333,-101.052826946791,679.829941970786,-219.000000000001,-322.233121983238
10191,457.58455512839106,0,0,336,-23.4802370128703,785.0,-309.712770159708,-330.222437699031
10192,254.168101119618,0,0,339,-47.5928065176536,679.829941970786,-379.319126857584,-337.749907475931
10193,306.188540565621,0,0,342,339.56905594703,392.50000000000097,-423.075511914612,-344.80500346679804
10194,33.452737590564,0,0,345,477.830596072503,4.6154409387866695e-12,-438.0,-351.37785848194295
10195,-1356.0199868299198,0,0,348,-530.985195126017,-392.50000000000296,-423.075511914612,-357.459279789291
10196,-1226.6591054259402,0,0,351,-155.46927462633002,-679.829941970784,-379.319126857584,-363.04076197124
10197,-1106.7689058093,0,0,354,2.05836317067106,-785.0,-309.712770159708,-368.114498820263
10198,-681.031043353272,0,0,357,233.472292874108,-679.829941970785,-219.0,-372.673394256595
10199,-438.330730935248,0,0,360,84.24308307239791,-392.500000000004,-113.36274175490499,-376.711072252737
10200,459.65427376923304,0,0,363,476.87615952015295,-7.50045595037813e-12,-2.0924838893411597e-12,-380.22188575091104
10201,852.484900905451,0,0,366,363.823083711529,392.5,113.36274175490401,-383.200924560982
10202,957.381194888163,0,0,369,75.195275145181,679.829941970783,218.999999999999,-385.6440222278
10203,938.034550710531,0,0,372,-141.130457590811,785.0,309.712770159707,-387.547761858365
10204,1166.93788806718,0,0,375,121.698300139467,679.829941970786,379.319126857584,-388.90948090066
10205,813.4955560812731,0,0,378,9.647319034135641,392.50000000000097,423.075511914612,-389.727274867475
10206,317.99340190718397,0,0,381,-111.006598092815,-7.700499894639821e-13,438.0,-390.0
10207,-84.34422740162209,0,0,384,-109.19246444875601,-392.50000000000296,423.075511914612,-389.727274867475
10208,-778.519400516123,0,0,387,-476.099104502266,-679.829941970781,379.319126857585,-388.90948090066
10209,-461.005995402322,0,0,390,11.8289962963341,-785.0,309.712770159708,-387.547761858365
10210,-141.440255900701,0,0,393,312.033708297884,-679.829941970785,219.0,-385.6440222278
10211,-130.530783693722,0,0,396,135.807399112356,-392.49999999999903,113.36274175490401,-383.200924560982
10212,-62.6197190502381,0,0,399,-81.3978332993294,3.46279545358931e-12,-9.66053763485425e-13,-380.22188575091104
10213,165.79084755549601,0,0,402,-138.63533843686,392.49999999999494,-113.362741754903,-376.711072252737
10214,715.53127480328,0,0,405,222.37472708909198,679.829941970783,-218.999999999999,-372.673394256595
10215,493.384460125486,0,0,408,-21.788270894542602,785.0,-309.712770159708,-368.114498820263
10216,625.804891519975,0,0,411,277.334838378015,679.829941970784,-379.319126857584,-363.04076197124
10217,42.5705177232486,0,0,414,16.6053094271548,392.49999999999704,-423.075511914612,-357.459279789291
10218,-200.2770611046,0,0,417,172.10079737733898,4.99998003371894e-12,-438.0,-351.377858481944
10219,-657.199819796779,0,0,420,83.180695584629,-392.499999999998,-423.075511914612,-344.80500346679804
10220,-1701.08492942196,0,0,423,-727.185953117662,-679.829941970784,-379.319126857584,-337.749907475931
10221,-1330.73286560822,0,0,426,-331.797657749478,-785.0,-309.71277015971003,-330.222437699031
10222,-488.541508668507,0,0,429,303.521555285512,-679.829941970782,-218.999999999999,-322.233121983238
10223,-560.787465050415,0,0,432,-173.131589186505,-392.500000000004,-113.36274175490499,-313.793134109001
10224,33.4138179425956,0,0,435,-96.6719038948698,-2.30723456959361e-12,-6.43674357631849e-13,-304.914278162532
10225,697.7666958675239,0,0,438,49.512926139347,392.5,113.36274175490401,-295.608972026727
10226,831.066445909492,0,0,441,-222.873266047653,679.8299419707799,218.999999999998,-285.890230013633
10227,1466.4872311566598,0,0,444,203.546105659701,785.0,309.712770159709,-275.771644662754
10228,1373.55347544149,0,0,447,132.671774343774,679.829941970786,379.319126857584,-265.267367730658
10229,1247.80293093138,0,0,450,236.61950941523602,392.500000000002,423.075511914612,-254.392090398467
10230,738.231609786221,0,0,453,90.3926325111278,-3.8551089453171294e-13,438.0,-243.16102272490602
10231,-53.525625792750205,0,0,456,-308.511265333704,-392.499999999993,423.075511914612,-231.589872373666
10232,444.87016676244,0,0,459,506.07580452044897,-679.829941970781,379.319126857585,-219.694822644813
10233,-469.364729375511,0,0,462,-248.584989694238,-785.0,309.712770159709,-207.492509840981
10234,179.147076787294,0,0,465,369.977018758079,-679.829941970785,219.0,-195.0
10235,-3.8205680051332496,0,0,468,-10.4485447335436,-392.49999999999903,113.36274175490401,-182.234765026494
10236,138.736747682265,0,0,471,-163.048594061881,-8.077264592776531e-12,2.25340247874912e-12,-169.214658255848
10237,1056.7356512163901,0,0,474,459.556282455998,392.49999999999494,-113.362741754903,-155.957889484699
10238,794.6565539955039,0,0,477,-0.690388472385283,679.829941970783,-218.999999999999,-142.482999502894
10239,966.659362292681,0,0,480,140.180966614904,785.0,-309.712770159708,-128.80883416251498
10240,1150.5149091952499,0,0,483,481.95861210229896,679.829941970784,-379.319126857584,-114.95451802025299
10241,677.878839828885,0,0,486,323.393779333473,392.500000000007,-423.07551191461096,-100.93942758998301
10242,-174.41757944693,0,0,489,-138.634415203972,5.38451912865121e-12,-438.0,-86.7831642429627
10243,-307.49023584438703,0,0,492,88.59080286375891,-392.49999999999704,-423.075511914612,-72.50552679353692
10244,-438.357791806733,0,0,495,183.91776083034,-679.829941970778,-379.31912685758596,-58.1264838087084
10245,-681.698103609609,0,0,498,-41.319187769608604,-785.0,-309.71277015971003,-43.6661456802905
10246,18.6243372044897,0,0,501,445.599015673976,-679.829941970782,-218.999999999999,-29.144736498705303
10247,-189.272421020069,0,0,504,-172.827113497405,-392.49999999999494,-113.362741754902,-14.582565767767
10248,346.103689628096,0,0,507,-160.896310371901,-2.69177366452588e-12,-7.50953417237157e-13,-9.552245033349362e-14
10249,1048.1242854855,0,0,510,17.6789779628329,392.5,113.36274175490401,14.5825657677671
10250,1758.5181271029999,0,0,513,317.543448633511,679.829941970785,219.0,29.1447364987055
10251,1683.20543085864,0,0,516,28.8265150186446,785.0,309.712770159706,43.66614568029
10252,1986.4560586003302,0,0,519,350.18050596325304,679.829941970787,379.319126857583,58.1264838087078
10253,1586.41038390573,0,0,522,176.32934519757598,392.500000000002,423.075511914612,72.5055267935364
10254,1013.4759407848801,0,0,525,-36.307223458089794,1.11545491518341e-11,438.0,86.7831642429625
10255,839.2217182831799,0,0,528,179.706778778577,-392.499999999992,423.07551191461306,100.93942758998301
10256,-83.03551906172979,0,0,531,-428.479221968786,-679.829941970781,379.319126857585,114.954518020252
10257,-89.2152989097122,0,0,534,-276.73690323193404,-785.0,309.712770159706,128.80883416251498
10258,92.47765934429809,0,0,537,-126.175398187811,-679.829941970785,219.0,142.482999502894
10259,402.11391374808295,0,0,540,-14.706717491520003,-392.5,113.36274175490401,155.957889484699
10260,332.466900111901,0,0,543,-379.747758143948,2.6937172637247697e-12,-7.51495644274808e-13,169.214658255848
10261,555.2996316473719,0,0,546,-452.072391624214,392.49999999999494,-113.362741754902,182.234765026494
10262,951.824076650498,0,0,549,-253.00586532028498,679.829941970782,-218.999999999999,195.0
10263,1499.65884238385,0,0,552,264.87910270257703,785.0,-309.712770159707,207.492509840981
10264,1064.86220489066,0,0,555,-10.343432867358,679.829941970789,-379.319126857583,219.694822644812
10265,1420.15719975457,0,0,558,661.142839295506,392.500000000007,-423.07551191461096,231.589872373665
10266,203.51174360469798,0,0,561,-162.64927912021298,5.7690582235834805e-12,-438.0,243.16102272490602
10267,-85.75714058002279,0,0,564,-88.57371906387199,-392.500000000007,-423.07551191461096,254.392090398467
10268,47.812386833721,0,0,567,274.694087931431,-679.829941970784,-379.319126857584,265.267367730659
10269,-401.795262515821,0,0,570,-152.854137018867,-785.0,-309.712770159708,275.771644662753
10270,-25.2337659105424,0,0,573,14.705946046607098,-679.829941970783,-218.999999999999,285.890230013632
10271,136.670122722897,0,0,576,-229.076107548919,-392.50000000000506,-113.36274175490601,295.608972026727
10272,1227.21108452411,0,0,579,343.296806361584,-3.07631275945815e-12,-8.582324768424649e-13,304.914278162532
10273,1548.10188151765,0,0,582,146.446005653747,392.49999999999903,113.36274175490401,313.793134109001
10274,1503.34366786059,0,0,585,-302.719396093422,679.829941970779,218.999999999998,322.233121983238
10275,1507.83695133858,0,0,588,-505.09825652015604,785.0,309.712770159706,330.222437699031
10276,2526.7582943314897,0,0,591,538.859318027189,679.829941970787,379.319126857583,337.749907475931
10277,1757.0380217974803,0,0,594,2.65750641606206,392.500000000012,423.07551191461096,344.80500346679804
10278,1401.5673373498098,0,0,597,15.1894788678686,3.83567295332825e-13,438.0,351.377858481944
10279,1154.1855563263198,0,0,600,166.150764622418,-392.500000000002,423.075511914612,357.459279789291
10280,509.490345251541,0,0,603,-156.03960160649598,-679.829941970786,379.319126857584,363.04076197124
10281,241.131557203615,0,0,606,-257.69571177635703,-785.0,309.712770159709,368.114498820263
10282,11.435659474259,0,0,609,-509.40779281155096,-679.829941970786,219.000000000001,372.673394256595
10283,431.04800046669897,0,0,612,-278.525813540942,-392.5,113.36274175490401,376.711072252737
10284,1564.4222550795,0,0,615,569.2003693285959,-8.84634278264107e-12,2.4679605979597403e-12,380.22188575091104
10285,1323.11601834934,0,0,618,42.7778355432617,392.499999999994,-113.362741754902,383.200924560982
10286,1199.54878285659,0,0,621,-267.92518134198997,679.829941970782,-218.999999999999,385.6440222278
10287,1725.77608587788,0,0,624,238.94109417921902,785.0,-309.71277015970503,387.547761858365
10288,1480.89294088531,0,0,627,164.47264487145202,679.829941970784,-379.319126857584,388.90948090066
10289,630.9588752744,0,0,630,-358.192887678461,392.499999999998,-423.075511914612,389.727274867475
10290,743.120281733015,0,0,633,158.12028173302,-5.0019236329178304e-12,-438.0,390.0
10291,313.130020741354,0,0,636,102.97825778848801,-392.49999999999704,-423.075511914612,389.727274867475
10292,-46.737716969609394,0,0,639,-15.498129041901699,-679.829941970784,-379.319126857584,388.90948090066
10293,440.51477624879897,0,0,642,505.67978455014196,-785.0,-309.712770159708,387.547761858365
10294,-423.33698868240896,0,0,645,-555.151068939419,-679.829941970788,-219.000000000002,385.6440222278
10295,802.963342544679,0,0,648,277.625159738607,-392.50000000000506,-113.36274175490601,383.200924560982
10296,1031.29653276489,0,0,651,0.074647013981639,-3.4608518543904194e-12,-9.65511536447773e-13,380.22188575091104
10297,1800.62968056079,0,0,654,264.055866553163,392.49999999998903,113.36274175490101,376.711072252737
10298,1483.27044193767,0,0,657,-445.232894289704,679.829941970779,218.999999999998,372.673394256595
10299,1741.82037038688,0,0,660,-381.00689859309404,785.0,309.712770159708,368.114498820263
10300,1919.5090896094,0,0,663,-165.68074119020702,679.829941970781,379.319126857585,363.04076197124
10301,1745.34322552773,0,0,666,-93.6915661761755,392.50000000000296,423.075511914612,357.459279789291
10302,1486.9785208388,0,0,669,28.6006623568554,7.681063902650941e-13,438.0,351.377858481944
10303,966.975815022825,0,0,672,-80.4047003585833,-392.50000000000097,423.075511914612,344.80500346679804
10304,721.6638984331739,0,0,675,9.424806070438551,-679.829941970781,379.319126857585,337.749907475931
10305,1051.63372435858,0,0,678,518.698516499839,-785.0,309.712770159709,330.222437699031
10306,796.745395358734,0,0,681,254.34221534628102,-679.829941970786,219.000000000001,322.233121983238
10307,780.364046957626,0,0,684,61.7081710937286,-392.50000000001,113.36274175490699,313.793134109001
10308,898.6052713449769,0,0,687,-93.30900681754758,-9.230881877573339e-12,2.57523965756505e-12,304.914278162532
10309,1390.06793720662,0,0,690,125.32170693479799,392.499999999994,-113.362741754902,295.608972026727
10310,1756.62937553243,0,0,693,316.909203548008,679.829941970788,-219.000000000002,285.890230013632
10311,1027.03994770839,0,0,696,-420.018926794656,785.0,-309.712770159707,275.771644662753
10312,1507.94649737571,0,0,699,243.168314531851,679.829941970784,-379.319126857584,265.267367730659
10313,1264.3608683756802,0,0,702,338.544289891828,392.499999999998,-423.075511914612,254.392090398467
10314,316.791648151971,0,0,705,-193.369374572942,6.538136413448019e-12,-438.0,243.16102272490602
10315,527.601686769405,0,0,708,403.587326310347,-392.499999999996,-423.075511914612,231.589872373666
10316,9.8300474067496,0,0,711,138.284293590305,-679.829941970783,-379.319126857584,219.694822644813
10317,30.2986364793369,0,0,714,203.518896798065,-785.0,-309.71277015971003,207.49250984098202
10318,207.02909142137298,0,0,717,193.859033392163,-679.829941970789,-219.000000000002,195.000000000001
10319,246.39584894986598,0,0,720,-149.97617432171802,-392.50000000000506,-113.36274175490601,182.234765026494
10320,611.496817667874,0,0,723,-280.717840587954,-1.50009119007563e-11,-4.184967778682319e-12,169.214658255848
10321,2124.99419881362,0,0,726,737.173567574017,392.49999999999903,113.36274175490401,155.957889484699
10322,1479.68666724957,0,0,729,-290.626274224109,679.829941970785,219.0,142.482999502894
10323,1856.87302421543,0,0,732,-98.64858010679329,785.0,309.712770159708,128.80883416251498
10324,2047.48263951818,0,0,735,138.379052669557,679.829941970787,379.319126857583,114.95451802025299
10325,1834.2398810955103,0,0,738,179.724941590917,392.50000000000296,423.075511914612,100.93942758998301
10326,1390.4078754944799,0,0,741,124.624711251509,1.23081664366309e-11,438.0,86.7831642429628
10327,1008.8375664986,0,0,744,161.756527790453,-392.50000000000097,423.075511914612,72.50552679353692
10328,738.6166617866029,0,0,747,234.00099309108998,-679.829941970781,379.319126857585,58.1264838087084
10329,334.932577389106,0,0,750,16.5536615491042,-785.0,309.712770159711,43.6661456802905
10330,336.596971744576,0,0,753,15.282177216654699,-679.829941970786,219.000000000001,29.144736498706102
10331,657.620143939689,0,0,756,166.17483641701202,-392.499999999991,113.36274175490101,14.582565767767
10332,787.9686212230549,0,0,759,28.9686212230542,1.54009997892796e-12,-4.29658465458884e-13,1.4328367550024e-13
10333,949.099088221324,0,0,762,-77.4556042560013,392.499999999994,-113.362741754902,-14.5825657677667
10334,1086.9621512392998,0,0,765,-109.72305423278,679.829941970787,-219.000000000002,-29.1447364987051
10335,1933.92279278738,0,0,768,734.301708627374,785.0,-309.712770159707,-43.6661456802903
10336,828.908463420138,0,0,771,-184.475867884362,679.8299419707901,-379.31912685758203,-58.1264838087081
10337,508.88608975586305,0,0,774,-162.032871535986,392.499999999998,-423.075511914612,-72.5055267935367
10338,615.051992422815,0,0,777,362.83515666577006,6.9226755083802794e-12,-438.0,-86.7831642429625
10339,-678.06411450493,0,0,780,-541.549175000348,-392.49999999998596,-423.07551191461306,-100.93942758998301
10340,-356.50666817716103,0,0,783,34.5969186714584,-679.829941970783,-379.319126857584,-114.954518020252
10341,-256.080344664818,0,0,786,181.441259657407,-785.0,-309.71277015971003,-128.80883416251498
10342,128.208287518579,0,0,789,380.521228992256,-679.829941970783,-218.999999999999,-142.482999502894
10343,375.402138363929,0,0,792,245.22276960354,-392.500000000006,-113.36274175490601,-155.957889484699
10344,883.2993533682901,0,0,795,257.514011624129,6.925590907178609e-12,1.93210752697085e-12,-169.214658255848
10345,814.302980240788,0,0,798,-307.32499648762,392.499999999998,113.36274175490401,-182.234765026494
10346,1447.7919673881102,0,0,801,-57.0379745826634,679.829941970779,218.999999999997,-195.0
10347,1727.1342336009302,0,0,804,35.9139732822071,785.0,309.712770159708,-207.492509840981
10348,1687.00885392944,0,0,807,40.55460774587729,679.829941970787,379.319126857583,-219.694822644813
10349,1216.33978033025,0,0,810,-177.64585921070702,392.50000000001296,423.07551191461096,-231.589872373666
10350,979.642703305325,0,0,813,-28.196273969770605,1.5371845801296298e-12,438.0,-243.16102272490602
10351,876.590508605796,0,0,816,284.407087089641,-392.499999999991,423.07551191461306,-254.392090398467
10352,-80.52092005314309,0,0,819,-333.742737209282,-679.829941970786,379.319126857584,-265.267367730659
10353,139.800057048655,0,0,822,68.8589315517,-785.0,309.712770159709,-275.771644662754
10354,410.93567680213204,0,0,825,332.65584878654596,-679.829941970781,218.999999999998,-285.890230013632
10355,422.59086666638,0,0,828,169.337096938203,-392.50000000000097,113.36274175490401,-295.608972026727
10356,1109.01401079041,0,0,831,582.928288952951,-9.99996006743788e-12,2.7897977767756603e-12,-304.914278162532
10357,917.724594803303,0,0,834,118.380470667206,392.50000000000296,-113.36274175490499,-313.793134109001
10358,1242.1169861063902,0,0,837,266.520166118849,679.829941970782,-218.999999999999,-322.233121983238
10359,1272.6488882630902,0,0,840,287.584096121825,785.0,-309.71277015970503,-330.222437699031
10360,711.356919971646,0,0,843,-94.4039876656242,679.829941970785,-379.319126857584,-337.749907475931
10361,87.418314452252,0,0,846,-383.20117016634697,392.500000000008,-423.07551191461096,-344.80500346679804
10362,27.0076401808034,0,0,849,-32.6145013372717,1.84627355547461e-11,-438.0,-351.37785848194295
10363,-111.591882884247,0,0,852,209.442908819652,-392.499999999996,-423.075511914612,-357.459279789291
10364,-867.282501412379,0,0,855,-300.09267061276796,-679.829941970789,-379.319126857583,-363.04076197124
10365,-572.204790393129,0,0,858,32.6224785868422,-785.0,-309.712770159708,-368.114498820263
10366,-334.626437859816,0,0,861,75.87689836757009,-679.829941970789,-219.000000000002,-372.673394256595
10367,-61.186151985623894,0,0,864,-42.612337977988,-392.499999999996,-113.362741754903,-376.711072252737
10368,477.26920642402496,0,0,867,-9.50890782505793,-4.6144691391872305e-12,-1.2873487152637e-12,-380.22188575091104
10369,899.671097097774,0,0,870,-92.99072009613229,392.499999999988,113.3627417549,-383.200924560982
10370,1592.4356657523,0,0,873,206.24974600932,679.829941970784,219.0,-385.6440222278
10371,1692.7609079334698,0,0,876,109.595899632129,785.0,309.712770159706,-387.547761858365
10372,1679.88295876108,0,0,879,130.643370833366,679.829941970793,379.31912685758203,-388.90948090066
10373,1336.1578263693302,0,0,882,28.3095893221913,392.500000000004,423.075511914612,-389.727274867475
10374,1139.0986570019502,0,0,885,206.098657001957,-9.23379727637167e-12,438.0,-390.0
10375,151.240386613939,0,0,888,-377.60785043319703,-392.5,423.075511914612,-389.727274867475
10376,201.428816659831,0,0,891,-0.15088732631351998,-679.8299419707799,379.319126857585,-388.90948090066
10377,-337.738307864664,0,0,894,-368.903316166006,-785.0,309.712770159707,-387.547761858365
10378,-91.1208553034333,0,0,897,-141.646891104848,-679.829941970786,219.000000000001,-385.6440222278
10379,226.38872362337898,0,0,900,-11.2730935705353,-392.50000000001097,113.36274175490801,-383.200924560982
10380,789.538833034066,0,0,903,266.760718784976,7.710217890634251e-13,-2.15100346248268e-13,-380.22188575091104
10381,716.699090256715,0,0,906,-91.7270957356389,392.499999999993,-113.362741754902,-376.711072252737
10382,1334.4333989341199,0,0,909,337.276851219932,679.829941970776,-218.999999999996,-372.673394256595
10383,882.513022994596,0,0,912,-136.65970802543302,785.0,-309.712770159707,-368.114498820264
10384,1010.8130909903599,0,0,915,158.343037848394,679.829941970791,-379.31912685758203,-363.04076197124
10385,542.341253049246,0,0,918,12.376044753150001,392.49999999999903,-423.075511914612,-357.459279789291
10386,467.42039803331704,0,0,921,335.798256515253,7.69175369824482e-12,-438.0,-351.377858481944
10387,-163.952968145434,0,0,924,72.42754723598041,-392.50000000000506,-423.07551191461096,-344.80500346679804
10388,-594.560597967667,0,0,927,-124.661621663369,-679.829941970783,-379.319126857585,-337.749907475931
10389,-459.23738335331296,0,0,930,35.697824505427796,-785.0,-309.71277015971003,-330.222437699031
10390,-287.187248082723,0,0,933,0.8758158712983369,-679.829941970784,-219.0,-322.233121983238
10391,-7.54467813681391,0,0,936,-123.888802272901,-392.500000000006,-113.36274175490601,-313.793134109001
10392,437.984409785539,0,0,939,-196.101312051909,-1.6154529185553098e-11,-4.50680495749825e-12,-304.914278162532
10393,1369.98170645638,0,0,942,217.72793672820498,392.499999999998,113.362741754903,-295.608972026727
10394,1708.4852870619,0,0,945,150.545575104762,679.829941970779,218.999999999997,-285.890230013633
10395,1702.88230613182,0,0,948,-64.0588193651323,785.0,309.712770159708,-275.771644662753
10396,1647.69728118095,0,0,951,-97.184419916759,679.829941970788,379.319126857583,-265.267367730659
10397,1260.9990653843302,0,0,954,-254.184356131805,392.499999999994,423.075511914612,-254.392090398467
10398,973.471011442502,0,0,957,-178.367965832594,2.30626276999417e-12,438.0,-243.16102272490602
10399,805.750519312114,0,0,960,46.764879771157595,-392.49999999999,423.07551191461306,-231.589872373666
10400,435.53380855232103,0,0,963,-7.26055368966426,-679.829941970786,379.319126857584,-219.694822644813
10401,70.690204173575,0,0,966,-212.530056145152,-785.0,309.712770159709,-207.49250984098202
10402,409.661867883153,0,0,969,96.4918098539408,-679.829941970792,219.000000000004,-195.0
10403,423.958145629113,0,0,972,-86.6698310992953,-392.500000000002,113.36274175490499,-182.234765026494
10404,685.113127106389,0,0,975,-120.672214637756,-1.07690382573024e-11,3.0043558959862797e-12,-169.214658255848
10405,1481.1117237836,0,0,978,379.93235502321295,392.499999999983,-113.362741754899,-155.957889484699
10406,1669.2900416305702,0,0,981,369.943099162684,679.829941970781,-218.999999999999,-142.482999502894
10407,1431.2685516511401,0,0,984,100.790155973365,785.0,-309.712770159709,-128.80883416251498
10408,856.065976000295,0,0,987,-316.490321092667,679.829941970796,-379.319126857581,-114.95451802025299
10409,333.372780464016,0,0,990,-525.112280031399,392.500000000009,-423.07551191461096,-100.93942758998301
10410,436.14128613339795,0,0,993,-32.0755496236576,1.9231813744610698e-11,-438.0,-86.78316424296351
10411,10.935130040922301,0,0,996,-96.9838312509334,-392.49999999999494,-423.075511914612,-72.505526793537
10412,-420.515680493033,0,0,999,-302.24012785595403,-679.829941970788,-379.319126857583,-58.1264838087078
10413,280.639442834086,0,0,1002,417.018358674085,-785.0,-309.712770159708,-43.666145680290605
10414,272.692285833946,0,0,1005,195.66696430342603,-679.829941970778,-218.999999999997,-29.144736498705395
10415,408.16242380693,0,0,1008,-79.3922686703776,-392.50000000001603,-113.362741754909,-14.5825657677671
10416,712.346014781377,0,0,1011,-298.653985218616,-5.38354732905176e-12,-1.50190683447431e-12,-1.91044900666987e-13
10417,1112.67135864893,0,0,1014,-421.77394887372003,392.499999999988,113.3627417549,14.5825657677667
10418,2005.65545021015,0,0,1017,60.6807717406629,679.829941970784,219.0,29.144736498705697
10419,2396.0110073606897,0,0,1020,237.63209152069697,785.0,309.712770159706,43.666145680289496
10420,2074.21967212043,0,0,1023,-66.0558805166475,679.829941970782,379.319126857585,58.1264838087081
10421,2106.26806958501,0,0,1026,192.187030876838,392.50000000002404,423.07551191461,72.5055267935359
10422,1699.0457070076502,0,0,1029,145.26254276467898,1.3846322816360002e-11,438.0,86.7831642429624
10423,1285.45948674138,0,0,1032,121.94454723678801,-392.5,423.075511914612,100.93942758998301
10424,1008.8102576884501,0,0,1035,159.366554781391,-679.8299419707799,379.319126857585,114.954518020252
10425,659.586977178422,0,0,1038,-31.9346271438,-785.0,309.712770159707,128.80883416251498
10426,479.462199636438,0,0,1041,-243.19085789567,-679.829941970787,219.000000000001,142.48299950289302
10427,668.213873838806,0,0,1044,-252.606757400803,-392.499999999992,113.362741754902,155.957889484699
10428,1397.81913630397,0,0,1047,181.60447804813802,-2.23090983036683e-11,6.22381213822083e-12,169.21465825584698
10429,1609.36844655839,0,0,1050,97.9964232868054,392.499999999992,-113.362741754902,182.234765026494
10430,1514.32510289022,0,0,1053,-194.504839080559,679.829941970776,-218.999999999996,195.0
10431,2104.74045019011,0,0,1056,365.960710508831,785.0,-309.712770159707,207.492509840981
10432,1578.2290130358201,0,0,1059,-0.9766247221969141,679.829941970791,-379.31912685758203,219.694822644812
10433,1002.0909788043699,0,0,1062,-260.923381654683,392.5,-423.075511914612,231.589872373666
10434,1362.97747828579,0,0,1065,492.816455560896,-1.3850210014757801e-11,-438.0,243.16102272490699
10435,798.7801095326911,0,0,1068,291.963531048822,-392.499999999985,-423.07551191461306,254.392090398467
10436,203.67039222011903,0,0,1071,-73.4479066821732,-679.829941970782,-379.319126857585,265.267367730659
10437,28.4330347907803,0,0,1074,-226.625839712263,-785.0,-309.71277015971003,275.771644662753
10438,415.792668110886,0,0,1077,-48.2676199319628,-679.829941970784,-219.0,285.890230013632
10439,1204.3480630719198,0,0,1080,334.601832800106,-392.500000000007,-113.36274175490601,295.608972026726
10440,1399.1597679454198,0,0,1083,11.245489782878499,5.3874345274495395e-12,1.5029912885496203e-12,304.914278162532
10441,1744.2332459285299,0,0,1086,-161.422629935347,392.499999999978,113.362741754897,313.793134109
10442,2229.0907401011,0,0,1089,-80.9723238529092,679.829941970778,218.999999999997,322.233121983238
10443,1665.10403979935,0,0,1092,-851.831168059388,785.0,309.712770159708,330.222437699031
10444,3066.56992514924,0,0,1095,574.670948844941,679.829941970788,379.319126857583,337.749907475931
10445,2451.41595259765,0,0,1098,193.03543721624501,392.49999999999494,423.075511914612,344.80500346679804
10446,2010.1739638320103,0,0,1101,119.796105350061,3.07534095985871e-12,438.0,351.37785848194295
10447,1527.48769455479,0,0,1104,35.452902850895704,-392.500000000009,423.07551191461096,357.459279789291
10448,1342.58708005028,0,0,1107,173.057133192229,-679.829941970774,379.319126857587,363.040761971239
10449,358.92332179038806,0,0,1110,-643.903947189585,-785.0,309.712770159709,368.114498820263
10450,871.687154432792,0,0,1113,-153.156297853014,-679.829941970792,219.000000000004,372.673394256595
10451,1151.1106474078301,0,0,1116,-62.4631665998067,-392.500000000002,113.36274175490499,376.711072252737
10452,1418.95721527583,0,0,1119,-80.2646704750747,-1.1538116447167e-11,3.2189140151969e-12,380.22188575091104
10453,1758.27647006915,0,0,1122,-26.0617127369344,392.500000000002,-113.36274175490499,383.200924560982
10454,1863.7490245483898,0,0,1125,-107.72493965019699,679.829941970792,-219.000000000004,385.6440222278
10455,1963.7931227283102,0,0,1128,-27.041868970348897,785.0,-309.71277015970503,387.547761858365
10456,1505.7169971444698,0,0,1131,-314.703298869393,679.829941970786,-379.319126857584,388.90948090066
10457,1579.4242916955802,0,0,1134,86.27252874270658,392.50000000001,-423.07551191461096,389.727274867475
10458,797.7185531881081,0,0,1137,-291.28144681188996,-2.31014996839194e-12,-438.0,390.0
10459,534.834606341168,0,0,1140,-179.31715661169997,-392.499999999994,-423.075511914612,389.727274867475
10460,544.977927878978,0,0,1143,72.21751580668841,-679.829941970788,-379.319126857583,388.90948090066
10461,577.216148964833,0,0,1146,138.381157266181,-785.0,-309.712770159713,387.547761858365
10462,671.953270038213,0,0,1149,36.1391897812049,-679.8299419707901,-219.000000000003,385.6440222278
10463,818.1864913757739,0,0,1152,-211.15169143028197,-392.500000000017,-113.362741754909,383.20092456098297
10464,2090.0648975014396,0,0,1155,554.843011750535,-6.1526255189163e-12,-1.7164649536849299e-12,380.22188575091104
10465,2186.25329886008,0,0,1158,145.679484852427,392.500000000006,113.36274175490601,376.711072252737
10466,2298.7360243106896,0,0,1161,-133.76731191668802,679.829941970784,219.0,372.673394256595
10467,2674.84358286901,0,0,1164,48.0163138890417,785.0,309.71277015971003,368.114498820263
10468,2269.90131020993,0,0,1167,-319.288520589685,679.829941970794,379.319126857581,363.04076197124
10469,2284.3098528552,0,0,1170,-58.724938848707,392.50000000000506,423.07551191461096,357.459279789291
10470,1709.6990755456,0,0,1173,-252.67878293636102,1.46154010062245e-11,438.0,351.377858481944
10471,1389.64019777269,0,0,1176,-161.740317608724,-392.49999999999903,423.075511914612,344.80500346679804
10472,1199.81655040022,0,0,1179,-16.4225419625153,-679.829941970779,379.31912685758596,337.749907475931
10473,1067.4741645517802,0,0,1182,30.538956693046398,-785.0,309.712770159707,330.222437699031
10474,-613.379459340208,1,0,1185,99.3995055036586,-679.829941970798,219.00000000000702,322.233121983238
10475,1558.33126702414,0,0,1188,335.675391160242,-392.500000000012,113.36274175490801,313.793134109001
10476,1915.5009016381896,0,0,1191,419.58662347565905,-7.6713459066565e-13,2.14015892172965e-13,304.914278162531
10477,1899.06567808791,0,0,1194,130.319447816092,392.499999999992,-113.362741754902,295.608972026727
10478,2449.3925825034,0,0,1197,505.672410518986,679.829941970786,-219.000000000001,285.890230013632
10479,2065.77482521985,0,0,1200,114.715950716803,785.0,-309.712770159707,275.771644662754
10480,1790.7709344265,0,0,1203,21.992751582643198,679.8299419707799,-379.319126857585,265.267367730659
10481,1250.38794166976,0,0,1206,-179.428636814122,392.50000000002,-423.07551191461,254.392090398468
10482,1170.22629430974,0,0,1209,156.06527158482598,9.2299100779739e-12,-438.0,243.16102272490602
10483,650.1410222174591,0,0,1212,22.126661758390398,-392.49999999998397,-423.07551191461306,231.589872373666
10484,386.047847276387,0,0,1215,10.5020934599409,-679.829941970782,-379.319126857585,219.694822644813
10485,149.68437775799802,0,0,1218,-181.095361923273,-785.0,-309.71277015971003,207.49250984098202
10486,615.331134479056,0,0,1221,98.16107644984069,-679.829941970784,-219.0,195.0
10487,1221.06134891952,0,0,1224,320.68932564791197,-392.499999999988,-113.3627417549,182.234765026494
10488,1578.8213694847198,0,0,1227,182.606711228893,-1.76926855652821e-11,-4.935921195919481e-12,169.214658255848
10489,1633.5664062260098,0,0,1230,-258.254225013587,392.499999999996,113.362741754903,155.957889484699
10490,2412.07977552768,0,0,1233,137.766834054013,679.829941970778,218.999999999997,142.482999502894
10491,2372.5748489388398,0,0,1236,-86.94675538338561,785.0,309.712770159708,128.80883416251498
10492,2349.78753038285,0,0,1239,-63.3160564657753,679.829941970789,379.319126857583,114.95451802025299
10493,2016.5369938276601,0,0,1242,-141.97794567693398,392.499999999996,423.075511914612,100.93942758998301
10494,1739.57976340392,0,0,1245,-30.2034008390663,2.61554610525904e-11,438.0,86.78316424296351
10495,1404.46106949834,0,0,1248,53.3800307901796,-392.49999999998903,423.07551191461306,72.505526793537
10496,1087.56374810593,0,0,1251,78.9480794104253,-679.829941970785,379.319126857584,58.1264838087078
10497,918.251535100189,0,0,1254,95.87261926018931,-785.0,309.712770159709,43.666145680290605
10498,400.90959123428,0,0,1257,-424.405203293642,-679.829941970782,218.999999999999,29.1447364987055
10499,964.447376691582,0,0,1260,-30.997930831087398,-392.50000000000296,113.36274175490499,14.5825657677671
10500,1227.6991236111999,0,0,1263,-35.3008763888025,1.0003847265835698e-11,-2.79088223085097e-12,2.38806125833734e-13
10501,1568.3893866090198,0,0,1266,37.8346941317057,392.499999999982,-113.362741754898,-14.5825657677666
10502,1807.3259991958603,0,0,1269,106.64079372378599,679.829941970781,-218.999999999998,-29.144736498705697
10503,1785.95938918997,0,0,1272,82.3383050299653,785.0,-309.71277015970503,-43.666145680289496
10504,2122.87490518074,0,0,1275,605.49057387625,679.829941970786,-379.319126857584,-58.126483808708
10505,1404.52697763803,0,0,1278,229.608016346166,392.50000000001,-423.07551191461096,-72.5055267935359
10506,861.726283703235,0,0,1281,105.509447946199,-1.54107177852741e-12,-438.0,-86.7831642429624
10507,302.758935102999,0,0,1284,-64.7261253923937,-392.50000000001296,-423.07551191461096,-100.93942758998301
10508,487.349285097475,0,0,1287,374.452871946091,-679.829941970776,-379.31912685758596,-114.95451802025299
10509,-217.62385463382,0,0,1290,-284.102250311596,-785.0,-309.712770159708,-128.80883416251498
10510,266.569216512239,0,0,1293,14.8821579859264,-679.8299419707901,-219.000000000003,-142.482999502894
10511,588.94775274208,0,0,1296,-45.2316160183195,-392.499999999998,-113.36274175490401,-155.957889484699
10512,1037.93590878549,0,0,1299,-91.84943295865071,-6.921703708780839e-12,-1.93102307289555e-12,-169.21465825584698
10513,1572.76246373692,0,0,1302,-52.8655129915026,392.500000000006,113.36274175490601,-182.234765026494
10514,1608.95760658492,0,0,1305,-399.872335385843,679.829941970772,218.999999999994,-195.0
10515,2081.25378123527,0,0,1308,-113.966479083452,785.0,309.712770159706,-207.492509840981
10516,2195.96351995649,0,0,1311,45.509273772931,679.829941970794,379.319126857581,-219.694822644812
10517,1675.54600970665,0,0,1314,-222.4396298343,392.500000000006,423.07551191461096,-231.589872373665
10518,1347.32702206555,0,0,1317,-164.51195520953502,-6.92656270677806e-12,438.0,-243.16102272490602
10519,1031.98346672064,0,0,1320,-64.199954795505,-392.499999999998,423.075511914612,-254.392090398467
10520,1061.9249211185302,0,0,1323,304.703103962397,-679.8299419707901,379.31912685758203,-265.267367730659
10521,460.4518603390401,0,0,1326,-114.489265157918,-785.0,309.71277015971197,-275.771644662754
10522,591.514398191209,0,0,1329,9.23457017562685,-679.829941970787,219.000000000002,-285.890230013632
10523,1242.39582556767,0,0,1332,485.142055839506,-392.50000000001296,113.36274175490801,-295.608972026727
10524,1247.2940316750098,0,0,1335,217.208309837542,-1.5362127805301899e-12,4.28574011383581e-13,-304.914278162532
10525,917.3053683154731,0,0,1338,-386.038755820616,392.499999999991,-113.36274175490101,-313.793134109
10526,1341.51557375502,0,0,1341,-138.081246232529,679.829941970786,-219.000000000001,-322.233121983238
10527,1610.28517979194,0,0,1344,121.220387650673,785.0,-309.712770159702,-330.22243769903
10528,1328.60499775172,0,0,1347,18.844090114437602,679.829941970792,-379.31912685758203,-337.749907475931
10529,1226.29461473026,0,0,1350,251.675130111671,392.50000000000097,-423.075511914612,-344.80500346679804
10530,621.2922703382579,0,0,1353,57.6701288201915,9.99898826783843e-12,-438.0,-351.37785848194295
10531,424.40625191616095,0,0,1356,241.44104362006598,-392.50000000000296,-423.075511914612,-357.459279789291
10532,3.55878102663722,0,0,1359,66.7486118262436,-679.829941970782,-379.319126857585,-363.04076197124
10533,106.41131760364,0,0,1362,207.23858658361,-785.0,-309.712770159706,-368.114498820263
10534,15.316983382137401,0,0,1365,-78.1796803904664,-679.829941970796,-219.000000000006,-372.673394256595
10535,675.5306203762169,0,0,1368,190.104434383869,-392.500000000008,-113.36274175490699,-376.711072252737
10536,876.9161466730741,0,0,1371,-113.861967575992,-1.84617637551467e-11,-5.15047931513009e-12,-380.22188575091104
10537,1099.63779181114,0,0,1374,-397.024025382772,392.499999999996,113.362741754903,-383.200924560982
10538,1922.5149485868699,0,0,1377,32.3290288438997,679.829941970777,218.999999999997,-385.6440222278
10539,2306.89199233936,0,0,1380,219.726984038013,785.0,309.712770159708,-387.547761858365
10540,2298.12443626917,0,0,1383,244.88484834147002,679.829941970778,379.31912685758596,-388.90948090066
10541,1898.9126162682,0,0,1386,87.06437922105059,392.50000000001603,423.07551191461096,-389.727274867475
10542,1736.3930631055898,0,0,1389,299.39306310558896,4.61349733958778e-12,438.0,-390.0
10543,902.101512009426,0,0,1392,-130.746725037723,-392.499999999988,423.07551191461306,-389.727274867475
10544,449.20769775074405,0,0,1395,-256.372006235395,-679.829941970784,379.319126857584,-388.90948090066
10545,937.255192842691,0,0,1398,402.090184541346,-785.0,309.71277015971003,-387.547761858365
10546,805.662674781404,0,0,1401,251.136638979987,-679.829941970782,218.999999999999,-385.6440222278
10547,1084.32360661703,0,0,1404,342.661789423123,-392.50000000002296,113.362741754911,-383.200924560982
10548,658.31561118601,0,0,1407,-368.46250306307,-1.3076272826896e-11,3.6480302536181295e-12,-380.22188575091104
10549,1310.0836945816802,0,0,1410,-2.3424914106693797,392.499999999981,-113.362741754898,-376.711072252737
10550,1551.6954149355802,0,0,1413,50.53886722139,679.8299419707799,-218.999999999998,-372.673394256595
10551,1238.98906700529,0,0,1416,-284.183664014738,785.0,-309.712770159709,-368.114498820263
10552,1139.47230242213,0,0,1419,-216.997750719828,679.829941970786,-379.319126857584,-363.04076197124
10553,1086.62947422705,0,0,1422,52.66426593096521,392.499999999992,-423.07551191461306,-357.459279789291
10554,496.59159766974295,0,0,1425,-139.030543848335,2.15390483142043e-11,-438.0,-351.377858481944
10555,271.814457822542,0,0,1428,4.19497320394513,-392.499999999993,-423.075511914612,-344.80500346679804
10556,89.58967640768671,0,0,1431,55.488652711980706,-679.829941970776,-379.31912685758596,-337.749907475932
10557,226.27963680971803,0,0,1434,217.214844668457,-785.0,-309.712770159708,-330.222437699031
10558,234.079080716137,0,0,1437,18.1421446701687,-679.829941970791,-219.000000000003,-322.233121983238
10559,674.382743271679,0,0,1440,54.038619135582294,-392.49999999999903,-113.36274175490401,-313.793134109001
10560,923.3414143687801,0,0,1443,-214.74430746865002,-3.00018238015125e-11,-8.369935557364639e-12,-304.914278162532
10561,1541.70183536985,0,0,1446,-114.551934358307,392.49999999998596,113.3627417549,-295.608972026727
10562,2023.2189968406399,0,0,1449,-38.720715116507705,679.829941970783,218.999999999999,-285.890230013633
10563,2264.66780014595,0,0,1452,-6.273325351005041,785.0,309.71277015970503,-275.771644662754
10564,2358.66465588434,0,0,1455,109.782954786628,679.829941970784,379.319126857584,-265.267367730658
10565,1981.8326146814102,0,0,1458,-37.3508068347424,392.500000000006,423.07551191461096,-254.392090398468
10566,1516.45106242173,0,0,1461,-139.387914853363,-6.1574845169135194e-12,438.0,-243.16102272490602
10567,1271.77538955459,0,0,1464,8.78975001362301,-392.499999999978,423.075511914614,-231.589872373667
10568,831.437397655492,0,0,1467,-115.356964586503,-679.829941970779,379.31912685758596,-219.694822644812
10569,957.1112914304649,0,0,1470,169.891031111736,-785.0,309.71277015971197,-207.49250984098202
10570,1106.82858328156,0,0,1473,289.658525252347,-679.829941970788,219.000000000002,-195.0
10571,1071.2867975429301,0,0,1476,56.6588208145163,-392.499999999994,113.362741754902,-182.234765026494
10572,1441.66930174109,0,0,1479,131.883959996959,-2.4616332873261898e-11,6.86748649585267e-12,-169.214658255848
10573,1478.32791137031,0,0,1482,-126.851457390077,392.49999999999,-113.36274175490101,-155.957889484699
10574,1760.1745213569397,0,0,1485,-43.1724211109453,679.829941970786,-219.000000000001,-142.48299950289498
10575,1774.80568843198,0,0,1488,-59.6727072457901,785.0,-309.712770159711,-128.808834162516
10576,1609.99482901303,0,0,1491,-66.5614680799257,679.829941970792,-379.31912685758203,-114.95451802025299
10577,1073.7061169199499,0,0,1494,-288.77894357546,392.500000000002,-423.075511914612,-100.93942758998301
10578,678.584564918482,0,0,1497,-293.632270838588,3.3079108360570096e-11,-438.0,-86.7831642429636
10579,513.697949623192,0,0,1500,-98.22101166867519,-392.499999999983,-423.07551191461306,-72.5055267935364
10580,555.063957772996,0,0,1503,169.339510410072,-679.829941970781,-379.319126857585,-58.1264838087092
10581,77.5692486050995,0,0,1506,-290.05183555490396,-785.0,-309.712770159706,-43.66614568029
10582,621.673068833571,0,0,1509,40.647747303045605,-679.829941970774,-218.999999999995,-29.1447364987055
10583,1232.6162741365,0,0,1512,241.061581659179,-392.500000000009,-113.36274175490699,-14.582565767767198
10584,1548.10666483516,0,0,1515,33.1066648351549,3.0801999578559303e-12,8.59316930917768e-13,-2.8656735100048105e-13
10585,2460.28543356219,0,0,1518,421.840126039555,392.49999999997596,113.362741754897,14.5825657677666
10586,2630.92405741302,0,0,1521,181.94937894353902,679.829941970777,218.999999999996,29.1447364987049
10587,2661.05740114943,0,0,1524,-1.32151469057025,785.0,309.712770159708,43.666145680289404
10588,2998.9436618769896,0,0,1527,354.668109239917,679.829941970778,379.31912685758596,58.12648380870729
10589,2450.8697885460897,0,0,1530,32.788749837927796,392.50000000001603,423.07551191461096,72.5055267935358
10590,1561.8745399982502,0,0,1533,-495.90862424472,5.38257552945232e-12,438.0,86.78316424296301
10591,1761.7753448931896,0,0,1536,94.2604053885661,-392.49999999996805,423.07551191461505,100.93942758998199
10592,1190.4465162358301,0,0,1539,-162.99718667124202,-679.829941970773,379.319126857587,114.95451802025299
10593,1202.50957753955,0,0,1542,6.98797321732909,-785.0,309.71277015971003,128.80883416251498
10594,1265.1163138909899,0,0,1545,38.4632563588804,-679.829941970782,218.999999999999,142.482999502894
10595,1342.37694743776,0,0,1548,-82.4436838018494,-392.499999999985,113.362741754899,155.957889484699
10596,1587.3998965553799,0,0,1551,-132.814761700459,-1.38453510167606e-11,3.8625883728287404e-12,169.21465825584698
10597,1867.98852487827,0,0,1554,-147.383498393323,392.5,-113.36274175490401,182.234765026494
10598,2419.79992841211,0,0,1557,206.969986441338,679.8299419707689,-218.99999999999199,195.0
10599,2333.54260097282,0,0,1560,90.7628612915478,785.0,-309.712770159704,207.492509840981
10600,2066.13034441312,0,0,1563,-17.0752933448956,679.829941970787,-379.319126857583,219.694822644812
10601,1468.47164535665,0,0,1566,-298.542715102398,392.499999999992,-423.07551191461306,231.589872373665
10602,1526.4151090573098,0,0,1569,152.254086332383,2.23081265040688e-11,-438.0,243.16102272490502
10603,-520.51679272921,1,0,1572,227.84877364323998,-392.499999999992,-423.07551191461306,254.392090398467
10604,1023.0776718591801,0,0,1575,241.95937295688802,-679.829941970787,-379.319126857583,265.267367730659
10605,827.113887282915,0,0,1578,68.05501277987429,-785.0,-309.712770159713,275.771644662754
10606,1425.29540942042,0,0,1581,457.235121377586,-679.829941970791,-219.000000000003,285.890230013632
10607,1367.6731988427198,0,0,1584,-6.073031429102611,-392.5,-113.36274175490401,295.608972026727
10608,1626.3517676251402,0,0,1587,-265.562510537405,1.3851181814357199e-11,3.8642150539417e-12,304.914278162531
10609,2274.75402334438,0,0,1590,-134.901852519502,392.499999999985,113.362741754899,313.793134109
10610,2769.50105786732,0,0,1593,-44.5620060866976,679.829941970782,218.999999999999,322.233121983238
10611,3257.12304703174,0,0,1596,236.18783917301002,785.0,309.712770159701,330.22243769903
10612,3011.82831362758,0,0,1599,15.9293373232778,679.829941970795,379.319126857581,337.749907475931
10613,2795.39192561271,0,0,1602,33.0114102312919,392.500000000007,423.07551191461096,344.805003466797
10614,2215.14504369613,0,0,1605,-179.232814785805,-5.38840632704898e-12,438.0,351.37785848194295
10615,2263.61240345528,0,0,1608,267.577611751396,-392.50000000001603,423.07551191461096,357.459279789291
10616,1303.96914836835,0,0,1611,-369.560798489702,-679.829941970778,379.31912685758596,363.04076197124
10617,1187.43668692576,0,0,1614,-319.390582054213,-785.0,309.712770159708,368.114498820263
10618,1371.16206033569,0,0,1617,-157.68139195011298,-679.829941970799,219.00000000000702,372.673394256595
10619,2047.71097459996,0,0,1620,330.137160592328,-392.50000000001404,113.362741754909,376.711072252737
10620,2188.1005248119395,0,0,1623,184.87863906102902,-3.0743691602592597e-12,8.57690249804814e-13,380.22188575091104
10621,2113.41574697278,0,0,1626,-174.922435833307,392.500000000009,-113.36274175490699,383.200924560982
10622,2435.37280504374,0,0,1629,-40.1011591548352,679.829941970774,-218.999999999995,385.6440222278
10623,2916.27766927604,0,0,1632,421.442677577377,785.0,-309.712770159706,387.547761858365
10624,2091.5341298313197,0,0,1635,-232.886166182534,679.829941970781,-379.319126857585,388.90948090066
10625,2160.81905735767,0,0,1638,163.66729440478701,392.500000000022,-423.07551191461,389.727274867475
10626,1725.6530729266299,0,0,1641,132.653072926616,1.15371446475675e-11,-438.0,390.0
10627,1435.4059062717001,0,0,1644,217.254143318838,-392.500000000002,-423.075511914612,389.727274867475
10628,1337.66788236334,0,0,1647,360.907470291051,-679.829941970792,-379.31912685758203,388.90948090066
10629,715.230852151687,0,0,1650,-227.60413954696702,-785.0,-309.712770159711,387.547761858365
10630,1191.34020523181,0,0,1653,51.52612497479421,-679.829941970786,-219.000000000001,385.6440222278
10631,1367.14214696046,0,0,1656,-166.19603584558502,-392.500000000029,-113.362741754913,383.200924560982
10632,2003.18959366142,0,0,1659,-36.032292089466296,-1.99999201348758e-11,-5.5795955535513295e-12,380.22188575091104
10633,2695.90363755853,0,0,1662,151.329823550897,392.499999999994,113.362741754902,376.711072252737
10634,2857.72838560453,0,0,1665,-78.7749506228578,679.829941970788,219.000000000002,372.673394256595
10635,2488.3503192323,0,0,1668,-642.476949747676,785.0,309.71277015971197,368.114498820263
10636,3159.7850278865803,0,0,1671,66.5951970869702,679.8299419707901,379.319126857583,363.04076197124
10637,2560.25612041024,0,0,1674,-286.77867129365603,392.499999999998,423.075511914612,357.459279789291
10638,2324.07014469332,0,0,1677,-142.307713788657,2.8462695622183998e-11,438.0,351.377858481944
10639,2389.8590737003196,0,0,1680,334.478558318894,-392.49999999998704,423.07551191461306,344.80500346679804
10640,1304.38288102656,0,0,1683,-415.85621133617104,-679.829941970784,379.319126857584,337.749907475932
10641,1689.03456092029,0,0,1686,148.099353061557,-785.0,309.71277015970503,330.222437699031
10642,1295.25483399872,0,0,1689,-255.148346013728,-679.829941970794,219.000000000005,322.233121983238
10643,1560.13775103322,0,0,1692,-166.518124830685,-392.50000000000506,113.36274175490601,313.793134109001
10644,1813.9361412952899,0,0,1695,-185.978136867218,-3.69254711094923e-11,1.03015008572978e-11,304.914278162532
10645,2185.35171562207,0,0,1698,-87.3945146497357,392.49999999998,-113.362741754898,295.608972026727
10646,2883.0676282022496,0,0,1701,435.347456217838,679.829941970779,-218.999999999998,285.890230013632
10647,2231.9062933684,0,0,1704,-223.152581134647,785.0,-309.712770159708,275.771644662754
10648,2288.71068031795,0,0,1707,15.932497474100499,679.829941970776,-379.31912685758596,265.267367730658
10649,1898.74816413948,0,0,1710,-35.0684143443935,392.500000000012,-423.07551191461096,254.392090398468
10650,1135.55922640753,0,0,1713,-382.601796317377,7.661627910662071e-13,-438.0,243.16102272490602
10651,1253.9194298320099,0,0,1716,121.90506937292601,-392.499999999972,-423.075511914614,231.589872373667
10652,483.550360139609,0,0,1719,-395.995393676841,-679.8299419707749,-379.319126857587,219.694822644812
10653,845.858183115807,0,0,1722,11.078443434533598,-785.0,-309.712770159709,207.49250984098202
10654,671.478087561124,0,0,1725,-349.691970468098,-679.8299419707799,-218.999999999998,195.0
10655,1257.40420986496,0,0,1728,-146.967813406603,-392.50000000002,-113.36274175491,182.234765026494
10656,1888.2485151050303,0,0,1731,-11.9661431508042,-9.22893827837445e-12,-2.5746974305274e-12,169.214658255848
10657,2540.35187890728,0,0,1734,144.531247667675,392.500000000004,113.36274175490499,155.957889484699
10658,2726.71707973107,0,0,1737,-51.59586174259071,679.8299419707711,218.99999999999298,142.48299950289498
10659,3145.4051041634198,0,0,1740,181.883499841203,785.0,309.71277015970503,128.808834162514
10660,2821.41361578346,0,0,1743,-95.68997106515909,679.829941970784,379.319126857584,114.95451802025299
10661,3088.5693124863105,0,0,1746,426.054372981726,392.499999999988,423.07551191461306,100.93942758998301
10662,2714.8331387959697,0,0,1749,441.04997455298894,1.76917137656827e-11,438.0,86.7831642429636
10663,1669.90755595629,0,0,1752,-185.17348275186401,-392.499999999996,423.075511914612,72.5055267935364
10664,1600.10185434282,0,0,1755,87.48618564729321,-679.829941970767,379.319126857589,58.126483808709295
10665,1325.3433614071198,0,0,1758,-1.03555443288195,-785.0,309.71277015971197,43.6661456802901
10666,1319.02368274176,0,0,1761,-10.291111786158698,-679.829941970789,219.000000000002,29.144736498706898
10667,1298.6948206609402,0,0,1764,-200.75048686173,-392.499999999996,113.362741754903,14.582565767767198
10668,1831.5339696063502,0,0,1767,64.53396960634,1.84675945527433e-11,-5.1521059962430495e-12,3.34328576167227e-13
10669,1826.3473385908999,0,0,1770,-208.207353886423,392.49999999998903,-113.36274175490101,-14.5825657677665
10670,1950.07705497191,0,0,1773,-254.608150500167,679.829941970785,-219.0,-29.1447364987049
10671,2248.29927713526,0,0,1776,40.678192975247,785.0,-309.712770159702,-43.666145680289404
10672,1893.49058529173,0,0,1779,-127.893746012775,679.829941970793,-379.31912685758203,-58.1264838087086
10673,2055.6615244037,0,0,1782,376.74256311184797,392.50000000000296,-423.075511914612,-72.5055267935358
10674,1413.9012246956,0,0,1785,153.684388938578,-1.0004819065435099e-11,-438.0,-86.78316424296301
10675,755.891976650395,0,0,1788,-115.59308384502701,-392.499999999982,-423.07551191461306,-100.93942758998199
10676,678.994857884152,0,0,1791,62.0984447327706,-679.829941970781,-379.319126857585,-114.95451802025299
10677,302.987272313237,0,0,1794,-267.491123364534,-785.0,-309.712770159715,-128.808834162514
10678,1067.32112777201,0,0,1797,311.634069245704,-679.829941970797,-219.000000000006,-142.482999502894
10679,1302.7142917198598,0,0,1800,164.534922959475,-392.50000000001,-113.36274175490699,-155.957889484699
10680,1319.8223300678,0,0,1803,-313.963011676353,1.5420435781268502e-12,4.30200692496535e-13,-169.21465825584698
10681,2106.71687836382,0,0,1806,-22.911098364607803,392.50000000001296,113.36274175490801,-182.234765026494
10682,2440.37977074789,0,0,1809,-72.45017122287841,679.829941970776,218.999999999996,-194.999999999999
10683,2180.4571524503303,0,0,1812,-518.763107868399,785.0,309.712770159707,-207.492509840981
10684,2632.00230820563,0,0,1815,-22.4519379779397,679.829941970801,379.31912685757896,-219.694822644812
10685,2465.6050123592104,0,0,1818,63.619372818246205,392.500000000018,423.07551191461,-231.589872373666
10686,2011.24402247738,0,0,1821,-4.59495479772552,6.9207319091814e-12,438.0,-243.16102272490502
10687,1735.5417898776902,0,0,1824,135.358368361556,-392.500000000006,423.07551191461096,-254.392090398467
10688,1159.28786777331,0,0,1827,-101.93394938285101,-679.829941970772,379.31912685758795,-265.267367730658
10689,1110.7130050805001,0,0,1830,31.7718795835458,-785.0,309.71277015971003,-275.771644662754
10690,1087.3525366106,0,0,1833,1.07270859501986,-679.829941970783,218.999999999999,-285.890230013632
10691,1030.65564791246,0,0,1836,-230.59812181570302,-392.500000000025,113.362741754912,-295.608972026727
10692,1699.41374895846,0,0,1839,165.32802712100099,-1.53835073964896e-11,4.291704611249979e-12,-304.914278162531
10693,2132.20210935078,0,0,1842,324.85798521468104,392.499999999998,-113.36274175490401,-313.793134109
10694,2124.69063995409,0,0,1845,141.093819966542,679.8299419707901,-219.000000000003,-322.233121983238
10695,1871.31789323791,0,0,1848,-121.746898903351,785.0,-309.712770159704,-330.22243769903
10696,2011.46561561557,0,0,1851,197.70470797829202,679.829941970787,-379.319126857583,-337.749907475931
10697,1167.70606824519,0,0,1854,-310.913416373438,392.50000000003195,-423.07551191460897,-344.805003466797
10698,810.2282467012219,0,0,1857,-257.393894816858,2.3846282883797897e-11,-438.0,-351.377858481944
10699,646.2865338720339,0,0,1860,-40.678674424071396,-392.499999999991,-423.07551191461306,-357.459279789291
10700,132.014077521828,0,0,1863,-308.796091678563,-679.829941970786,-379.319126857584,-363.04076197124
10701,468.27625792142504,0,0,1866,65.1035269013926,-785.0,-309.71277015970503,-368.114498820263
10702,405.643202018352,0,0,1869,-191.853461754258,-679.829941970792,-219.000000000003,-372.673394256595
10703,996.6455060749429,0,0,1872,7.219320082584599,-392.50000000000097,-113.36274175490401,-376.711072252737
10704,1441.87905096603,0,0,1875,-52.8990632830188,-3.2309058371106105e-11,-9.01360991499649e-12,-380.22188575091104
10705,1746.68912398654,0,0,1878,-253.97269320735802,392.49999999998397,113.362741754899,-383.200924560982
10706,2726.75359014621,0,0,1881,332.567670403229,679.829941970782,218.999999999999,-385.6440222278
10707,2368.96779134625,0,0,1884,-222.19721695509898,785.0,309.712770159709,-387.547761858365
10708,2602.2679156248396,0,0,1887,45.028327697128,679.829941970796,379.319126857581,-388.90948090066
10709,2666.71444164459,0,0,1890,350.86620459745103,392.500000000008,423.07551191461096,-389.727274867475
10710,1820.15373639302,0,0,1893,-120.846263606976,-3.85024994731991e-12,438.0,-390.0
10711,1087.86891149716,0,0,1896,-448.979325550006,-392.49999999997596,423.075511914614,-389.727274867475
10712,1545.60416315858,0,0,1899,336.024459172434,-679.829941970777,379.31912685758596,-388.90948090066
10713,832.3660325793021,0,0,1902,-206.798975722041,-785.0,309.712770159708,-387.547761858365
10714,761.680484988791,0,0,1905,-296.845550812628,-679.829941970778,218.999999999997,-385.6440222278
10715,1473.2750682860099,0,0,1908,227.613251092103,-392.50000000001603,113.362741754909,-383.200924560982
10716,1473.56398803938,0,0,1911,-57.2141262097027,-4.61252553998834e-12,1.28680648822605e-12,-380.22188575091104
10717,1813.4614163496499,0,0,1914,-2.9647696426888697,392.499999999969,-113.362741754894,-376.711072252737
10718,2140.46204709137,0,0,1917,135.305499377183,679.829941970773,-218.999999999995,-372.673394256595
10719,2395.2231423520398,0,0,1920,368.050411332005,785.0,-309.712770159706,-368.114498820264
10720,1650.85996012895,0,0,1923,-209.61009301301002,679.829941970782,-379.319126857585,-363.04076197124
10721,1537.75647531931,0,0,1926,-0.20873297677483998,392.49999999998397,-423.07551191461306,-357.459279789291
10722,1720.97850985596,0,0,1929,581.356368337892,1.30753010272966e-11,-438.0,-351.377858481944
10723,637.037561270461,0,0,1932,-134.581923348129,-392.5,-423.075511914612,-344.80500346679804
10724,263.744448780551,0,0,1935,-274.356574915161,-679.8299419707689,-379.31912685758795,-337.749907475931
10725,317.74541143024396,0,0,1938,-195.319380711014,-785.0,-309.712770159711,-330.222437699031
10726,463.955240547022,0,0,1941,-255.98169549895303,-679.829941970786,-219.000000000001,-322.233121983238
10727,1120.2968687705,0,0,1944,-4.047255365602981,-392.499999999992,-113.362741754902,-313.793134109001
10728,1440.06326076928,0,0,1947,-202.02246106816003,-2.15380765146048e-11,-6.0087117919725595e-12,-304.914278162532
10729,2083.51566490126,0,0,1950,-76.7381048269099,392.499999999993,113.362741754902,-295.608972026727
10730,2668.85967355298,0,0,1953,102.91996159585301,679.829941970765,218.999999999991,-285.890230013633
10731,2690.53811174728,0,0,1956,-84.4030137496686,785.0,309.712770159703,-275.771644662754
10732,2755.0452853051897,0,0,1959,2.16358420748066,679.829941970791,379.31912685758203,-265.267367730659
10733,2304.26777342121,0,0,1962,-218.915648094931,392.49999999999903,423.075511914612,-254.392090398467
10734,1970.5677250474898,0,0,1965,-189.271252227593,-1.46212318038212e-11,438.0,-243.16102272490602
10735,1594.17905324594,0,0,1968,-172.806586295024,-392.49999999998596,423.07551191461306,-231.589872373667
10736,1500.44978122422,0,0,1971,49.655418982199,-679.8299419707611,379.319126857591,-219.694822644814
10737,1820.71538080868,0,0,1974,529.49512048996,-785.0,309.712770159706,-207.492509840981
10738,1595.7229289216598,0,0,1977,274.552870892445,-679.829941970795,219.000000000005,-195.0
10739,1535.53424158298,0,0,1980,16.9062648545715,-392.500000000006,113.36274175490601,-182.234765026494
10740,1644.8197114734,0,0,1983,-168.96563027072,-3.84636274892213e-11,1.07306170957191e-11,-169.214658255849
10741,2298.5015479794397,0,0,1986,189.32217921903302,392.500000000017,-113.362741754909,-155.957889484699
10742,1798.5930889682897,0,0,1989,-508.753853499599,679.829941970779,-218.999999999997,-142.48299950289498
10743,2321.37205630485,0,0,1992,-17.1063393729392,785.0,-309.712770159699,-128.808834162516
10744,2177.7519731723396,0,0,1995,-2.8043239205991,679.829941970777,-379.31912685758596,-114.954518020252
10745,1562.63323541827,0,0,1998,-303.851825077146,392.50000000001404,-423.07551191461096,-100.93942758998301
10746,1973.31222522292,0,0,2001,497.095389465876,2.3043191707952797e-12,-438.0,-86.7831642429637
10747,851.834547368486,0,0,2004,-264.084413923391,-392.499999999971,-423.075511914614,-72.5055267935379
10748,711.532707210943,0,0,2007,-178.191740151972,-679.829941970797,-379.319126857581,-58.126483808707896
10749,1019.90185038218,0,0,2010,148.280766222177,-785.0,-309.712770159709,-43.6661456802901
10750,739.1217303243069,0,0,2013,-345.903591206175,-679.829941970803,-219.000000000009,-29.1447364987056
10751,1680.6413152659802,0,0,2016,185.08662278868098,-392.500000000021,-113.362741754911,-14.5825657677686
10752,2272.9301167434196,0,0,2019,253.93011674343398,-1.07670946581035e-11,-3.0038136689486298e-12,-3.82089801333974e-13
10753,2695.1230305727,0,0,2022,152.67772305002399,392.500000000002,113.36274175490499,14.5825657677665
10754,3019.21093828292,0,0,2025,66.2362598134488,679.82994197077,218.99999999999298,29.144736498704802
10755,2645.55306037002,0,0,2028,-520.82585546998,785.0,309.712770159714,43.6661456802907
10756,3099.7529595088104,0,0,2031,-48.52259312826921,679.829941970785,379.319126857584,58.1264838087086
10757,2871.85894209448,0,0,2034,-50.2220966136952,392.500000000028,423.07551191461,72.5055267935357
10758,2840.91030174299,0,0,2037,279.127137500009,1.9229870145411802e-11,438.0,86.7831642429616
10759,2073.24774497822,0,0,2040,-98.2671945263782,-392.49999999999494,423.075511914612,100.93942758998301
10760,1612.4427905403302,0,0,2043,-245.000912366715,-679.829941970788,379.319126857583,114.95451802025299
10761,1662.64820673546,0,0,2046,-36.873397586768,-785.0,309.71277015971197,128.808834162514
10762,1583.86013064513,0,0,2049,-146.79292688696,-679.829941970812,219.00000000001302,142.48299950289302
10763,1699.4664431197302,0,0,2052,-229.354188119871,-392.49999999999704,113.362741754903,155.957889484699
10764,2508.98567499605,0,0,2055,284.77101674022003,-2.7692645632720004e-11,7.72571897269514e-12,169.21465825584698
10765,2609.38472992999,0,0,2058,90.0127066584114,392.499999999988,-113.3627417549,182.234765026494
10766,2647.72391967098,0,0,2061,-69.1060222998031,679.829941970784,-219.0,195.000000000001
10767,2698.5024829713,0,0,2064,-48.27725670997379,785.0,-309.71277015971003,207.492509840981
10768,2672.51976822657,0,0,2067,85.31413046854779,679.829941970794,-379.31912685758203,219.694822644812
10769,2203.0689938205,0,0,2070,-67.9453666386007,392.50000000004303,-423.075511914608,231.589872373665
10770,1905.22953403804,0,0,2073,27.068511313137602,-8.46666268570602e-12,-438.0,243.16102272490602
10771,1540.42216112946,0,0,2076,25.605582645583898,-392.49999999998,-423.075511914614,254.392090398467
10772,1435.17038738535,0,0,2079,150.052088483056,-679.8299419707799,-379.319126857585,265.267367730658
10773,1042.38683607723,0,0,2082,-220.67203842581,-785.0,-309.712770159716,275.771644662753
10774,1382.4035811955898,0,0,2085,-89.6567068472694,-679.829941970776,-218.999999999996,285.890230013632
10775,2100.17758720682,0,0,2088,222.431356935015,-392.500000000012,-113.36274175490801,295.608972026727
10776,2374.36688659107,0,0,2091,-21.5473915714013,-4.46181966073365e-11,-1.2447624276441699e-11,304.914278162531
10777,3427.5154320730894,0,0,2094,513.859556209174,392.500000000012,113.36274175490801,313.793134109001
10778,3288.14788579591,0,0,2097,-29.9151781580946,679.829941970776,218.999999999996,322.233121983238
10779,3560.9743798775103,0,0,2100,36.0391720187774,785.0,309.712770159707,330.22243769903
10780,3936.5092656374604,0,0,2103,436.610289333148,679.829941970802,379.31912685757896,337.749907475931
10781,2992.1309870791197,0,0,2106,-274.249528302277,392.49999999998,423.075511914614,344.80500346679804
10782,2984.4144999506602,0,0,2109,86.0366414687096,8.45888828891047e-12,438.0,351.377858481944
10783,2701.75228401716,0,0,2112,201.71749231322,-392.49999999996595,423.07551191461505,357.45927978929
10784,2029.2400577321698,0,0,2115,-148.28988912588198,-679.8299419707711,379.31912685758795,363.040761971239
10785,1746.84962166894,0,0,2118,-263.97764731103297,-785.0,309.71277015971003,368.114498820263
10786,2178.98839289344,0,0,2121,146.144940607633,-679.829941970784,219.0,372.673394256595
10787,2043.2393953529502,0,0,2124,-178.33441865467202,-392.50000000002603,113.362741754912,376.71107225273596
10788,2851.957803463,0,0,2127,344.735917712067,2.7700420029515603e-11,-7.72788788084575e-12,380.22188575091104
10789,3039.7737289525203,0,0,2130,247.435546146442,392.49999999999704,-113.362741754903,383.200924560982
10790,2517.3567039528502,0,0,2133,-462.11726024572505,679.829941970767,-218.99999999999199,385.6440222278
10791,3310.2169549845503,0,0,2136,311.38196328589,785.0,-309.712770159704,387.547761858365
10792,3141.60101458528,0,0,2139,313.180718571414,679.829941970788,-379.319126857583,388.90948090066
10793,2018.4401324764103,0,0,2142,-482.71163047644404,392.49999999999494,-423.075511914612,389.727274867475
10794,1655.0654864027802,0,0,2145,-441.934513597248,2.5384439263527e-11,-438.0,390.0
10795,1729.9050794396398,0,0,2148,7.75331648680155,-392.500000000028,-423.07551191461,389.727274867475
10796,1704.15890363028,0,0,2151,223.39849155798697,-679.829941970785,-379.319126857584,388.90948090066
10797,1400.08663001074,0,0,2154,-46.74836168791099,-785.0,-309.712770159714,387.547761858365
10798,1694.01240063646,0,0,2157,50.1983203794516,-679.829941970792,-219.000000000004,385.6440222278
10799,1788.99790341052,0,0,2160,-248.340279395555,-392.500000000002,-113.36274175490499,383.200924560982
10800,2548.65194056554,0,0,2163,5.43005481461668,1.07748690548991e-11,3.0059825770992297e-12,380.22188575091104
10801,3190.26417261731,0,0,2166,141.69035860969498,392.499999999982,113.362741754899,376.711072252737
10802,3634.6250964021,0,0,2169,194.12176017475701,679.829941970759,218.99999999998798,372.673394256595
10803,3935.33299747021,0,0,2172,300.50572849023996,785.0,309.712770159709,368.114498820263
10804,3832.6534677680397,0,0,2175,235.463636968423,679.829941970797,379.319126857581,363.04076197124
10805,3261.1574885590503,0,0,2178,-89.87730314486191,392.50000000001,423.07551191461096,357.459279789291
10806,2784.1647723953,0,0,2181,-186.21308608663998,-2.3120935675908303e-12,438.0,351.37785848194295
10807,2681.90670579165,0,0,2184,122.526190410253,-392.50000000001404,423.07551191461096,344.80500346679804
10808,2384.63469118137,0,0,2187,160.39559881863198,-679.829941970777,379.31912685758596,337.749907475931
10809,2417.72833465818,0,0,2190,372.793126799434,-785.0,309.71277015971697,330.22243769903196
10810,1702.19834498705,0,0,2193,-352.204835025409,-679.829941970779,218.999999999997,322.233121983238
10811,1942.9429725538198,0,0,2196,-287.712903310071,-392.500000000017,113.362741754909,313.793134109001
10812,2544.66528180892,0,0,2199,40.7510036463934,-6.15068191971742e-12,1.71592272664728e-12,304.914278162532
10813,2789.63544027568,0,0,2202,12.8892100038745,392.49999999996805,-113.362741754894,295.608972026728
10814,3053.06826760284,0,0,2205,101.34809561841601,679.829941970795,-219.000000000005,285.890230013632
10815,2959.5265175611303,0,0,2208,0.46764305808637396,785.0,-309.712770159706,275.771644662754
10816,2671.1430917800603,0,0,2211,-105.635091063822,679.829941970805,-379.319126857578,265.267367730659
10817,2286.57410829565,0,0,2214,-151.24247018819202,392.49999999998596,-423.07551191461306,254.392090398467
10818,1998.5073794620898,0,0,2217,-23.6536432628265,1.4613457407025698e-11,-438.0,243.16102272490602
10819,1553.2589699121,0,0,2220,-82.7553905469589,-392.49999999999903,-423.075511914612,231.589872373667
10820,1371.3484781921302,0,0,2223,-12.197275624330802,-679.829941970768,-379.319126857589,219.694822644814
10821,1378.59695473031,0,0,2226,39.8172150490279,-785.0,-309.712770159703,207.492509840981
10822,1127.32763009523,0,0,2229,-397.842427933987,-679.829941970787,-219.000000000001,195.0
10823,1834.54573664177,0,0,2232,-73.8262866297772,-392.50000000003195,-113.362741754914,182.234765026494
10824,2687.23276317862,0,0,2235,283.018104922803,-2.3076232894333896e-11,-6.43782803039379e-12,169.214658255849
10825,2776.33897444911,0,0,2238,-123.481656790486,392.499999999992,113.362741754902,155.957889484698
10826,3592.1693769121603,0,0,2241,309.856435438476,679.829941970786,219.000000000001,142.48299950289498
10827,3592.53595960095,0,0,2244,125.01435527873699,785.0,309.712770159702,128.808834162516
10828,3112.8685862791103,0,0,2247,-308.235000569503,679.8299419707689,379.31912685758795,114.954518020252
10829,3276.4631191622398,0,0,2250,109.94817965764601,392.5,423.075511914612,100.93942758998301
10830,3023.14929729164,0,0,2253,245.36613304864898,3.15390083816422e-11,438.0,86.7831642429637
10831,2125.37982311174,0,0,2256,-233.70121559643,-392.49999999998397,423.07551191461306,72.5055267935379
10832,1851.3190881334801,0,0,2259,-165.29658056203002,-679.829941970782,379.319126857585,58.126483808708
10833,1736.27665901361,0,0,2262,-94.1022568263827,-785.0,309.712770159706,43.6661456802901
10834,1683.78667127767,0,0,2265,-149.528123250249,-679.829941970795,219.000000000005,29.144736498705697
10835,2137.49513822896,0,0,2268,134.049830706316,-392.500000000046,113.362741754919,14.5825657677687
10836,2274.77168448371,0,0,2271,3.7716844837062595,4.62029993678389e-12,-1.28897539637665e-12,4.2985102650072103e-13
10837,2237.34486165022,0,0,2274,-301.209830827093,392.49999999997704,-113.362741754897,-14.582565767766399
10838,2263.80490954156,0,0,2277,-444.880295930521,679.829941970778,-218.999999999997,-29.144736498704802
10839,3010.3819466500104,0,0,2280,298.760862490004,785.0,-309.712770159708,-43.6661456802907
10840,2532.33822462497,0,0,2283,6.95389332048974,679.829941970777,-379.31912685758596,-58.1264838087085
10841,2391.04744963102,0,0,2286,208.128488339156,392.500000000015,-423.07551191461096,-72.5055267935357
10842,1917.95230676835,0,0,2289,153.735471011268,4.8464559356258704e-11,-438.0,-86.7831642429615
10843,1763.1449572203799,0,0,2292,387.659896724981,-392.500000000008,-423.07551191461096,-100.93942758998301
10844,874.32158696704,0,0,2295,-246.574826184346,-679.829941970774,-379.319126857587,-114.95451802025299
10845,672.6852204451401,0,0,2298,-401.793175232637,-785.0,-309.712770159709,-128.808834162514
10846,1035.7195362156801,0,0,2301,-223.967522310611,-679.8299419708039,-219.000000000009,-142.48299950289302
10847,1731.4495927651901,0,0,2304,89.2702240047738,-392.49999999998397,-113.362741754899,-155.957889484699
10848,2072.89755124297,0,0,2307,-64.8877905011693,-1.23052510378326e-11,-3.4329299073698597e-12,-169.21465825584698
10849,2770.54203760099,0,0,2310,136.91406087262502,392.49999999996203,113.362741754892,-182.234765026494
10850,2967.89018996888,0,0,2313,-48.93975200191829,679.829941970792,219.000000000003,-195.000000000001
10851,3128.836128117,0,0,2316,-74.3841322017262,785.0,309.71277015970503,-207.49250984098202
10852,2694.0568012140398,0,0,2319,-464.397444969521,679.829941970786,379.319126857584,-219.694822644812
10853,2670.09121822483,0,0,2322,-235.894421316146,392.50000000002996,423.07551191460897,-231.589872373665
10854,2099.27445130857,0,0,2325,-420.564525966502,-2.3854057280593396e-11,438.0,-243.16102272490602
10855,2088.1054583,0,0,2328,-16.0779632161542,-392.499999999994,423.075511914612,-254.392090398467
10856,2188.1526324985502,0,0,2331,422.93081534238,-679.829941970765,379.319126857589,-265.267367730658
10857,1386.6373301030899,0,0,2334,-196.303795393867,-785.0,309.712770159713,-275.771644662752
10858,1780.4511181830603,0,0,2337,190.17129016748,-679.8299419707901,219.000000000003,-285.890230013632
10859,1705.0736180559697,0,0,2340,-60.1801516722114,-392.499999999998,113.36274175490401,-295.608972026726
10860,1881.9806629329898,0,0,2343,-156.105058904453,-2.9230802012449104e-11,8.154835211116369e-12,-304.914278162531
10861,2234.15345885654,0,0,2346,-77.19066527957492,392.500000000025,-113.362741754912,-313.793134109001
10862,2519.71289806911,0,0,2349,32.1160780815602,679.829941970783,-218.999999999999,-322.233121983238
10863,2564.59272620448,0,0,2352,67.527934063216,785.0,-309.712770159701,-330.22243769903
10864,2414.63625651291,0,0,2355,96.8753488756305,679.829941970794,-379.319126857581,-337.749907475931
10865,2152.5107212226003,0,0,2358,169.891236604005,392.500000000006,-423.07551191461096,-344.80500346679804
10866,2008.1828727391,0,0,2361,436.56073122105204,-6.92850630597695e-12,-438.0,-351.377858481944
10867,992.829849324081,0,0,2364,-198.13535897203602,-392.499999999979,-423.075511914614,-357.45927978929
10868,1012.91713061108,0,0,2367,68.1069614106695,-679.829941970757,-379.319126857592,-363.040761971239
10869,1094.21934272748,0,0,2370,187.046611707454,-785.0,-309.712770159707,-368.114498820263
10870,1200.2967431955,0,0,2373,98.80007942290199,-679.829941970799,-219.00000000000702,-372.673394256595
10871,1295.3329317182402,0,0,2376,-198.093254274105,-392.50000000001296,-113.36274175490801,-376.71107225273596
10872,2062.73102216203,0,0,2379,63.952907912947396,-1.5342691813313e-12,-4.2803178434593e-13,-380.22188575091104
10873,2666.93153804593,0,0,2382,162.269720852,392.50000000001,113.36274175490699,-383.200924560982
10874,2929.8335247482696,0,0,2385,31.647605005304698,679.8299419707749,218.999999999995,-385.6440222278
10875,2897.9757559449604,0,0,2388,-197.18925235637002,785.0,309.712770159698,-387.547761858365
10876,3277.1996839891303,0,0,2391,215.96009606142601,679.829941970781,379.319126857585,-388.90948090066
10877,2696.7591139789397,0,0,2394,-123.08912306821699,392.50000000002,423.07551191461,-389.727274867475
10878,2405.3402633647697,0,0,2397,-39.659736635243604,9.99704466863955e-12,438.0,-390.0
10879,2218.0199992300895,0,0,2400,177.17176218291198,-392.49999999996396,423.07551191461505,-389.72727486747596
10880,1529.25374207096,0,0,2403,-184.32596191516498,-679.829941970793,379.31912685758203,-388.90948090066
10881,1063.61145519152,0,0,2406,-479.553553109823,-785.0,309.712770159711,-387.547761858365
10882,1594.63525111646,0,0,2409,32.1092153150584,-679.829941970807,219.000000000011,-385.6440222278
10883,1627.89999496259,0,0,2412,-121.761822231343,-392.49999999998903,113.36274175490101,-383.200924560982
10884,1932.0681425899697,0,0,2415,-102.709971659105,-1.84598201559478e-11,5.149937088092441e-12,-380.22188575091104
10885,2929.69222372278,0,0,2418,609.266037730423,392.499999999996,-113.362741754903,-376.711072252737
10886,2485.9609971295,0,0,2421,-23.1955505846804,679.829941970766,-218.999999999991,-372.673394256595
10887,2843.3438891978303,0,0,2424,312.171158177807,785.0,-309.71277015971197,-368.114498820263
10888,2218.07630906371,0,0,2427,-146.393744078259,679.829941970789,-379.319126857583,-363.04076197124
10889,1854.69059549904,0,0,2430,-187.27461279709598,392.500000000035,-423.07551191460897,-357.459279789291
10890,1655.12873162558,0,0,2433,11.506590107501099,2.6922595643256e-11,-438.0,-351.377858481944
10891,765.5604591263341,0,0,2436,-510.059025492267,-392.499999999988,-423.07551191461306,-344.80500346679804
10892,1085.78737284689,0,0,2439,43.68634915119289,-679.829941970784,-379.319126857584,-337.749907475931
10893,253.774948020052,0,0,2442,-763.289844121203,-785.0,-309.712770159714,-330.22243769903196
10894,995.959016515753,0,0,2445,-227.97791953024503,-679.8299419707711,-218.99999999999298,-322.233121983238
10895,1631.27965033007,0,0,2448,2.9355261939815,-392.500000000004,-113.36274175490499,-313.793134109001
10896,1885.27958944749,0,0,2451,-260.80613238993,-3.53853711305643e-11,-9.87184239183895e-12,-304.914278162532
10897,2722.78792706405,0,0,2454,58.5341573358957,392.499999999981,113.362741754898,-295.608972026728
10898,2911.41955157105,0,0,2457,-158.5201603861,679.8299419707799,218.999999999998,-285.890230013632
10899,3320.37194610659,0,0,2460,41.4308206096389,785.0,309.712770159709,-275.771644662754
10900,3012.9784773337897,0,0,2463,-243.903223763926,679.829941970797,379.31912685757993,-265.267367730659
10901,2385.1712023066398,0,0,2466,-642.012219209548,392.50000000004997,423.075511914608,-254.392090398468
10902,2392.7489239944102,0,0,2469,-271.090053280683,-7.739371878617559e-13,438.0,-243.16102272490602
10903,2439.9944933946,0,0,2472,169.008853853629,-392.49999999997397,423.075511914614,-231.589872373666
10904,1834.47840936665,0,0,2475,-120.31595287534901,-679.829941970776,379.31912685758596,-219.694822644814
10905,2012.17949774457,0,0,2478,216.959237425843,-785.0,309.712770159708,-207.492509840981
10906,1919.54583955876,0,0,2481,94.3757815295385,-679.829941970779,218.999999999998,-195.0
10907,1818.4935352102,0,0,2484,-204.134441518199,-392.500000000018,113.36274175491,-182.234765026495
10908,1975.32528390733,0,0,2487,-342.460057836786,-5.23109221051808e-11,1.4593747695585502e-11,-169.214658255849
10909,2422.43243261902,0,0,2490,-190.74693614137698,392.50000000000506,-113.36274175490601,-155.957889484698
10910,2485.4461877034,0,0,2493,-325.90075476448203,679.829941970772,-218.999999999994,-142.48299950289498
10911,2711.6978939526603,0,0,2496,-130.780501725115,785.0,-309.71277015970503,-128.808834162516
10912,2262.15104175184,0,0,2499,-422.405255341109,679.829941970784,-379.319126857584,-114.954518020252
10913,1961.85662111788,0,0,2502,-408.628439377512,392.49999999998704,-423.07551191461306,-100.93942758998301
10914,1509.4180987695402,0,0,2505,-470.798736987507,1.6151613786754698e-11,-438.0,-86.7831642429637
10915,1622.18362217538,0,0,2508,2.26466088349262,-392.499999999959,-423.07551191461505,-72.505526793538
10916,1760.7555129353898,0,0,2511,367.031065572466,-679.8299419707901,-379.319126857583,-58.126483808708
10917,1599.07594547519,0,0,2514,223.454861315196,-785.0,-309.71277015971197,-43.66614568029021
10918,1683.9604873810401,0,0,2517,94.9351658505358,-679.829941970788,-219.000000000002,-29.144736498705697
10919,1934.1198582361399,0,0,2520,-65.4348342411448,-392.500000000033,-113.362741754914,-14.5825657677687
10920,2503.76712773071,0,0,2523,-19.232872269317898,2.0007694531671302e-11,5.5817644617019294e-12,-4.77612251667468e-13
10921,2955.30751893789,0,0,2526,-91.1377885847665,392.49999999999,113.36274175490101,14.582565767766399
10922,3457.4118804718396,0,0,2529,0.437202002380249,679.829941970763,218.99999999999,29.144736498704802
10923,4142.25547235414,0,0,2532,471.876556514143,785.0,309.712770159711,43.666145680290605
10924,3644.57872130464,0,0,2535,-7.69683133244504,679.829941970792,379.31912685758203,58.1264838087085
10925,3222.57118191662,0,0,2538,-203.50985679152697,392.500000000002,423.075511914612,72.5055267935357
10926,3028.77989308417,0,0,2541,-37.0032711588264,3.30771647613712e-11,438.0,86.7831642429615
10927,2938.29607665953,0,0,2544,262.78113715496005,-392.500000000022,423.07551191461,100.93942758998301
10928,1982.52879030784,0,0,2547,-378.91491259921304,-679.829941970781,379.319126857585,114.95451802025299
10929,2082.55750562264,0,0,2550,-120.964098699591,-785.0,309.712770159715,128.80883416251498
10930,2044.9552093209697,0,0,2553,-189.697848211137,-679.829941970796,219.000000000006,142.48299950289302
10931,2208.75677724892,0,0,2556,-224.06385399067798,-392.500000000009,113.36274175490699,155.957889484699
10932,2291.09128756297,0,0,2559,-437.12337069287497,3.08214355705481e-12,-8.598591579554192e-13,169.21465825584698
10933,2857.9899289295695,0,0,2562,-165.38209434200002,392.49999999997596,-113.362741754897,182.234765026494
10934,3494.67009200499,0,0,2565,273.840150034198,679.829941970799,-219.00000000000702,195.000000000001
10935,3338.19617253235,0,0,2568,87.41643285107911,785.0,-309.712770159708,207.49250984098202
10936,3205.70867062593,0,0,2571,114.503032867892,679.829941970801,-379.31912685757993,219.694822644813
10937,2722.99988130081,0,0,2574,-52.0144791582658,392.50000000001603,-423.07551191461096,231.589872373665
10938,2775.32211537296,0,0,2577,393.161092648045,5.3806319302534295e-12,-438.0,243.16102272490602
10939,2039.55644436008,0,0,2580,20.739865876229,-392.500000000007,-423.07551191461096,254.392090398466
10940,2129.64264637717,0,0,2583,340.524347474871,-679.829941970773,-379.319126857587,265.267367730659
10941,1909.5357884727102,0,0,2586,142.476913969675,-785.0,-309.712770159719,275.771644662752
10942,2047.0997360977399,0,0,2589,71.03944805489209,-679.829941970782,-218.999999999999,285.890230013632
10943,2366.3524943598104,0,0,2592,-15.393735911979801,-392.50000000002404,-113.362741754911,295.608972026725
10944,2813.76539203641,0,0,2595,-86.14888612610079,-1.3843407417561699e-11,-3.86204614579109e-12,304.914278162531
10945,3406.27707349746,0,0,2598,-11.378802366442802,392.5,113.36274175490401,313.793134109001
10946,4021.2198769285706,0,0,2601,199.156812974538,679.829941970791,219.000000000003,322.233121983238
10947,4628.55520073367,0,0,2604,599.619992874932,785.0,309.712770159704,330.222437699031
10948,3619.0836565337,0,0,2607,-384.81531977062,679.829941970809,379.319126857577,337.749907475931
10949,4227.3644119678,0,0,2610,456.983896586395,392.499999999992,423.07551191461306,344.80500346679804
10950,3863.08548040474,0,0,2613,460.707621922772,2.23061829048699e-11,438.0,351.37785848194295
10951,3078.9599052654403,0,0,2616,74.92511356153129,-392.499999999992,423.07551191461306,357.459279789291
10952,2790.0297073148,0,0,2619,108.49976045673401,-679.829941970764,379.31912685759005,363.040761971239
10953,2929.26197918654,0,0,2622,414.434710206576,-785.0,309.712770159704,368.114498820263
10954,2640.95644541836,0,0,2625,104.112993132555,-679.829941970791,219.000000000003,372.673394256594
10955,2756.62785150513,0,0,2628,31.0540374975168,-392.50000000003797,113.362741754916,376.711072252737
10956,2681.61856986296,0,0,2631,-329.603315887966,1.38531254135561e-11,-3.86475728097935e-12,380.22188575091104
10957,2899.71815376048,0,0,2634,-396.62002904559097,392.499999999985,-113.362741754899,383.200924560982
10958,3292.2312230873604,0,0,2637,-191.24274111122799,679.829941970782,-218.999999999999,385.6440222278
10959,3806.6564100975,0,0,2640,303.82141839883496,785.0,-309.712770159701,387.547761858365
10960,3394.28902489263,0,0,2643,61.8687288787824,679.829941970773,-379.319126857587,388.90948090066
10961,3071.95995710073,0,0,2646,66.80819414785711,392.500000000007,-423.07551191461096,389.727274867475
10962,2687.82982291691,0,0,2649,86.8298229168676,3.92317338794864e-11,-438.0,390.0
10963,2261.31197954278,0,0,2652,35.1602165898921,-392.499999999978,-423.075511914614,389.72727486747596
10964,2037.6876491426199,0,0,2655,52.9272370703275,-679.829941970778,-379.31912685758596,388.90948090066
10965,2049.33687401984,0,0,2658,98.5018823211799,-785.0,-309.712770159708,387.547761858365
10966,2137.88007912857,0,0,2661,-9.93400112842104,-679.829941970799,-219.00000000000702,385.6440222278
10967,2534.3142017954997,0,0,2664,-7.02398101061259,-392.49999999997596,-113.362741754897,383.200924560982
10968,2861.0826253281602,0,0,2667,-186.139260422751,-3.0724255610603797e-12,-8.57148022767162e-13,380.22188575091104
10969,3480.50474741578,0,0,2670,-72.0690665918207,392.49999999997004,113.362741754895,376.711072252737
10970,4038.62795772707,0,0,2673,94.12462149970621,679.829941970774,218.999999999995,372.673394256595
10971,4177.54916416865,0,0,2676,38.721895188685295,785.0,309.712770159706,368.114498820263
10972,4266.50310820592,0,0,2679,165.313277406314,679.829941970781,379.319126857585,363.04076197124
10973,3665.2160970055297,0,0,2682,-189.818694698389,392.500000000022,423.07551191461,357.459279789291
10974,4010.90881149197,0,0,2685,536.530953009973,5.6157284854102904e-11,438.0,351.377858481944
10975,2882.92750226703,0,0,2688,-180.45301311437302,-392.500000000002,423.075511914612,344.80500346679804
10976,2515.5797434882197,0,0,2691,-212.659348874528,-679.82994197077,379.31912685758795,337.749907475932
10977,2423.65823355198,0,0,2694,-125.276974306757,-785.0,309.712770159711,330.222437699031
10978,2085.12770572727,0,0,2697,-473.275474285186,-679.829941970786,219.000000000001,322.233121983237
10979,2583.40733340232,0,0,2700,-151.24854246158702,-392.49999999999,113.36274175490101,313.793134109001
10980,2736.05434480063,0,0,2703,-271.85993336188704,-1.9997976535676898e-11,5.57905332651367e-12,304.914278162533
10981,2912.7086695864,0,0,2706,-368.037560685394,392.499999999956,-113.36274175488998,295.608972026727
10982,3344.82679639735,0,0,2709,-110.893375587066,679.829941970788,-219.000000000002,285.890230013632
10983,3997.43205109286,0,0,2712,534.373176589812,785.0,-309.712770159703,275.771644662754
10984,2992.04002636016,0,0,2715,-288.738156483706,679.8299419707901,-379.319126857583,265.267367730658
10985,2951.1891955473498,0,0,2718,9.37261706345089,392.50000000003604,-423.07551191460897,254.392090398468
10986,2329.8301797485396,0,0,2721,-196.330842976345,-1.61613317827492e-11,-438.0,243.16102272490602
10987,2323.65482791545,0,0,2724,183.64046745638,-392.49999999998704,-423.07551191461306,231.589872373667
10988,1591.43411287345,0,0,2727,-296.111640943016,-679.8299419707611,-379.319126857591,219.694822644813
10989,1981.8337870751602,0,0,2730,139.054047393881,-785.0,-309.71277015970503,207.49250984098
10990,1988.3339382430302,0,0,2733,-40.8361197861693,-679.829941970794,-219.000000000005,195.0
10991,2406.4291547666503,0,0,2736,-5.94286850493564,-392.50000000000506,-113.36274175490601,182.234765026496
10992,3270.7808573835805,0,0,2739,362.566199127779,-3.69235275102934e-11,-1.03009586302602e-11,169.214658255848
10993,3165.0116814395,0,0,2742,-238.80894980012403,392.500000000018,113.36274175491,155.957889484698
10994,3657.50339052613,0,0,2745,-128.80955094754,679.829941970779,218.999999999998,142.48299950289498
10995,4122.64552998919,0,0,2748,151.12392566697,785.0,309.7127701597,128.808834162517
10996,3802.2484891458703,0,0,2751,-122.855097702758,679.829941970798,379.31912685757993,114.954518020254
10997,3687.76012326091,0,0,2754,17.2451837563015,392.500000000012,423.07551191461096,100.93942758998301
10998,2835.3332062293202,0,0,2757,-446.449958013647,7.642191918673191e-13,438.0,86.78316424296379
10999,2750.56087954231,0,0,2760,-112.52015916587,-392.499999999972,423.075511914614,72.5055267935366
11000,2168.44684418504,0,0,2763,-352.168824510447,-679.829941970797,379.31912685757993,58.1264838087067
11001,2056.1840390511497,0,0,2766,-278.194876788852,-785.0,309.712770159709,43.66614568029021
11002,2350.53875553013,0,0,2769,13.223961002217901,-679.829941970802,219.000000000009,29.144736498707104
11003,2313.39081772654,0,0,2772,-194.05448979611302,-392.50000000002,113.36274175491,14.5825657677674
11004,2974.8684936832897,0,0,2775,199.868493683295,-9.22699467917557e-12,2.57415520348974e-12,-8.601848578979809e-13
11005,2909.54786041484,0,0,2778,-133.006832062496,392.500000000004,-113.36274175490499,-14.582565767766399
11006,3498.35907234225,0,0,2781,285.673866870174,679.8299419707711,-218.99999999999298,-29.1447364987033
11007,3271.1236951614696,0,0,2784,55.5026110014562,785.0,-309.712770159696,-43.666145680289205
11008,3392.94689793088,0,0,2787,363.562566626385,679.829941970784,-379.319126857584,-58.1264838087084
11009,2378.16922216457,0,0,2790,-308.74973912731497,392.500000000027,-423.07551191461,-72.5055267935356
11010,2424.44387026407,0,0,2793,156.227034507012,1.76897701664838e-11,-438.0,-86.7831642429628
11011,2226.0641350360697,0,0,2796,346.57907454066003,-392.499999999996,-423.075511914612,-100.93942758998399
11012,1917.62009013125,0,0,2799,292.723676979879,-679.829941970789,-379.319126857583,-114.95451802025299
11013,1630.89376743781,0,0,2802,52.4153717600315,-785.0,-309.71277015971197,-128.808834162514
11014,1425.2996070388401,0,0,2805,-338.38745148744204,-679.829941970811,-219.00000000001302,-142.482999502894
11015,2036.1662266232897,0,0,2808,-110.01314213711001,-392.499999999996,-113.362741754903,-155.9578894847
11016,2514.47265522902,0,0,2811,-127.31268651509501,-2.6152545653792102e-11,-7.296060507236259e-12,-169.21465825584698
11017,2885.9472999341497,0,0,2814,-251.680676794244,392.49999999998903,113.36274175490101,-182.234765026492
11018,3177.50011587055,0,0,2817,-343.329826100198,679.829941970762,218.999999999989,-194.999999999999
11019,3800.26511938238,0,0,2820,93.0448590636515,785.0,309.712770159711,-207.49250984098202
11020,3720.80707635551,0,0,2823,58.3528301719506,679.829941970793,379.31912685758203,-219.694822644812
11021,3453.0339043137,0,0,2826,43.04826477271521,392.50000000004206,423.075511914608,-231.589872373664
11022,3050.4730559269606,0,0,2829,26.634078651876397,-1.0006762664634e-11,438.0,-243.16102272490699
11023,2555.37567700997,0,0,2832,-52.807744506197395,-392.499999999982,423.07551191461306,-254.392090398467
11024,2524.62638702175,0,0,2835,255.40456986560199,-679.829941970781,379.319126857585,-265.267367730657
11025,1876.97470989932,0,0,2838,-209.96641559764,-785.0,309.712770159715,-275.771644662753
11026,2177.82226883339,0,0,2841,83.5424408178044,-679.8299419707749,218.999999999995,-285.890230013633
11027,1832.39680076601,0,0,2844,-436.856968962163,-392.50000000001,113.36274175490699,-295.608972026726
11028,2806.1590847400603,0,0,2847,264.07336290262504,-4.30780966284086e-11,1.2017965810982801e-11,-304.91427816252997
11029,3107.78857456341,0,0,2850,292.444450427337,392.49999999997397,-113.36274175489599,-313.793134109
11030,3033.7675947180396,0,0,2853,42.1707747305011,679.829941970776,-218.999999999996,-322.233121983238
11031,3046.60787640701,0,0,2856,45.5430842657481,785.0,-309.712770159707,-330.22243769903
11032,2201.34160360023,0,0,2859,-620.419304037057,679.829941970801,-379.31912685757896,-337.74990747593
11033,2455.73997972485,0,0,2862,-30.8795048937118,392.499999999979,-423.075511914614,-344.805003466799
11034,2116.27656063276,0,0,2865,40.6544191146973,6.918788309982509e-12,-438.0,-351.377858481944
11035,1654.70137994814,0,0,2868,-40.2638283479858,-392.499999999967,-423.07551191461505,-357.45927978929
11036,1048.60061486245,0,0,2871,-400.20955433794603,-679.829941970772,-379.31912685758795,-363.04076197124
11037,1210.22270464966,0,0,2874,-200.950026370371,-785.0,-309.71277015971003,-368.114498820264
11038,1312.84954383836,0,0,2877,-292.647119934258,-679.829941970783,-218.999999999999,-372.673394256595
11039,2341.82000470318,0,0,2880,344.393818710848,-392.500000000025,-113.362741754912,-376.71107225273596
11040,2653.10450920142,0,0,2883,150.32639495240602,-6.0003647603025e-11,-1.67398711147293e-11,-380.22188575091104
11041,2949.94938789644,0,0,2886,-58.7124292974803,392.499999999998,113.36274175490401,-383.20092456098297
11042,1902.40194125972,1,0,2889,259.398166373071,679.829941970768,218.99999999999199,-385.6440222278
11043,3719.58585719009,0,0,2892,120.420848888752,785.0,309.712770159704,-387.547761858364
11044,3112.1388746010102,0,0,2895,-453.1007133267,679.829941970787,379.319126857583,-388.90948090066
11045,3364.6621414859696,0,0,2898,40.8139044388381,392.499999999994,423.075511914612,-389.727274867475
11046,3119.8670186481395,0,0,2901,170.867018648114,2.3844339284598998e-11,438.0,-390.0
11047,2453.78560702067,0,0,2904,-91.0626300265206,-392.499999999952,423.075511914616,-389.72727486747596
11048,2306.6211615691,0,0,2907,89.04145758295799,-679.829941970786,379.319126857584,-388.90948090066
11049,2145.96418959399,0,0,2910,98.7991812926429,-785.0,309.712770159713,-387.547761858365
11050,2008.21728634582,0,0,2913,-58.308749455593606,-679.829941970792,219.000000000003,-385.6440222278
11051,2463.3811588561703,0,0,2916,209.71934166224997,-392.50000000000097,113.36274175490401,-383.20092456098297
11052,2731.92100070996,0,0,2919,193.142886460866,1.2314969033827e-11,-3.4356410425581197e-12,-380.22188575091104
11053,2589.74600997926,0,0,2922,-234.68017601308998,392.49999999998397,-113.362741754899,-376.711072252737
11054,3159.98125330707,0,0,2925,146.824705592893,679.829941970759,-218.99999999998798,-372.673394256595
11055,2723.13991086842,0,0,2928,-312.032820151602,785.0,-309.712770159709,-368.114498820264
11056,2804.7014673912604,0,0,2931,-63.7685857507134,679.829941970796,-379.319126857581,-363.04076197124
11057,2570.4313021266103,0,0,2934,24.4660938305033,392.500000000008,-423.07551191461096,-357.459279789291
11058,2488.17900205973,0,0,2937,340.556860541632,4.0769890259215495e-11,-438.0,-351.37785848194505
11059,1976.50625630693,0,0,2940,196.886771688318,-392.49999999997596,-423.075511914614,-344.805003466797
11060,1123.9274673405198,0,0,2943,-422.17355635518896,-679.829941970777,-379.31912685758596,-337.749907475931
11061,1467.37146926724,0,0,2946,-53.693322874018605,-785.0,-309.712770159708,-330.22243769903196
11062,1852.6141826357102,0,0,2949,124.677246589725,-679.829941970778,-218.999999999997,-322.233121983238
11063,1948.8980960844,0,0,2952,-183.44602805172198,-392.49999999997704,-113.362741754897,-313.793134109
11064,2570.8314159053502,0,0,2955,-79.2543059320552,-4.92326657465237e-11,-1.3734972991705302e-11,-304.914278162532
11065,3165.31256612153,0,0,2958,-2.9412036066057996,392.499999999969,113.362741754894,-295.608972026728
11066,3497.95065947985,0,0,2961,-75.98905247728479,679.829941970773,218.999999999995,-285.890230013633
11067,3765.7450338401295,0,0,2964,-17.1960916568266,785.0,309.712770159706,-275.771644662753
11068,3683.4773324284,0,0,2967,-77.4043686693085,679.829941970782,379.319126857585,-265.267367730659
11069,3140.0882042493604,0,0,2970,-391.095217266837,392.500000000062,423.07551191460703,-254.392090398469
11070,3242.13603489563,0,0,2973,74.2970576205667,-3.15487263776366e-11,438.0,-243.16102272490699
11071,3406.67473092808,0,0,2976,631.689091387093,-392.49999999996203,423.07551191461505,-231.589872373666
11072,2662.4687031624303,0,0,2979,203.674340920429,-679.8299419707689,379.31912685758795,-219.694822644814
11073,2073.03195971988,0,0,2982,-226.188300598849,-785.0,309.712770159711,-207.492509840981
11074,2221.61754835901,0,0,2985,-107.55250967021,-679.829941970786,219.000000000001,-194.999999999999
11075,3076.04393057604,0,0,2988,549.415953847621,-392.499999999992,113.362741754902,-182.234765026495
11076,3066.72837166294,0,0,2991,244.94302991883998,-6.615821672114019e-11,1.8456878295451897e-11,-169.214658255849
11077,3501.61819060083,0,0,2994,384.43882184041496,392.50000000003195,-113.362741754914,-155.9578894847
11078,2994.1280975670898,0,0,2997,-321.218844900789,679.829941970765,-218.999999999991,-142.482999502894
11079,3514.597664006,0,0,3000,168.11926832822098,785.0,-309.712770159703,-128.808834162516
11080,3012.2076113534304,0,0,3003,-176.34868573952,679.829941970791,-379.31912685758203,-114.954518020255
11081,2857.7361705849394,0,0,3006,-16.7488899104636,392.49999999999903,-423.075511914612,-100.93942758998399
11082,2392.75490308067,0,0,3009,-91.46193267635229,-1.46231754030201e-11,-438.0,-86.7831642429625
11083,1732.5126048298998,0,0,3012,-391.406356461999,-392.49999999994697,-423.075511914616,-72.505526793538
11084,1932.7251751047302,0,0,3015,35.0007277418252,-679.829941970805,-379.319126857578,-58.1264838087081
11085,1927.4560625907602,0,0,3018,47.8349784307592,-785.0,-309.712770159715,-43.6661456802889
11086,2425.9558052561497,0,0,3021,332.930483725651,-679.829941970795,-219.000000000005,-29.144736498705804
11087,2348.28310944253,0,0,3024,-155.271583034785,-392.500000000006,-113.36274175490601,-14.5825657677688
11088,2984.1156775988898,0,0,3027,-42.884322401115604,6.160399915711849e-12,1.71863386183554e-12,-5.731347020009611e-13
11089,3582.8034783551,0,0,3030,32.358170832405804,392.500000000017,113.362741754909,14.582565767767699
11090,5723.67950688114,1,0,3033,3.52268355537771,679.829941970756,218.999999999986,29.1447364987047
11091,4576.88431527,0,0,3036,402.505399430015,785.0,309.712770159699,43.6661456802878
11092,4140.979013156861,0,0,3039,-15.296539480225599,679.829941970799,379.31912685757993,58.126483808707
11093,3794.3274187426705,0,0,3042,-135.75361996548799,392.50000000001404,423.07551191461096,72.50552679353692
11094,3407.2507805733803,0,0,3045,-162.532383669583,2.3023755715963998e-12,438.0,86.7831642429614
11095,3279.00817694146,0,0,3048,99.4932374368747,-392.50000000001,423.07551191461096,100.93942758998301
11096,2505.49106622202,0,0,3051,-359.952636685018,-679.829941970797,379.319126857581,114.954518020251
11097,2727.74554829151,0,0,3054,20.2239439692795,-785.0,309.712770159718,128.80883416251498
11098,2656.9844561764003,0,0,3057,-81.6686013557032,-679.829941970803,219.000000000009,142.482999502892
11099,3044.95127781609,0,0,3060,108.130646576504,-392.500000000021,113.362741754911,155.957889484699
11100,2770.8507655570897,0,0,3063,-461.363892698747,-1.07651510589046e-11,3.0032714419109802e-12,169.214658255848
11101,3277.47307045729,0,0,3066,-249.898952814297,392.500000000002,-113.36274175490499,182.234765026494
11102,3860.3920501049797,0,0,3069,135.56210813421498,679.829941970748,-218.99999999998198,194.999999999998
11103,3591.2973664538,0,0,3072,-163.48237322747102,785.0,-309.712770159714,207.49250984098
11104,3705.1098312651293,0,0,3075,109.904193507092,679.829941970807,-379.319126857578,219.694822644813
11105,3253.5580707427303,0,0,3078,-25.456289716357897,392.500000000028,-423.07551191461,231.589872373665
11106,2846.7575409194,0,0,3081,-39.4034818055248,1.92279265462129e-11,-438.0,243.16102272490602
11107,2572.3554069163897,0,0,3084,49.5388284325267,-392.49999999999494,-423.075511914612,254.392090398466
11108,2617.85575876715,0,0,3087,324.737459864863,-679.829941970788,-379.319126857583,265.267367730659
11109,2025.9991333763,0,0,3090,-245.05974112673098,-785.0,-309.712770159721,275.771644662752
11110,2491.12950575705,0,0,3093,11.0692177141772,-679.829941970767,-218.99999999999199,285.890230013632
11111,2421.80953410413,0,0,3096,-463.93669616764504,-392.50000000003604,-113.362741754915,295.608972026727
11112,3295.67533330891,0,0,3099,-108.238944853589,-2.7690702033521102e-11,-7.72517674565749e-12,304.914278162531
11113,3911.19428836669,0,0,3102,-10.461587497198499,392.499999999988,113.3627417549,313.79313410899897
11114,4369.05706658509,0,0,3105,42.9940026310676,679.829941970784,219.0,322.233121983238
11115,4825.80716959841,0,0,3108,292.87196173967004,785.0,309.71277015971003,330.222437699031
11116,4382.194136239221,0,0,3111,-125.704840065102,679.829941970816,379.319126857575,337.749907475931
11117,4388.1166150195795,0,0,3114,113.736099638207,392.49999999996595,423.07551191461505,344.80500346679804
11118,4065.16826437941,0,0,3117,158.79040589743,3.6153477520829397e-11,438.0,351.37785848194295
11119,3655.5521601041205,0,0,3120,147.517368400196,-392.49999999998,423.075511914614,357.459279789291
11120,3147.7026152571198,0,0,3123,-37.827331600922705,-679.8299419707799,379.319126857585,363.040761971239
11121,3021.85958857172,0,0,3126,3.03231959175336,-785.0,309.712770159707,368.114498820263
11122,3373.7773892128002,0,0,3129,332.93393692698504,-679.829941970776,218.999999999996,372.673394256594
11123,3338.20037016682,0,0,3132,108.626556159215,-392.50000000004997,113.36274175491998,376.711072252737
11124,3439.8995986833397,0,0,3135,-75.3222870675429,-4.46162530081376e-11,1.2447082049404e-11,380.22188575091104
11125,4615.3771843326795,0,0,3138,815.0390015266189,392.499999999973,-113.36274175489599,383.200924560982
11126,4062.7470374307795,0,0,3141,75.27307323219729,679.829941970776,-218.999999999996,385.6440222278
11127,3950.8673354622997,0,0,3144,-55.9676562363562,785.0,-309.712770159707,387.547761858364
11128,3501.79951519503,0,0,3147,-334.62078081882703,679.8299419707799,-379.319126857585,388.90948090066
11129,3572.6701080982,0,0,3150,63.5183451453564,392.49999999998,-423.075511914614,389.727274867475
11130,2963.6361756538695,0,0,3153,-141.363824346179,5.3079028495445896e-11,-438.0,390.0
11131,2872.90893767663,0,0,3156,142.757174723731,-392.49999999996595,-423.07551191461505,389.72727486747596
11132,2518.33157605379,0,0,3159,29.571163981490198,-679.8299419707711,-379.31912685758795,388.90948090066
11133,2885.58512197539,0,0,3162,430.75013027673106,-785.0,-309.71277015971003,387.547761858365
11134,2531.68485643534,0,0,3165,-120.12922382167801,-679.829941970784,-219.0,385.6440222278
11135,3480.00584687052,0,0,3168,434.667664064525,-392.50000000006503,-113.36274175492399,383.20092456098297
11136,3544.2790427803498,0,0,3171,-6.942842970592929,2.7702363628714502e-11,7.7284301078834e-12,380.22188575091104
11137,4228.24162970549,0,0,3174,171.667815697903,392.49999999995794,113.36274175489099,376.71107225273596
11138,4271.42018618364,0,0,3177,-177.083150043717,679.829941970767,218.99999999999199,372.673394256595
11139,4564.77743704122,0,0,3180,-78.04983193874841,785.0,309.712770159704,368.114498820263
11140,4821.22883290323,0,0,3183,216.03900210361599,679.829941970788,379.319126857583,363.04076197124
11141,4093.0996639557,0,0,3186,-265.935127748197,392.49999999999494,423.075511914612,357.459279789291
11142,3879.26585224057,0,0,3189,-99.11200624144692,7.00045794700624e-11,438.0,351.377858481944
11143,3367.13232437542,0,0,3192,-200.24819100595798,-392.500000000028,423.07551191461,344.80500346679804
11144,3059.7882409156,0,0,3195,-172.450851447164,-679.829941970763,379.31912685759005,337.749907475932
11145,2773.91200560949,0,0,3198,-279.023202249255,-785.0,309.712770159714,330.222437699031
11146,2705.47823332028,0,0,3201,-356.924946692175,-679.829941970792,219.000000000004,322.23312198323896
11147,3067.5683802868602,0,0,3204,-171.087495577044,-392.500000000002,113.36274175490499,313.793134109001
11148,3685.51760958949,0,0,3207,173.60333142695,1.0776812654097999e-11,-3.00652480413688e-12,304.914278162533
11149,4004.21925325864,0,0,3210,219.473022986857,392.499999999944,-113.36274175488701,295.608972026727
11150,3929.3886140768104,0,0,3213,-30.331557907619,679.829941970803,-219.000000000009,285.890230013632
11151,4082.1167978487606,0,0,3216,115.057923345711,785.0,-309.7127701597,275.771644662754
11152,4042.43148954314,0,0,3219,257.65330669926897,679.829941970797,-379.319126857581,265.267367730658
11153,3455.08312383172,0,0,3222,9.26654534785379,392.50000000001,-423.07551191461096,254.392090398468
11154,2829.0076727638398,0,0,3225,-201.15334996106498,-2.31403716678972e-12,-438.0,243.16102272490602
11155,2762.3109348189,0,0,3228,118.296574359857,-392.50000000001404,-423.07551191461096,231.589872373667
11156,2226.8836281681797,0,0,3231,-164.662125648287,-679.829941970754,-379.319126857592,219.694822644813
11157,2307.86195977155,0,0,3234,-38.917779909717005,-785.0,-309.71277015971697,207.49250984098302
11158,2754.94986025585,0,0,3237,221.779802226663,-679.829941970801,-219.00000000000801,195.0
11159,2717.62058632075,0,0,3240,-198.75143695082298,-392.500000000017,-113.362741754909,182.234765026496
11160,3282.58387589849,0,0,3243,-129.630782357351,-6.14873832051853e-12,-1.71538049960963e-12,169.214658255848
11161,3702.31785813239,0,0,3246,-205.50277310722302,392.500000000006,113.36274175490601,155.957889484698
11162,4412.369154126621,0,0,3249,122.056212652926,679.829941970795,219.000000000005,142.48299950289498
11163,4135.39495569884,0,0,3252,-340.126648623377,785.0,309.712770159697,128.80883416251498
11164,4489.8985071772795,0,0,3255,60.794920328638895,679.829941970805,379.319126857578,114.954518020254
11165,4121.1911985589595,0,0,3258,-53.323740945657995,392.50000000002404,423.07551191461,100.93942758998301
11166,3551.83582380325,0,0,3261,-233.947340439727,1.46115138078268e-11,438.0,86.7831642429639
11167,3590.58452905339,0,0,3264,223.503490345241,-392.49999999999903,423.075511914612,72.5055267935367
11168,3430.9377125326396,0,0,3267,406.32204383714503,-679.829941970791,379.31912685758203,58.1264838087068
11169,2989.6837839153004,0,0,3270,151.304868075303,-785.0,309.712770159703,43.6661456802903
11170,2906.0535980347,0,0,3273,64.7388035067944,-679.829941970809,219.00000000001202,29.1447364987072
11171,3159.83715773514,0,0,3276,148.391850212488,-392.50000000003195,113.362741754914,14.5825657677675
11172,3192.4458633254603,0,0,3279,-86.5541366745275,-2.3074289295135e-11,6.4372858033561395e-12,-7.646624075644871e-13
11173,3985.4418657483293,0,0,3282,438.887173271005,392.499999999992,-113.362741754902,-14.582565767766301
11174,3680.0324613918397,0,0,3285,-36.652744080244105,679.829941970786,-219.000000000001,-29.1447364987032
11175,3786.9159512151796,0,0,3288,67.2948670551597,785.0,-309.712770159694,-43.6661456802891
11176,3351.63245423399,0,0,3291,-181.75187707048,679.8299419707689,-379.31912685758795,-58.126483808708294
11177,3091.27464996022,0,0,3294,-99.6443113316787,392.500000000039,-423.07551191460897,-72.5055267935355
11178,2438.76669036568,0,0,3297,-333.450145391394,3.15370647824433e-11,-438.0,-86.7831642429627
11179,1928.8646999925897,0,0,3300,-454.62036050282796,-392.49999999998397,-423.07551191461306,-100.93942758998399
11180,1934.3813908208801,0,0,3303,-194.515022330503,-679.829941970782,-379.319126857585,-114.954518020252
11181,1710.86020562843,0,0,3306,-371.618190049348,-785.0,-309.712770159706,-128.808834162514
11182,2294.27727176338,0,0,3309,26.590213237108603,-679.829941970818,-219.00000000001597,-142.482999502894
11183,2905.8817426755,0,0,3312,255.702373915065,-392.499999999969,-113.362741754894,-155.9578894847
11184,2822.98315183845,0,0,3315,-322.802189905651,-3.99998402697515e-11,-1.11591911071027e-11,-169.21465825584698
11185,3805.4755666158203,0,0,3318,163.847589887437,392.49999999997704,113.362741754897,-182.234765026492
11186,3861.61598419315,0,0,3321,-163.213957777628,679.829941970778,218.999999999997,-194.999999999999
11187,4116.83946455764,0,0,3324,-94.3807957610826,785.0,309.712770159708,-207.49250984098202
11188,4067.98188913151,0,0,3327,-98.4723570520401,679.829941970777,379.31912685758596,-219.694822644812
11189,4024.2523095340002,0,0,3330,110.266669993002,392.500000000054,423.07551191460703,-231.589872373666
11190,3609.1672063089704,0,0,3333,81.32822903391371,-4.078155185440879e-11,438.0,-243.16102272490699
11191,3028.16848066098,0,0,3336,-84.01494085519279,-392.49999999997004,423.075511914614,-254.392090398467
11192,2758.8976399811104,0,0,3339,-14.3241771750507,-679.829941970774,379.319126857587,-265.267367730657
11193,2422.47980608857,0,0,3342,-168.46131940838399,-785.0,309.712770159709,-275.771644662753
11194,2625.90448461611,0,0,3345,27.6246566005302,-679.829941970782,218.999999999999,-285.890230013633
11195,2788.5649682289695,0,0,3348,15.311198500782599,-392.49999999998397,113.362741754899,-295.608972026726
11196,3047.6163970996504,0,0,3351,1.53067526222022,-5.6925391244367997e-11,1.5881096410849198e-11,-304.91427816252997
11197,3290.22205489536,0,0,3354,-29.122069240713802,392.49999999996203,-113.362741754892,-313.793134109
11198,3303.97322737777,0,0,3357,-191.62359260977001,679.8299419707689,-218.99999999999298,-322.233121983238
11199,3383.84842652472,0,0,3360,-121.216365616541,785.0,-309.71277015970503,-330.22243769903
11200,3301.9106070441603,0,0,3363,-23.850300593108397,679.829941970786,-379.319126857584,-337.74990747593
11201,2950.84365713551,0,0,3366,-39.7758274830702,392.499999999991,-423.07551191461306,-344.805003466799
11202,2450.47896426599,0,0,3369,-129.143177252047,-2.38560008797923e-11,-438.0,-351.37785848194295
11203,2328.68005150372,0,0,3372,129.714843207581,-392.499999999955,-423.075511914616,-357.45927978929
11204,1855.68558463762,0,0,3375,-97.1245845627842,-679.829941970765,-379.319126857589,-363.04076197124
11205,1548.5323807243801,0,0,3378,-366.640350295642,-785.0,-309.712770159713,-368.114498820264
11206,2127.30543635016,0,0,3381,17.8087725775519,-679.8299419707901,-219.000000000003,-372.673394256595
11207,2245.5738782105104,0,0,3384,-255.852307781854,-392.499999999998,-113.36274175490401,-376.71107225273596
11208,3150.5037791233003,0,0,3387,143.72566487430902,-7.38509422189845e-11,-2.0603001714595698e-11,-380.22188575091104
11209,3575.35677013739,0,0,3390,62.6949529434406,392.500000000025,113.362741754912,-383.20092456098297
11210,4147.07814698306,0,0,3393,240.892227240111,679.8299419707611,218.999999999989,-385.6440222278
11211,4086.0366144025606,0,0,3396,-17.1283938987754,785.0,309.712770159701,-387.547761858364
11212,4509.5088499389,0,0,3399,440.26926201118897,679.829941970794,379.319126857581,-388.90948090066
11213,3953.4130662529296,0,0,3402,125.564829205785,392.500000000006,423.07551191461096,-389.727274867475
11214,3593.7028023538105,0,0,3405,140.70280235381202,-6.930449905175831e-12,438.0,-390.0
11215,2785.22107250153,0,0,3408,-263.627164545674,-392.49999999994,423.075511914617,-389.727274867475
11216,2693.34390364906,0,0,3411,-28.2358003370565,-679.829941970801,379.31912685757896,-388.90948090066
11217,2487.18528221825,0,0,3414,-63.979726083104104,-785.0,309.712770159716,-387.547761858365
11218,2378.9696109678302,0,0,3417,-191.556424833577,-679.829941970799,219.00000000000702,-385.6440222278
11219,2534.7228991779803,0,0,3420,-222.938918015928,-392.50000000001296,113.36274175490801,-383.20092456098297
11220,3225.07155510366,0,0,3423,182.29344085457402,-1.53232558213241e-12,4.274895573082779e-13,-380.22188575091104
11221,3180.94380184085,0,0,3426,-147.48238415152,392.50000000001,-113.36274175490699,-376.711072252737
11222,3278.4685571288896,0,0,3429,-238.687990585285,679.829941970752,-218.99999999998502,-372.673394256596
11223,3817.0697466904903,0,0,3432,277.897015670471,785.0,-309.712770159715,-368.114498820264
11224,3059.15343672396,0,0,3435,-313.31661641802503,679.829941970803,-379.31912685757896,-363.04076197124
11225,3004.4654109205603,0,0,3438,-45.4997973755589,392.50000000002,-423.07551191461,-357.459279789291
11226,4605.1654564256705,1,0,3441,194.361170051295,9.99510106944066e-12,-438.0,-351.37785848194505
11227,2320.1852211045602,0,0,3444,36.56573648597,-392.50000000000296,-423.075511914612,-344.805003466797
11228,2054.16057245018,0,0,3447,4.05954875448547,-679.829941970793,-379.31912685758203,-337.749907475931
11229,1917.2473153035899,0,0,3450,-107.817476837655,-785.0,-309.712770159719,-330.22243769903196
11230,2609.4422685253103,0,0,3453,377.505332479368,-679.829941970807,-219.000000000011,-322.233121983238
11231,2913.64502038267,0,0,3456,277.300896246613,-392.500000000028,-113.362741754913,-313.793134109
11232,2813.54746469487,0,0,3459,-340.53825714257704,-1.84578765567489e-11,-5.14939486105479e-12,-304.914278162532
11233,3660.5633596676003,0,0,3462,-11.6904100605744,392.499999999996,113.362741754903,-295.608972026728
11234,4289.80276914386,0,0,3465,211.863057186702,679.829941970789,219.000000000002,-285.890230013633
11235,4266.01446680658,0,0,3468,-20.926658690382897,785.0,309.71277015971197,-275.771644662753
11236,4451.28054285755,0,0,3471,186.398841759823,679.829941970811,379.319126857577,-265.267367730659
11237,3494.83673837791,0,0,3474,-540.346683138266,392.500000000035,423.07551191460897,-254.392090398469
11238,3870.6797299549703,0,0,3477,198.840752679849,2.69206520440572e-11,438.0,-243.16102272490502
11239,3373.49135306527,0,0,3480,94.5057135243141,-392.499999999988,423.07551191461306,-231.589872373666
11240,3005.11601283477,0,0,3483,42.321650592787705,-679.829941970784,379.319126857584,-219.694822644814
11241,2459.45137139246,0,0,3486,-343.768888926283,-785.0,309.712770159723,-207.49250984098202
11242,2400.329651553,0,0,3489,-432.840406476222,-679.8299419707711,218.99999999999298,-194.999999999999
11243,3081.49867698187,0,0,3492,50.870700253485005,-392.50000000004206,113.362741754917,-182.234765026495
11244,3229.7889990384497,0,0,3495,-95.9963427056789,-3.53834275313654e-11,9.871300164801302e-12,-169.21465825585
11245,3556.3962350499396,0,0,3498,-64.7831337104449,392.499999999981,-113.362741754898,-155.9578894847
11246,3330.4048961197805,0,0,3501,-488.942046348113,679.8299419707799,-218.999999999998,-142.482999502894
11247,3490.54633721652,0,0,3504,-359.93205846125295,785.0,-309.712770159709,-128.808834162516
11248,3464.5619453548197,0,0,3507,-227.994351738167,679.82994197082,-379.319126857574,-114.954518020255
11249,2908.16322845159,0,0,3510,-470.32183204378,392.499999999972,-423.075511914614,-100.93942758998399
11250,2911.2005752578802,0,0,3513,-77.016260499204,4.3846203018673604e-11,-438.0,-86.78316424296258
11251,2679.11366263794,0,0,3516,51.1947013460633,-392.49999999997397,-423.075511914614,-72.5055267935381
11252,2181.19047104517,0,0,3519,-220.533976317761,-679.829941970776,-379.31912685758596,-58.126483808711
11253,2266.35069672853,0,0,3522,-117.27038743147399,-785.0,-309.712770159708,-43.666145680289
11254,2443.36827543104,0,0,3525,-153.657046099474,-679.829941970779,-218.999999999998,-29.144736498705896
11255,3528.7559179290206,0,0,3528,521.201225451767,-392.500000000057,-113.36274175492201,-14.5825657677689
11256,3735.91145470451,0,0,3531,204.911454704463,3.6935189105486704e-11,1.0304211992486099e-11,-6.68657152334455e-13
11257,4039.1373312667297,0,0,3534,-15.3079762558959,392.49999999996595,113.362741754894,14.5825657677676
11258,4604.22646685664,0,0,3537,139.25178838717198,679.829941970772,218.999999999994,29.1447364987046
11259,5035.71928512251,0,0,3540,357.340369282519,785.0,309.71277015970503,43.666145680287705
11260,4575.61124590301,0,0,3543,-84.6643067340637,679.829941970784,379.319126857584,58.126483808706894
11261,4332.470399086479,0,0,3546,-101.61063962165301,392.49999999998704,423.07551191461306,72.5055267935368
11262,4028.1793925943202,0,0,3549,-45.603771648702605,6.077175399329011e-11,438.0,86.78316424296129
11263,3763.9716877385704,0,0,3552,80.45674823393091,-392.499999999959,423.07551191461505,100.93942758998001
11264,3506.7539537108196,0,0,3555,137.310250803748,-679.829941970767,379.319126857589,114.954518020254
11265,2945.7511985540505,0,0,3558,-265.770405768181,-785.0,309.71277015971197,128.80883416251498
11266,3046.50045873087,0,0,3561,-196.152598801236,-679.829941970788,219.000000000002,142.482999502892
11267,3372.8183577753803,0,0,3564,-68.00227346422271,-392.499999999994,113.362741754902,155.957889484698
11268,3525.7013394327796,0,0,3567,-210.51331882308202,2.0009638130870198e-11,-5.58230668873958e-12,169.214658255848
11269,3726.92024206919,0,0,3570,-304.451781202361,392.499999999952,-113.36274175488899,182.234765026493
11270,4168.384593149771,0,0,3573,-60.4453488209972,679.829941970763,-218.99999999999,194.999999999998
11271,4185.46799458899,0,0,3576,-73.31174509229159,785.0,-309.712770159702,207.49250984098
11272,3936.4753471631298,0,0,3579,-162.730290594896,679.829941970792,-379.31912685758203,219.694822644813
11273,3792.54823957441,0,0,3582,9.53387911535378,392.500000000002,-423.075511914612,231.589872373665
11274,3590.48393313152,0,0,3585,200.322910406539,7.76973049679066e-11,-438.0,243.16102272490397
11275,3571.84269808498,0,0,3588,545.026119601144,-392.500000000022,-423.07551191461,254.392090398466
11276,2770.13791783067,0,0,3591,-26.9803810716364,-679.829941970759,-379.319126857591,265.267367730658
11277,2723.38933730926,0,0,3594,-51.6695371937803,-785.0,-309.712770159715,275.771644662752
11278,2885.5553755425703,0,0,3597,-98.5049125002605,-679.829941970796,-219.000000000006,285.890230013632
11279,3156.3343943526397,0,0,3600,-233.41183591916698,-392.500000000009,-113.36274175490699,295.608972026727
11280,3904.5547389578005,0,0,3603,-3.35953920473301,3.0840871562537003e-12,8.604013849930709e-13,304.914278162531
11281,4183.14973873376,0,0,3606,-242.506137130061,392.49999999993696,113.362741754884,313.79313410899897
11282,5125.111913076579,0,0,3609,295.048849122537,679.829941970799,219.00000000000702,322.233121983237
11283,4927.223865744,0,0,3612,-109.711342114732,785.0,309.712770159699,330.222437699031
11284,5553.33624501973,0,0,3615,541.4372687154171,679.829941970801,379.31912685757993,337.749907475931
11285,4671.54479720628,0,0,3618,-106.835718175147,392.50000000001603,423.07551191461096,344.805003466797
11286,4169.85508753357,0,0,3621,-240.522770948375,5.37868833105455e-12,438.0,351.37785848194295
11287,3932.41515709206,0,0,3624,-79.6196346118359,-392.500000000007,423.07551191461096,357.459279789291
11288,3189.6843480223997,0,0,3627,-499.84559883567704,-679.8299419707499,379.319126857594,363.040761971239
11289,3306.67346448057,0,0,3630,-216.153804499395,-785.0,309.712770159701,368.114498820263
11290,3401.33648842831,0,0,3633,-143.506963857492,-679.829941970805,219.00000000001,372.673394256595
11291,3971.7067056637397,0,0,3636,238.132891656115,-392.50000000002404,113.362741754911,376.71107225273596
11292,3600.9457469173103,0,0,3639,-418.27613883359396,-1.38414638183628e-11,3.86150391875344e-12,380.22188575091104
11293,4039.92132687932,0,0,3642,-264.416855926753,392.5,-113.36274175490401,383.200924560982
11294,4365.79991793755,0,0,3645,-125.674046261035,679.829941970791,-219.000000000003,385.6440222278
11295,4905.021836481939,0,0,3648,394.18684478326895,785.0,-309.712770159695,387.547761858364
11296,4748.981764290829,0,0,3651,408.561468276942,679.829941970809,-379.319126857577,388.90948090066
11297,4667.38679579068,0,0,3654,654.235032837786,392.500000000031,-423.07551191460897,389.727274867475
11298,3193.8962445545503,0,0,3657,-415.10375544547503,2.2304239305671e-11,-438.0,390.0
11299,3039.47555386093,0,0,3660,-194.676209091938,-392.499999999992,-423.07551191461306,389.72727486747596
11300,3202.1720273413503,0,0,3663,209.411615269057,-679.829941970787,-379.319126857583,388.90948090066
11301,3169.6593696833197,0,0,3666,210.824377984657,-785.0,-309.712770159704,387.547761858365
11302,3505.28132761435,0,0,3669,349.467247357377,-679.829941970813,-219.000000000014,385.6440222278
11303,3557.4634818099703,0,0,3672,8.12529900394387,-392.50000000003797,-113.362741754916,383.20092456098297
11304,4307.7373882724105,0,0,3675,252.51550252153498,-3.07670147929793e-11,-8.58340922249995e-12,380.22188575091104
11305,5021.62300795351,0,0,3678,461.049193945893,392.499999999985,113.362741754899,376.71107225273596
11306,4882.806208128929,0,0,3681,-69.69712809845029,679.829941970782,218.999999999999,372.673394256595
11307,5028.67685878014,0,0,3684,-118.150410199832,785.0,309.71277015971003,368.114498820263
11308,4932.61818937761,0,0,3687,-176.571641421987,679.829941970773,379.319126857587,363.04076197124
11309,4827.10033560915,0,0,3690,-35.9344560947991,392.500000000046,423.075511914608,357.459279789291
11310,4860.60614848182,0,0,3693,378.22828999983903,3.92297902802875e-11,438.0,351.377858481944
11311,3756.2658759895703,0,0,3696,-315.114639391866,-392.499999999978,423.075511914614,344.80500346679804
11312,3739.1713741262397,0,0,3699,2.9322817635022598,-679.829941970778,379.31912685758596,337.749907475932
11313,3559.4342981764294,0,0,3702,2.49909031769573,-785.0,309.712770159708,330.222437699031
11314,3273.17875064094,0,0,3705,-293.224429371494,-679.829941970822,219.00000000001802,322.23312198323896
11315,3715.9306338839897,0,0,3708,-26.725241979934896,-392.49999999997596,113.362741754897,313.793134109001
11316,3782.78764004291,0,0,3711,-233.12663811958402,-4.7692565767595794e-11,1.3305314526246499e-11,304.914278162531
11317,4732.76697378188,0,0,3714,444.020743510076,392.49999999997004,-113.362741754895,295.608972026727
11318,4155.62106213317,0,0,3717,-308.099109851239,679.829941970774,-218.999999999995,285.890230013632
11319,4673.1152229421605,0,0,3720,202.056348439114,785.0,-309.712770159706,275.771644662754
11320,4090.4565720805103,0,0,3723,-198.32161076334302,679.829941970781,-379.319126857585,265.267367730658
11321,3987.0054589857796,0,0,3726,37.1888805018584,392.50000000006,-423.07551191460703,254.392090398468
11322,3457.23922443783,0,0,3729,-76.92179828704,-3.3088826356564604e-11,-438.0,243.16102272490602
11323,2886.8910629803804,0,0,3732,-261.123297478707,-392.499999999963,-423.07551191461505,231.589872373667
11324,2906.8629097711,0,0,3735,11.317155954649598,-679.82994197077,-379.31912685758795,219.694822644813
11325,2955.23526980524,0,0,3738,104.45553012396601,-785.0,-309.712770159711,207.49250984098302
11326,3389.0287609352004,0,0,3741,351.858702905985,-679.829941970786,-219.000000000001,195.0
11327,3529.7821205178902,0,0,3744,109.410097246281,-392.49999999999,-113.36274175490101,182.234765026496
11328,4101.817665504311,0,0,3747,185.603007248548,-6.46181167422123e-11,-1.8027219829993e-11,169.214658255848
11329,3961.6306134906,0,0,3750,-450.19001774904405,392.500000000033,113.362741754914,155.957889484698
11330,4815.025875570011,0,0,3753,20.7129340963593,679.829941970766,218.999999999991,142.48299950289498
11331,5201.23022288544,0,0,3756,221.70861856322202,785.0,309.712770159703,128.80883416251498
11332,4692.37205335935,0,0,3759,-240.731533489273,679.8299419707901,379.319126857583,114.954518020254
11333,4698.94230064158,0,0,3762,20.4273611369829,392.499999999998,423.075511914612,100.93942758998301
11334,4004.86461504266,0,0,3765,-284.91854920029203,-1.61632753819481e-11,438.0,86.783164242964
11335,3844.31282590485,0,0,3768,-26.7682128033538,-392.499999999948,423.075511914616,72.5055267935368
11336,3607.4255742474797,0,0,3771,78.80990555194451,-679.8299419707611,379.319126857591,58.12648380870971
11337,3773.9886087716295,0,0,3774,431.609692931624,-785.0,309.712770159714,43.66614568029039
11338,3313.9886436300603,0,0,3777,-31.3261508978581,-679.829941970794,219.000000000005,29.1447364987073
11339,3645.98945902863,0,0,3780,130.54415150596,-392.50000000000506,113.36274175490601,14.5825657677676
11340,3851.111099508,0,0,3783,68.11109950799501,7.700499894639809e-12,-2.14829232729442e-12,-6.691399572309941e-13
11341,3953.5794025707105,0,0,3786,-96.97528990663099,392.500000000018,-113.36274175491,-14.5825657677662
11342,4453.3791808775,0,0,3789,232.693975405433,679.829941970757,-218.99999999998698,-29.144736498705896
11343,4248.17244313517,0,0,3792,24.551358975157598,785.0,-309.7127701597,-43.666145680289
11344,4240.68656173576,0,0,3795,203.302230431246,679.829941970798,-379.31912685757993,-58.1264838087082
11345,3980.8128274643605,0,0,3798,285.893866172496,392.500000000012,-423.07551191461096,-72.50552679353541
11346,3099.88625931823,0,0,3801,-176.33057643880798,7.62275592668432e-13,-438.0,-86.78316424296258
11347,2850.53106172135,0,0,3804,-36.9539987741206,-392.499999999934,-423.075511914617,-100.93942758998199
11348,3140.8127426079304,0,0,3807,507.916329456558,-679.829941970797,-379.31912685757993,-114.954518020252
11349,2638.69756808339,0,0,3810,52.219172405618494,-785.0,-309.712770159718,-128.808834162514
11350,2955.9145795491304,0,0,3813,184.22752102283798,-679.829941970802,-219.000000000009,-142.482999502894
11351,3290.75021807963,0,0,3816,136.57084931925698,-392.50000000002,-113.36274175491,-155.9578894847
11352,3775.2618391841497,0,0,3819,125.476497440007,-9.22505107997668e-12,-2.5736129764520898e-12,-169.21465825584698
11353,4109.04347322654,0,0,3822,-36.5845035018796,392.500000000004,113.36274175490499,-182.234765026492
11354,4273.61708018766,0,0,3825,-255.212861783073,679.829941970749,218.99999999998298,-194.999999999999
11355,4674.2525592927395,0,0,3828,-40.967701025994394,785.0,309.712770159714,-207.49250984098202
11356,4839.52611779123,0,0,3831,169.071871607656,679.829941970807,379.319126857578,-219.694822644812
11357,4461.35093716346,0,0,3834,43.365297622484505,392.500000000027,423.07551191461,-231.589872373666
11358,4289.50329745372,0,0,3837,257.664320178611,1.7687826567284898e-11,438.0,-243.16102272490502
11359,3828.9701453044704,0,0,3840,212.78672378832297,-392.499999999996,423.075511914612,-254.392090398467
11360,3224.93653543407,0,0,3843,-52.2852817220705,-679.829941970789,379.319126857583,-265.267367730657
11361,2931.7053197235305,0,0,3846,-163.235805773443,-785.0,309.712770159721,-275.771644662753
11362,3062.7983402220098,0,0,3849,-39.481487793580705,-679.829941970766,218.999999999991,-285.890230013633
11363,3219.46709445523,0,0,3852,-57.786675272920704,-392.50000000003405,113.362741754915,-295.608972026726
11364,3494.69215958069,0,0,3855,-55.3935622567645,-2.61506020545932e-11,7.29551828019861e-12,-304.91427816252997
11365,4118.003938471789,0,0,3858,294.659814335705,392.49999999998903,-113.36274175490101,-313.793134109
11366,4333.60359473867,0,0,3861,334.006774751121,679.829941970785,-219.0,-322.233121983238
11367,4095.9471494462896,0,0,3864,86.8823573050322,785.0,-309.712770159711,-330.22243769903
11368,3653.19245985029,0,0,3867,-176.56844778702302,679.829941970815,-379.319126857576,-337.749907475931
11369,3301.12893676517,0,0,3870,-193.49054785346598,392.50000000004206,-423.075511914608,-344.805003466797
11370,3020.8550277864697,0,0,3873,-62.767113731622295,3.46133775419014e-11,-438.0,-351.37785848194295
11371,2719.22916791215,0,0,3876,16.2639596160383,-392.499999999982,-423.07551191461306,-357.45927978929
11372,2544.9670444111703,0,0,3879,88.1568752107704,-679.829941970781,-379.319126857585,-363.04076197124
11373,2129.02859700866,0,0,3882,-290.144134011365,-785.0,-309.712770159707,-368.114498820264
11374,2937.50108732966,0,0,3885,324.004423557027,-679.8299419707749,-218.999999999995,-372.673394256595
11375,2474.2094771872603,0,0,3888,-531.216708805034,-392.500000000049,-113.362741754919,-376.71107225273596
11376,3313.72080899259,0,0,3891,-197.057305256447,-4.30761530292097e-11,-1.20174235839451e-11,-380.22188575091104
11377,4193.69765976359,0,0,3894,177.0358425697,392.49999999997397,113.36274175489599,-383.20092456098297
11378,4577.23295142735,0,0,3897,167.047031684382,679.829941970776,218.999999999996,-385.6440222278
11379,4531.84864586981,0,0,3900,-75.3163624315373,785.0,309.712770159707,-387.547761858364
11380,4760.51041783511,0,0,3903,187.270829907379,679.8299419708239,379.319126857573,-388.90948090066
11381,4544.77356042349,0,0,3906,212.92532337636902,392.499999999979,423.075511914614,-389.727274867475
11382,4026.97051395697,0,0,3909,69.9705139569154,5.15389285165179e-11,438.0,-390.0
11383,3355.08542463922,0,0,3912,-197.762812407956,-392.499999999967,423.07551191461505,-389.727274867475
11384,3327.99240197891,0,0,3915,102.412697992754,-679.829941970772,379.31912685758795,-388.90948090066
11385,2970.4951347275605,0,0,3918,-84.66987357379021,-785.0,309.71277015971003,-387.547761858365
11386,2891.48282017299,0,0,3921,-183.043215628424,-679.829941970783,218.999999999999,-385.6440222278
11387,3210.9145194113503,0,0,3924,-50.747297782528705,-392.500000000064,113.36274175492399,-383.20092456098297
11388,3467.0317415589197,0,0,3927,-79.74637269019121,2.92424636076424e-11,-8.158088573342282e-12,-380.22188575091104
11389,3973.4415377064097,0,0,3930,141.015351714082,392.49999999996004,-113.362741754892,-376.71107225273806
11390,4037.65785508871,0,0,3933,16.501307374532498,679.829941970768,-218.99999999999199,-372.673394256596
11391,3908.4880976957793,0,0,3936,-134.684633324255,785.0,-309.712770159704,-368.114498820263
11392,3977.85505513415,0,0,3939,101.385001992129,679.829941970832,-379.319126857571,-363.040761971241
11393,3385.5168854093104,0,0,3942,-168.448322886778,392.499999999994,-423.075511914612,-357.459279789291
11394,2691.72671026525,0,0,3945,-463.895431252789,-2.07796881203342e-11,-438.0,-351.37785848194295
11395,2506.61425265992,0,0,3948,-281.005231958712,-392.499999999952,-423.075511914616,-344.805003466799
11396,2266.99841684465,0,0,3951,-287.10260685106704,-679.829941970764,-379.31912685759005,-337.749907475931
11397,2404.09485920073,0,0,3954,-124.969932940539,-785.0,-309.712770159696,-330.22243769903
11398,2716.5869455221105,0,0,3957,-19.349990523859802,-679.829941970792,-219.000000000003,-322.233121983238
11399,3350.5204530050396,0,0,3960,210.176328868944,-392.50000000000097,-113.36274175490401,-313.793134109
11400,3479.8952474563002,0,0,3963,-178.19047438106998,-7.69272549784427e-11,-2.14612341914381e-11,-304.914278162534
11401,4116.9791900892205,0,0,3966,-59.27457963888121,392.499999999945,113.36274175488701,-295.608972026728
11402,4689.2418232520795,0,0,3969,107.30211129490401,679.8299419708039,219.000000000009,-285.890230013633
11403,4721.55555368713,0,0,3972,-69.3855718098185,785.0,309.712770159701,-275.771644662755
11404,4697.434672351071,0,0,3975,-71.4470287466516,679.829941970796,379.319126857581,-265.267367730659
11405,4641.00406167109,0,0,3978,101.82064015493799,392.500000000008,423.07551191461096,-254.392090398467
11406,4408.373007349051,0,0,3981,232.534030073871,8.539003046575091e-11,438.0,-243.16102272490699
11407,3887.1341628455702,0,0,3984,104.148523304638,-392.500000000015,423.07551191461096,-231.589872373666
11408,3181.06197403565,0,0,3987,-285.73238820632,-679.8299419708001,379.31912685757993,-219.694822644812
11409,2988.2689104445003,0,0,3990,-318.951349874232,-785.0,309.71277015971697,-207.49250984098202
11410,3332.31543404969,0,0,3993,-4.85462397951454,-679.8299419708001,219.00000000000801,-194.999999999999
11411,3945.07168687858,0,0,3996,410.44371015023904,-392.500000000093,113.362741754933,-182.234765026497
11412,4256.757176426029,0,0,3999,426.97183468188103,-4.6086383415905595e-12,1.28572203415074e-12,-169.21465825585
11413,4306.423919301989,0,0,4002,181.244550541591,392.500000000008,-113.36274175490601,-155.9578894847
11414,3882.98074591596,0,0,4005,-440.36619655190805,679.8299419707511,-218.99999999998403,-142.482999502896
11415,4031.6206189139,0,0,4008,-322.857776763885,785.0,-309.712770159697,-128.808834162516
11416,4254.01202526124,0,0,4011,57.4557281683219,679.8299419707599,-379.319126857591,-114.954518020252
11417,4279.15354710506,0,0,4014,396.668486609633,392.50000000002296,-423.07551191461,-100.93942758998399
11418,3195.2101850300105,0,0,4017,-297.006650727039,1.30714138288988e-11,-438.0,-86.7831642429627
11419,3189.8252089236103,0,0,4020,57.9062476317532,-392.5,-423.075511914612,-72.5055267935355
11420,2618.15873023053,0,0,4023,-287.56571713242,-679.829941970747,-379.319126857595,-58.126483808708294
11421,2664.0884720842,0,0,4026,-223.53261207580502,-785.0,-309.712770159702,-43.6661456802891
11422,3056.1425692851194,0,0,4029,-44.88275224534921,-679.829941970808,-219.00000000001202,-29.144736498708703
11423,4410.70844824156,0,0,4032,899.153755764276,-392.50000000002996,-113.362741754914,-14.582565767769001
11424,3985.41347419844,0,0,4035,-49.5865258015304,-2.1534189316207102e-11,-6.0076273378972595e-12,-7.64179602667948e-13
11425,4232.9613963478605,0,0,4038,-325.483911174702,392.499999999916,113.362741754878,14.582565767764699
11426,4905.69828502246,0,0,4041,-63.276393447033904,679.829941970787,219.000000000001,29.1447364987045
11427,5477.81088956832,0,0,4044,295.43197372832003,785.0,309.71277015971197,43.6661456802903
11428,5108.50465706919,0,0,4047,-55.770895567909996,679.829941970813,379.319126857576,58.1264838087068
11429,4645.676749102589,0,0,4050,-292.404289605597,392.50000000003797,423.07551191460897,72.5055267935367
11430,4685.77490879801,0,0,4053,107.991744555103,-5.92472028079533e-11,438.0,86.7831642429639
11431,2537.9047762589103,1,0,4056,109.57198161062,-392.49999999998596,423.07551191461306,100.93942758998001
11432,4064.47760703182,0,0,4059,191.033904124768,-679.829941970783,379.319126857585,114.954518020254
11433,3148.09202518997,0,0,4062,-567.4295791322689,-785.0,309.712770159723,128.808834162512
11434,3828.15364095942,0,0,4065,81.5005834273336,-679.829941970817,219.00000000001597,142.482999502892
11435,3806.83192131271,0,0,4068,-137.988709926915,-392.49999999996805,113.362741754894,155.957889484698
11436,4456.18457951274,0,0,4071,215.969921256927,-3.8459740290823605e-11,1.07295326416438e-11,169.21465825584602
11437,4921.2575820663,0,0,4074,385.885558794721,392.499999999978,-113.362741754897,182.234765026493
11438,4792.81606697009,0,0,4077,59.9861249993101,679.829941970779,-218.999999999997,195.0
11439,4571.43068045558,0,0,4080,-191.349059225705,785.0,-309.712770159691,207.49250984098
11440,4726.80356303513,0,0,4083,123.59792527712601,679.829941970777,-379.31912685758596,219.694822644813
11441,3932.0603508696204,0,0,4086,-354.95400958940905,392.499999999975,-423.075511914614,231.589872373667
11442,3781.28121411511,0,0,4089,-112.87980860983801,4.6922515778131797e-11,-438.0,243.16102272490397
11443,3535.12287128423,0,0,4092,4.30629280035097,-392.499999999971,-423.075511914614,254.392090398468
11444,3163.48669233325,0,0,4095,-137.63160656908101,-679.82994197073,-379.31912685759903,265.267367730656
11445,3540.06492253201,0,0,4098,261.006048028964,-785.0,-309.712770159709,275.771644662752
11446,3664.92334271456,0,0,4101,176.863054671704,-679.829941970781,-218.999999999998,285.890230013632
11447,3773.02763479394,0,0,4104,-120.718595477801,-392.50000000006,-113.36274175492301,295.608972026725
11448,4816.810345676679,0,0,4107,404.896067514218,-5.538529126544e-11,-1.54514379453903e-11,304.914278162531
11449,4809.80522127726,0,0,4110,-119.850654586695,392.500000000041,113.362741754917,313.793134109001
11450,5437.58013089642,0,0,4113,103.517066942422,679.82994197077,218.99999999999298,322.233121983237
11451,5878.05191448343,0,0,4116,337.11670662469504,785.0,309.71277015970503,330.222437699031
11452,5474.364750865329,0,0,4119,-41.534225438974296,679.829941970785,379.319126857584,337.749907475932
11453,5358.629254815421,0,0,4122,76.24873943394459,392.50000000006696,423.075511914606,344.805003466797
11454,5133.347317070689,0,0,4125,218.969458588769,-2.5396100858720303e-11,438.0,351.37785848194295
11455,4466.35172016084,0,0,4128,-49.683071543106394,-392.499999999956,423.075511914616,357.45927978928904
11456,4116.80932464197,0,0,4131,-76.72062221609559,-679.829941970766,379.319126857589,363.040761971239
11457,4128.31270808604,0,0,4134,101.485439106066,-785.0,309.71277015971197,368.114498820263
11458,2141.04915752278,1,0,4137,-148.612149906694,-679.8299419708339,219.000000000024,372.673394256594
11459,4300.411587681961,0,0,4140,62.8377736743151,-392.49999999999704,113.362741754903,376.71107225273596
11460,4137.8204696024395,0,0,4143,-385.40141614848,1.6933325371412e-11,-4.72407421189712e-12,380.22188575091104
11461,4490.24320286643,0,0,4146,-318.094979939618,392.499999999949,-113.362741754888,383.200924560982
11462,4754.43939178618,0,0,4149,-241.03457241239602,679.829941970762,-218.999999999989,385.6440222278
11463,5438.81961820202,0,0,4152,423.98462650337405,785.0,-309.712770159719,387.547761858365
11464,4897.9893953705605,0,0,4155,53.569099356684596,679.829941970794,-379.31912685758203,388.90948090066
11465,4628.44388585015,0,0,4158,111.292122897281,392.500000000004,-423.075511914612,389.727274867475
11466,4422.88803207271,0,0,4161,309.888032072629,8.07736177273648e-11,-438.0,390.0
11467,3464.6719869995,0,0,4164,-273.479775953413,-392.499999999942,-423.075511914617,389.72727486747596
11468,3279.43738652266,0,0,4167,-217.323025549614,-679.829941970802,-379.31912685757896,388.90948090066
11469,3544.69798352541,0,0,4170,81.8629918267645,-785.0,-309.712770159716,387.547761858365
11470,3586.2831084729796,0,0,4173,-73.5309717840165,-679.829941970798,-219.00000000000702,385.6440222278
11471,3654.01239510563,0,0,4176,-399.325787700432,-392.500000000012,-113.36274175490801,383.200924560982
11472,4447.543841200711,0,0,4179,-111.67804455009,-8.9236393214673e-11,-2.48952485528833e-11,380.22188575091104
11473,4716.13920109815,0,0,4182,-348.43461290950205,392.500000000012,113.36274175490801,376.711072252737
11474,5380.4090733433,0,0,4185,-76.09426288409391,679.829941970798,219.00000000000702,372.673394256594
11475,5583.36027695479,0,0,4188,-67.4669920251745,785.0,309.712770159698,368.114498820264
11476,5631.61409624895,0,0,4191,18.4242654493246,679.829941970802,379.31912685757896,363.04076197124
11477,5289.72649877065,0,0,4194,-77.3082929333407,392.50000000009595,423.075511914604,357.459279789292
11478,5140.22245113963,0,0,4197,153.844592657675,8.4550010905127e-12,438.0,351.377858481944
11479,5206.32771537645,0,0,4200,630.947199995043,-392.500000000004,423.075511914612,344.80500346679804
11480,4017.0924176787203,0,0,4203,-223.14667468405702,-679.829941970749,379.319126857594,337.749907475932
11481,3878.9108749145503,0,0,4206,-182.02433294419998,-785.0,309.712770159719,330.222437699031
11482,4110.54947244387,0,0,4209,40.1462924314051,-679.829941970762,218.999999999989,322.233121983238
11483,4540.19743997906,0,0,4212,293.541564115168,-392.50000000002603,113.362741754912,313.793134109003
11484,4720.71333289618,0,0,4215,200.799054733666,-1.69177765778209e-11,4.71973639559591e-12,304.914278162531
11485,4708.82156317463,0,0,4218,-83.9246670971879,392.49999999999704,-113.362741754903,295.608972026725
11486,4842.47994681424,0,0,4221,-125.24022517015301,679.829941970745,-218.99999999998101,285.890230013634
11487,5035.307110984771,0,0,4224,60.2482364817309,785.0,-309.71277015971197,275.771644662754
11488,4863.3757037747,0,0,4227,70.59752093080759,679.829941970811,-379.319126857577,265.267367730661
11489,4512.799565592621,0,0,4230,58.98298710872479,392.50000000003405,-423.07551191460897,254.392090398468
11490,4040.23089001712,0,0,4233,2.06986729218645,2.53805520651292e-11,-438.0,243.16102272490602
11491,3746.70977655705,0,0,4236,94.69541609791901,-392.499999999912,-423.07551191461897,231.589872373667
11492,3151.62255911107,0,0,4239,-247.923194705373,-679.829941970785,-379.319126857584,219.694822644813
11493,3198.9423984511604,0,0,4242,-155.837341230119,-785.0,-309.71277015970503,207.49250984098
11494,3252.6107037876195,0,0,4245,-288.559354241549,-679.829941970815,-219.00000000001498,195.000000000003
11495,4178.239354088711,0,0,4248,253.86733081717202,-392.500000000041,-113.362741754917,182.234765026494
11496,4633.761379570979,0,0,4251,213.54672131506598,5.54008400590311e-11,1.54557757616915e-11,169.21465825584602
11497,4732.39277002351,0,0,4254,-183.42786121607102,392.499999999982,113.362741754899,155.957889484701
11498,5189.149581347279,0,0,4257,-109.16336012639799,679.829941970781,218.999999999998,142.48299950289498
11499,5617.4199646785,0,0,4260,133.89836035627198,785.0,309.712770159709,128.80883416251498
11500,5232.1263160014705,0,0,4263,-204.977270847179,679.829941970819,379.319126857574,114.954518020254
11501,5695.85351291299,0,0,4266,513.3385734084179,392.499999999971,423.075511914614,100.93942758998301
11502,5228.32158588195,0,0,4269,434.538421638947,4.23061030397457e-11,438.0,86.78316424296409
11503,4613.293486801071,0,0,4272,238.212448092898,-392.499999999975,423.075511914614,72.50552679353692
11504,3716.24663006236,0,0,4275,-316.369038633161,-679.829941970777,379.31912685758596,58.126483808707
11505,3862.8599377821997,0,0,4278,16.481021942184597,-785.0,309.712770159726,43.66614568029329
11506,4114.86610576616,0,0,4281,265.551311238233,-679.829941970779,218.999999999997,29.1447364987074
11507,3748.9938398551003,0,0,4284,-270.451467667586,-392.499999999978,113.362741754897,14.5825657677649
11508,4317.95454951814,0,0,4287,30.9545495181764,-5.0768878527053897e-11,1.4163547003088901e-11,2.19749916256689e-12
11509,4463.98449062229,0,0,4290,-90.57020185501909,392.49999999996805,-113.362741754894,-14.582565767766098
11510,4503.52052357075,0,0,4293,-221.16468190134898,679.829941970817,-219.00000000001597,-29.144736498705804
11511,4621.27931325195,0,0,4296,-106.341770908059,785.0,-309.712770159706,-43.6661456802889
11512,4695.86828710364,0,0,4299,154.483955799146,679.829941970783,-379.319126857585,-58.1264838087081
11513,4503.18624173732,0,0,4302,304.267280445395,392.50000000006304,-423.07551191460703,-72.5055267935353
11514,4647.41641869203,0,0,4305,867.199582934938,5.92316540143622e-11,-438.0,-86.7831642429625
11515,3741.97807102324,0,0,4308,350.493010527874,-392.50000000003797,-423.07551191460897,-100.93942758998399
11516,3296.63728408338,0,0,4311,159.74087093198298,-679.829941970768,-379.319126857589,-114.95451802024999
11517,3042.0603287720396,0,0,4314,-48.4180669057344,-785.0,-309.71277015971197,-128.808834162513
11518,3420.0030765877,0,0,4317,144.316018061387,-679.829941970787,-219.000000000001,-142.482999502896
11519,3536.06147006945,0,0,4320,-122.11789869085301,-392.50000000007003,-113.36274175492599,-155.957889484697
11520,4046.93009978284,0,0,4323,-106.85524196134001,2.15497381097982e-11,6.01196515419847e-12,-169.21465825584698
11521,4634.82127989086,0,0,4326,-14.8066968375946,392.50000000002996,113.362741754914,-182.234765026495
11522,5190.96887095541,0,0,4329,158.138928984656,679.829941970764,218.99999999999,-194.999999999999
11523,5383.30124728145,0,0,4332,164.080986962733,785.0,309.712770159702,-207.492509840981
11524,4810.601598264439,0,0,4335,-363.852647919154,679.829941970836,379.31912685757004,-219.694822644812
11525,4876.36966849276,0,0,4338,-45.615971048186296,392.5,423.075511914612,-231.589872373666
11526,4651.690519980871,0,0,4341,115.85154270578501,-1.3086962622489902e-11,438.0,-243.16102272490699
11527,3820.12194828281,0,0,4344,-300.061473233396,-392.499999999946,423.075511914616,-254.392090398465
11528,3849.8813273913,0,0,4347,68.65951023512861,-679.8299419707599,379.319126857591,-265.267367730657
11529,4150.1919150849,0,0,4350,551.25078958796,-785.0,309.712770159697,-275.771644662753
11530,3529.0222425852794,0,0,4353,-77.25758543029859,-679.829941970795,219.000000000005,-285.89023001363097
11531,4044.8962365558796,0,0,4356,263.642466827711,-392.500000000008,113.36274175490601,-295.608972026726
11532,3662.57682076729,0,0,4359,-391.508901070183,4.624187135181661e-12,-1.29005985045195e-12,-304.914278162532
11533,3676.22275376235,0,0,4362,-651.1213703737039,392.499999999938,-113.36274175488501,-313.793134109
11534,4483.67318967514,0,0,4365,-19.9236303124184,679.8299419708001,-219.00000000000801,-322.233121983238
11535,4332.5731285314705,0,0,4368,-180.49166360979802,785.0,-309.712770159699,-330.222437699029
11536,4513.45121412633,0,0,4371,179.69030648903802,679.8299419708001,-379.31912685757993,-337.749907475931
11537,4131.23283376736,0,0,4374,132.613349148755,392.500000000015,-423.07551191461096,-344.80500346679804
11538,3727.1864931566206,0,0,4377,139.56435163847001,9.30827559635952e-11,-438.0,-351.377858481942
11539,3025.5615856401196,0,0,4380,-181.403622655968,-392.500000000008,-423.07551191461096,-357.45927978929
11540,2749.9565220175896,0,0,4383,-210.853647182794,-679.829941970796,-379.319126857581,-363.04076197124
11541,2856.4340341825105,0,0,4386,-66.7386968375108,-785.0,-309.712770159718,-368.114498820263
11542,3145.5154048588,0,0,4389,28.0187410862081,-679.8299419708039,-219.000000000009,-372.673394256595
11543,3432.4900064887397,0,0,4392,-76.93617950368659,-392.499999999945,-113.36274175488701,-376.711072252737
11544,3921.6093918281395,0,0,4395,-93.1687224209322,-1.2301363839434801e-11,-3.43184545329456e-12,-380.22188575091104
11545,4380.98266825775,0,0,4398,-139.679148936173,392.50000000000097,113.36274175490401,-383.20092456098297
11546,5067.35112295781,0,0,4401,153.16520321488,679.829941970747,218.99999999998198,-385.6440222278
11547,5059.90984570103,0,0,4404,-51.255162600298796,785.0,309.712770159696,-387.547761858365
11548,5640.13758073675,0,0,4407,562.897992809054,679.829941970764,379.31912685759005,-388.90948090066
11549,4600.003012809029,0,0,4410,-235.845224238133,392.50000000002996,423.07551191460897,-389.727274867475
11550,4344.04659111825,0,0,4413,-116.953408881773,2.07641393267431e-11,438.0,-390.0
11551,4304.98718413881,0,0,4416,248.13894709166598,-392.499999999994,423.075511914612,-389.727274867475
11552,3766.1021425629997,0,0,4419,36.522438576808604,-679.829941970743,379.31912685759596,-388.90948090066
11553,3624.2363999408503,0,0,4422,65.0713916395159,-785.0,309.712770159704,-387.547761858365
11554,3335.90104637719,0,0,4425,-242.62498942423198,-679.829941970768,218.99999999999199,-385.6440222278
11555,3821.0713420598204,0,0,4428,55.40952486591999,-392.500000000037,113.362741754916,-383.20092456098297
11556,3876.6499312856104,0,0,4431,-174.128182963457,-2.92269148140513e-11,8.15375075704107e-12,-380.22188575091104
11557,4290.16720523588,0,0,4434,-46.2589807564114,392.499999999909,-113.362741754876,-376.71107225273806
11558,4790.1548572027505,0,0,4437,264.998309488564,679.829941970783,-218.999999999999,-372.673394256596
11559,4831.1028578018395,0,0,4440,283.93012678181196,785.0,-309.71277015971003,-368.114498820263
11560,4473.62096881337,0,0,4443,93.1509156713708,679.829941970817,-379.319126857575,-363.040761971241
11561,4067.87252998618,0,0,4446,9.907321690031141,392.500000000044,-423.075511914608,-357.459279789291
11562,3477.6187821264803,0,0,4449,-182.00335939152401,-5.1554477310108996e-11,-438.0,-351.377858481944
11563,3225.0884705983503,0,0,4452,-66.5310140202623,-392.499999999979,-423.075511914614,-344.805003466799
11564,3067.55646878156,0,0,4455,9.455445085855109,-679.829941970779,-379.31912685758596,-337.749907475931
11565,2688.44386320347,0,0,4458,-344.62092893779504,-785.0,-309.712770159707,-330.22243769903
11566,3205.56362513921,0,0,4461,-34.3733109067158,-679.829941970821,-219.00000000001802,-322.233121983238
11567,3691.9315041254204,0,0,4464,47.5873799892958,-392.49999999997397,-113.36274175489599,-313.793134109
11568,4375.09281278653,0,0,4467,213.007090949119,-4.615246578866779e-11,-1.28756560607876e-11,-304.914278162534
11569,4587.326443711489,0,0,4470,-92.92732601664959,392.499999999972,113.362741754895,-295.608972026728
11570,5480.92146757243,0,0,4473,394.981755615291,679.8299419707749,218.999999999995,-285.89023001363097
11571,5279.083710159361,0,0,4476,-15.8574153375709,785.0,309.712770159689,-275.771644662755
11572,5640.00925998701,0,0,4479,367.12755888930496,679.829941970781,379.319126857585,-265.26736773066
11573,5254.69262274507,0,0,4482,211.509201228943,392.499999999982,423.07551191461306,-254.392090398467
11574,4760.9462058217,0,0,4485,81.1072285465504,5.46152412759761e-11,438.0,-243.16102272490699
11575,4700.47553367851,0,0,4488,413.48989413753,-392.49999999996396,423.07551191461505,-231.589872373666
11576,3935.63251952451,0,0,4491,-35.1618427174425,-679.829941970815,379.319126857576,-219.694822644812
11577,3622.94425645193,0,0,4494,-188.276003866797,-785.0,309.712770159711,-207.49250984098202
11578,3954.60054032998,0,0,4497,113.430482300765,-679.829941970785,219.0,-194.999999999999
11579,4024.9390263971504,0,0,4500,-13.688950331209199,-392.500000000066,113.362741754925,-182.234765026497
11580,4851.7904956598995,0,0,4503,518.005153915796,-6.30780167632843e-11,1.7597561364534102e-11,-169.21465825585
11581,4735.470757997629,0,0,4506,106.29138923721399,392.50000000003405,-113.362741754915,-155.9578894847
11582,4611.07239459598,0,0,4509,-216.274547871901,679.829941970766,-218.999999999991,-142.482999502896
11583,4934.36373441809,0,0,4512,75.8853387403125,785.0,-309.712770159703,-128.808834162516
11584,4431.17851138044,0,0,4515,-269.377785712514,679.829941970789,-379.319126857583,-114.95451802025299
11585,4761.39033609183,0,0,4518,374.90527559634904,392.500000000074,-423.075511914606,-100.93942758998399
11586,4140.7100854110795,0,0,4521,144.49324965406402,-1.7703375360876e-11,-438.0,-86.7831642429628
11587,3486.17442127538,0,0,4524,-149.74454001645,-392.500000000027,-423.07551191461,-72.5055267935356
11588,3562.2581491440797,0,0,4527,152.533701781143,-679.829941970762,-379.31912685759005,-58.1264838087084
11589,3089.4583794765504,0,0,4530,-302.162704683447,-785.0,-309.712770159714,-43.666145680289205
11590,3813.47337617166,0,0,4533,208.44805464123502,-679.829941970838,-219.000000000026,-29.144736498708802
11591,3854.7405919485,0,0,4536,-160.814100528818,-392.500000000004,-113.36274175490499,-14.5825657677691
11592,4649.19467578634,0,0,4539,110.194675786326,9.24059987356778e-12,2.5779507927533e-12,-8.597020530014421e-13
11593,4787.83525809253,0,0,4542,-274.61004943006697,392.499999999942,113.362741754886,14.5825657677646
11594,5246.40454672764,0,0,4545,-226.570131741805,679.829941970758,218.99999999998698,29.1447364987044
11595,5341.77627009552,0,0,4548,-344.602645744485,785.0,309.712770159718,43.66614568029021
11596,5747.96166636925,0,0,4551,79.68611373216959,679.829941970797,379.31912685757993,58.1264838087067
11597,5621.573169639039,0,0,4554,179.492130930877,392.50000000001097,423.07551191461096,72.5055267935366
11598,4960.15565821916,0,0,4557,-121.627506023798,-7.778243862595309e-13,438.0,86.78316424296379
11599,4998.8639324225705,0,0,4560,307.348992917905,-392.49999999993497,423.075511914617,100.93942758998301
11600,4527.38543148591,0,0,4563,149.941728578875,-679.829941970798,379.31912685757993,114.954518020254
11601,4282.92364470394,0,0,4566,63.40204038171121,-785.0,309.71277015971697,128.808834162512
11602,4438.9260155354405,0,0,4569,188.27295800334,-679.829941970802,219.00000000000801,142.482999502892
11603,4749.39424220375,0,0,4572,300.573610964162,-392.500000000018,113.36274175491,155.957889484698
11604,4615.81136252205,0,0,4575,-128.40329573373,-9.692911871251729e-11,2.7041371972027102e-11,169.21465825584602
11605,5210.78824208897,0,0,4578,171.416218817382,392.50000000000506,-113.36274175490601,182.234765026493
11606,5499.550617432739,0,0,4581,262.720675461954,679.829941970794,-219.000000000005,195.0
11607,5466.98995073018,0,0,4584,200.210211048893,785.0,-309.712770159697,207.49250984098
11608,4875.34516342783,0,0,4587,-231.86047433020698,679.829941970806,-379.319126857578,219.694822644813
11609,4484.46087313821,0,0,4590,-306.553487320785,392.499999999948,-423.075511914616,231.589872373667
11610,4377.72830152618,0,0,4593,-20.4327211987413,1.6147726588357e-11,-438.0,243.16102272490397
11611,3966.78155075231,0,0,4596,-68.0350277315498,-392.499999999998,-423.075511914612,254.392090398468
11612,3981.5456752588702,0,0,4599,176.427376356552,-679.829941970745,-379.319126857595,265.267367730656
11613,3969.36273800681,0,0,4602,186.303863503782,-785.0,-309.712770159721,275.771644662752
11614,3526.8981639345,0,0,4605,-465.162124108372,-679.829941970766,-218.999999999991,285.890230013632
11615,4407.9390109726,0,0,4608,10.1927807008201,-392.500000000033,-113.362741754914,295.608972026725
11616,5134.133335535421,0,0,4611,218.219057372921,-2.46105020756652e-11,-6.8658598147397194e-12,304.914278162531
11617,5432.23518547305,0,0,4614,-1.4206903908410902,392.49999999999,113.36274175490101,313.793134109001
11618,5810.25960003168,0,0,4617,-27.803463922277604,679.829941970741,218.99999999997897,322.233121983237
11619,6261.7284799708605,0,0,4620,216.79327211211998,785.0,309.712770159711,330.222437699031
11620,6408.833024262571,0,0,4623,388.93404795827905,679.82994197077,379.31912685758795,337.749907475932
11621,5945.62762789754,0,0,4626,159.247112516097,392.50000000003996,423.07551191460897,344.805003466797
11622,5302.2555343187705,0,0,4629,-116.122324163212,3.30732775629735e-11,438.0,351.377858481944
11623,5125.04836607519,0,0,4632,105.013574371182,-392.499999999906,423.07551191462005,357.45927978928904
11624,5181.65277239214,0,0,4635,484.122825534099,-679.829941970781,379.319126857585,363.040761971239
11625,4431.63891075664,0,0,4638,-99.18835822333071,-785.0,309.712770159706,368.114498820263
11626,4528.33495048667,0,0,4641,-24.508501799122897,-679.829941970819,219.00000000001702,372.673394256594
11627,5162.92008806165,0,0,4644,421.34627405404603,-392.500000000048,113.362741754919,376.71107225273596
11628,4994.28583041943,0,0,4647,-32.9360553315213,4.77081145611869e-11,-1.33096523425477e-11,380.22188575091104
11629,5541.68256269711,0,0,4650,229.34437989104998,392.49999999997596,-113.362741754897,383.200924560982
11630,5459.10978715936,0,0,4653,-40.3641770392164,679.829941970777,-218.999999999996,385.6440222278
11631,5587.80564311449,0,0,4656,68.9706514158315,785.0,-309.712770159708,387.547761858365
11632,5061.04048363975,0,0,4659,-287.379812374161,679.829941970823,-379.319126857573,388.90948090066
11633,4610.44577365112,0,0,4662,-410.70598930172304,392.499999999978,-423.075511914614,389.727274867475
11634,4556.0637118399,0,0,4665,-60.9362881601506,4.99988285375899e-11,-438.0,390.0
11635,4083.41848477141,0,0,4668,-158.733278181487,-392.49999999996805,-423.07551191461505,389.72727486747596
11636,4283.81499298258,0,0,4671,283.054580910283,-679.829941970773,-379.319126857587,388.90948090066
11637,3824.41901470947,0,0,4674,-142.41597698916402,-785.0,-309.712770159727,387.547761858365
11638,4102.46818739416,0,0,4677,-61.3458928628558,-679.829941970782,-218.999999999999,385.6440222278
11639,4556.58392979983,0,0,4680,-0.75425300626383,-392.499999999985,-113.362741754899,383.200924560982
11640,5270.24543540215,0,0,4683,207.023549651311,-5.846160402489821e-11,-1.63096704222327e-11,380.22188575091104
11641,5810.050003067359,0,0,4686,241.476189059766,392.499999999961,113.362741754892,376.711072252737
11642,6059.32611100667,0,0,4689,98.8227747792491,679.829941970813,219.000000000014,372.673394256594
11643,6402.77801216225,0,0,4692,247.950743182278,785.0,309.712770159704,368.114498820264
11644,6409.180115624239,0,0,4695,291.99028482463405,679.829941970787,379.319126857583,363.04076197124
11645,5333.122336719171,0,0,4698,-537.912454984795,392.50000000007003,423.075511914606,357.459279789292
11646,5884.87687369927,0,0,4701,394.49901521726304,6.692437951220639e-11,438.0,351.377858481944
11647,5110.16128700609,0,0,4704,30.780771624709395,-392.500000000031,423.07551191460897,344.80500346679804
11648,5030.19782883911,0,0,4707,285.958736476357,-679.829941970764,379.31912685759005,337.749907475932
11649,4702.43774636573,0,0,4710,137.502538506986,-785.0,309.712770159713,330.222437699031
11650,4494.10579594058,0,0,4713,-80.29738407186741,-679.829941970791,219.000000000003,322.233121983238
11651,4716.58834374089,0,0,4716,-34.0675321229595,-392.50000000007697,113.362741754928,313.793134109001
11652,5131.9868139789705,0,0,4719,108.072535816425,1.38570126119539e-11,-3.86584173505465e-12,304.914278162531
11653,5225.694882454671,0,0,4722,-71.051347817169,392.50000000002404,-113.362741754911,295.608972026725
11654,5471.10362758175,0,0,4725,-0.616544402657505,679.8299419707599,-218.99999999998798,285.890230013634
11655,5339.4274901123,0,0,4728,-139.631384390753,785.0,-309.712770159701,275.771644662754
11656,6739.456506613979,1,0,4731,-316.50382108626803,679.8299419708401,-379.31912685756896,265.267367730661
11657,4633.23530892751,0,0,4734,-324.581269556349,392.500000000007,-423.07551191461096,254.392090398468
11658,4771.75718047729,0,0,4737,229.596157752393,-5.39423712464565e-12,-438.0,243.16102272490602
11659,3888.3443125586,0,0,4740,-267.670047900515,-392.49999999993895,-423.075511914617,231.589872373667
11660,3728.7416678755103,0,0,4743,-174.80408594095502,-679.829941970756,-379.319126857592,219.694822644813
11661,3702.41307517813,0,0,4746,-156.366664503148,-785.0,-309.712770159699,207.492509840981
11662,3834.87060514419,0,0,4749,-210.299452885008,-679.829941970799,-219.00000000000702,195.000000000003
11663,4562.977711606621,0,0,4752,134.605688335052,-392.50000000001404,-113.362741754909,182.234765026494
11664,4822.28071203964,0,0,4755,-101.93394621620399,-3.0685383626626e-12,-8.5606356869186e-13,169.21465825584602
11665,5666.15603234162,0,0,4758,246.33540110210097,392.499999999932,113.362741754883,155.957889484701
11666,5556.17894468954,0,0,4761,-246.13399678415502,679.829941970796,219.000000000006,142.48299950289498
11667,6579.30692418012,0,0,4764,591.785319857907,785.0,309.712770159698,128.808834162518
11668,6075.866810216479,0,0,4767,134.763223367844,679.8299419708039,379.31912685757896,114.954518020254
11669,5465.18692311438,0,0,4770,-221.328016390233,392.500000000022,423.07551191461,100.93942758998301
11670,5489.57518453016,0,0,4773,191.792020287094,1.00775481461439e-10,438.0,86.7831642429642
11671,5078.72361121359,0,0,4776,199.642572505447,-392.500000000002,423.075511914612,72.505526793537
11672,4663.3229104847205,0,0,4779,126.70724178921999,-679.829941970792,379.31912685758203,58.12648380870711
11673,4049.9563015111103,0,0,4782,-300.422614328902,-785.0,309.71277015972,43.6661456802934
11674,4656.9592311304605,0,0,4785,303.644436602548,-679.829941970808,219.000000000011,29.144736498704802
11675,4425.60962244979,0,0,4788,-97.8356850729089,-392.499999999952,113.36274175488899,14.582565767765
11676,4680.66731860249,0,0,4791,-110.33268139749799,-1.99940893372791e-11,5.577968872438371e-12,2.29302161290038e-12
11677,5156.84039525891,0,0,4794,98.2857027815797,392.499999999994,-113.362741754902,-14.582565767765999
11678,5207.9037335005605,0,0,4797,-20.7814719715046,679.829941970743,-218.99999999998002,-29.144736498702898
11679,5187.03367760183,0,0,4800,-44.5874065581866,785.0,-309.712770159694,-43.6661456802888
11680,4618.41249471583,0,0,4803,-426.97183658864196,679.829941970767,-379.319126857589,-58.126483808708
11681,4542.88426123086,0,0,4806,-160.034700061035,392.50000000003604,-423.07551191460897,-72.50552679353521
11682,4262.85064872165,0,0,4809,-21.3661870354192,2.8456864824587298e-11,-438.0,-86.7831642429624
11683,3962.69980056447,0,0,4812,67.2147400690558,-392.49999999998704,-423.07551191461306,-100.93942758998399
11684,3642.1298596621004,0,0,4815,1.23344651068204,-679.829941970739,-379.319126857597,-114.95451802024999
11685,3795.65192117878,0,0,4818,201.173525500995,-785.0,-309.71277015970503,-128.808834162513
11686,3627.48203045219,0,0,4821,-152.205028074148,-679.829941970772,-218.999999999994,-142.482999502896
11687,3920.94232562846,0,0,4824,-241.237043131885,-392.500000000044,-113.362741754918,-155.957889484697
11688,4601.84825708661,0,0,4827,-55.9370846574988,-3.69196403118956e-11,-1.02998741761849e-11,-169.21465825584698
11689,4768.51057090909,0,0,4830,-385.117405819196,392.49999999990195,113.362741754874,-182.234765026492
11690,5227.06815259907,0,0,4833,-309.761789371713,679.829941970779,218.999999999998,-194.999999999999
11691,5926.012965613139,0,0,4836,202.79270529441,785.0,309.712770159708,-207.492509840981
11692,5930.77384093315,0,0,4839,252.319594749572,679.82994197082,379.319126857574,-219.69482264481098
11693,5474.1394341108,0,0,4842,48.153794569804,392.500000000051,423.075511914608,-231.589872373666
11694,5457.31649229349,0,0,4845,417.477515018439,-4.3861751812264705e-11,438.0,-243.16102272490699
11695,4697.19166887563,0,0,4848,73.0082473594521,-392.499999999972,423.075511914614,-254.392090398465
11696,4337.10657163862,0,0,4851,51.8847544824679,-679.8299419707749,379.319126857587,-265.267367730657
11697,4628.126289713629,0,0,4854,525.185164216677,-785.0,309.712770159709,-275.771644662755
11698,4175.5102244502295,0,0,4857,65.2303964346653,-679.829941970825,219.00000000001899,-285.89023001363097
11699,4281.21555112394,0,0,4860,-4.0382186042506,-392.499999999981,113.362741754898,-295.608972026726
11700,4508.60471314564,0,0,4863,-49.4810086917896,-5.38451912865121e-11,1.50217794799314e-11,-304.91427816252997
11701,4984.14339183622,0,0,4866,152.799267700151,392.499999999965,-113.362741754893,-313.793134109
11702,4758.55283739011,0,0,4869,-249.04398259743098,679.8299419707711,-218.99999999999298,-322.233121983238
11703,4828.71499393414,0,0,4872,-188.349798207144,785.0,-309.712770159688,-330.22243769903
11704,4906.07464101477,0,0,4875,68.31373337749761,679.829941970784,-379.319126857584,-337.749907475931
11705,4512.39705153922,0,0,4878,9.777566920642931,392.499999999988,-423.07551191461306,-344.80500346679804
11706,3941.54217122568,0,0,4881,-150.079970292438,6.23079667738203e-11,-438.0,-351.377858481942
11707,3382.5933550269,0,0,4884,-328.37185326924,-392.49999999995794,-423.07551191461505,-357.45927978929
11708,3623.9607369459495,0,0,4887,159.150567745578,-679.829941970811,-379.319126857577,-363.040761971239
11709,3577.1584547769603,0,0,4890,149.98572375693,-785.0,-309.71277015971197,-368.114498820263
11710,3504.54507424509,0,0,4893,-116.95158952751999,-679.829941970789,-219.000000000002,-372.673394256595
11711,4339.07540231936,0,0,4896,325.649216327099,-392.500000000073,-113.362741754927,-376.71107225273596
11712,4932.936000457979,0,0,4899,414.157886208982,-7.07707422611286e-11,-1.97436847836779e-11,-380.22188575091104
11713,4819.28331879141,0,0,4902,-205.378498402548,392.500000000028,113.362741754913,-383.200924560982
11714,5742.693537055749,0,0,4905,324.507617312803,679.829941970762,218.999999999989,-385.6440222278
11715,5363.68288492245,0,0,4908,-251.48212337889197,785.0,309.712770159702,-387.547761858365
11716,6172.388913268729,0,0,4911,591.149325341018,679.829941970793,379.31912685758203,-388.90948090066
11717,5010.08794306645,0,0,4914,-329.760293980761,392.50000000008,423.07551191460504,-389.727274867475
11718,5202.23071986154,0,0,4917,237.230719861548,-1.00106498630318e-11,438.0,-390.0
11719,4769.38137228397,0,0,4920,208.53313523685298,-392.50000000002,423.07551191461,-389.727274867475
11720,4465.76049858866,0,0,4923,232.180794602488,-679.829941970758,379.319126857591,-388.90948090066
11721,3684.3363034353797,0,0,4926,-378.828704865972,-785.0,309.712770159715,-387.547761858365
11722,3940.9842161856895,0,0,4929,-141.541819615699,-679.829941970842,219.000000000028,-385.6440222278
11723,4374.10371451038,0,0,4932,104.441897316461,-392.50000000001,113.36274175490699,-383.20092456098297
11724,4564.62637458011,0,0,4935,9.84826033102049,1.54787437572351e-12,-4.3182737360948994e-13,-380.22188575091104
11725,5034.3176753587,0,0,4938,193.891489366387,392.499999999936,-113.362741754884,-376.71107225273806
11726,4840.180262196471,0,0,4941,-188.976285517707,679.829941970754,-218.99999999998502,-372.673394256595
11727,5029.02371209336,0,0,4944,-22.1490189266634,785.0,-309.712770159716,-368.114498820263
11728,4950.58962309598,0,0,4947,66.1195699539944,679.829941970801,-379.31912685757896,-363.040761971241
11729,4710.79516111302,0,0,4950,148.829952816906,392.500000000018,-423.07551191461,-357.459279789291
11730,4044.8022212276796,0,0,4953,-118.81992029038,6.9149011115847305e-12,-438.0,-351.377858481944
11731,3901.54944266849,0,0,4956,105.92995804983299,-392.499999999928,-423.075511914618,-344.805003466799
11732,3745.72387154174,0,0,4959,183.62284784604302,-679.829941970794,-379.319126857581,-337.749907475931
11733,3554.1703755658204,0,0,4962,17.1055834245755,-785.0,-309.712770159719,-330.22243769903196
11734,3729.7692442542207,0,0,4965,-14.167691791729,-679.829941970806,-219.00000000001,-322.233121983238
11735,4048.2446815771796,0,0,4968,-100.099442558887,-392.500000000025,-113.362741754912,-313.793134109
11736,4103.25725130109,0,0,4971,-562.828470536242,-1.0462184421036201e-10,-2.9187495391170894e-11,-304.914278162534
11737,5309.1402587476205,0,0,4974,124.88648901944401,392.499999999998,113.36274175490401,-295.608972026728
11738,5512.2736399449905,0,0,4977,-77.66607201217259,679.8299419707901,219.000000000003,-285.89023001363097
11739,5209.13280235846,0,0,4980,-589.80832313848,785.0,309.712770159695,-275.771644662755
11740,5668.9461912733495,0,0,4983,-107.935509824373,679.82994197081,379.319126857577,-265.26736773066
11741,5570.42434425585,0,0,4986,23.240922739748804,392.499999999955,423.075511914616,-254.392090398467
11742,4556.5296484664295,0,0,4989,-627.309328808682,2.38404520862012e-11,438.0,-243.16102272490699
11743,5065.49978647189,0,0,4992,274.514146930936,-392.499999999991,423.07551191461306,-231.589872373666
11744,4550.26936144108,0,0,4995,75.4749991990982,-679.829941970786,379.319126857584,-219.694822644812
11745,3738.1570673938704,0,0,4998,-577.063192924874,-785.0,309.71277015972197,-207.49250984098202
11746,4221.89307852229,0,0,5001,-123.276979506938,-679.8299419707689,218.99999999999298,-194.999999999999
11747,4456.34250537437,0,0,5004,-86.28547135400851,-392.50000000003996,113.362741754916,-182.234765026497
11748,4982.74102423026,0,0,5007,144.955682486138,-3.2303227573509505e-11,9.011983233883529e-12,-169.21465825585
11749,5169.33519049073,0,0,5010,36.1558217303429,392.49999999998397,-113.362741754899,-155.957889484697
11750,5332.97073599212,0,0,5013,1.62379352425573,679.829941970737,-218.999999999977,-142.482999502896
11751,5773.480990935141,0,0,5016,411.00259525737,785.0,-309.712770159709,-128.808834162516
11752,5086.74964234829,0,0,5019,-117.80665474463999,679.829941970774,-379.319126857587,-114.95451802025299
11753,4978.50134325457,0,0,5022,88.01628275911399,392.500000000047,-423.075511914608,-100.939427589985
11754,4436.71676268595,0,0,5025,-63.50007307112921,4.07660030608177e-11,-438.0,-86.78316424296291
11755,4342.47770604778,0,0,5028,202.558744755981,-392.500000000054,-423.07551191460703,-72.5055267935357
11756,4041.18086253074,0,0,5031,127.45641516781099,-679.829941970777,-379.31912685758596,-58.1264838087085
11757,3803.1308907213897,0,0,5034,-92.49019343861809,-785.0,-309.712770159708,-43.6661456802893
11758,4175.126213373521,0,0,5037,66.1008918430659,-679.829941970822,-219.00000000001802,-29.144736498708898
11759,4540.07072474003,0,0,5040,20.516032262777802,-392.500000000054,-113.362741754921,-14.582565767769198
11760,28.924051071620898,0,0,3,25.924051071620898,0.0,0.0,0.0
11761,393.748989909842,0,0,6,-4.71310109414321,265.5,120.972021680918,5.99006932306736
11762,703.5721268218359,0,0,9,-10.9591235802457,459.859489409537,233.7,11.9717609925452
11763,957.6805949558169,0,0,12,66.2421763574749,531.0,330.501709526592,17.9367090717499
11764,884.242656715212,0,0,15,-19.2736774645951,459.859489409537,404.78027372884696,23.8765710414231
11765,742.0855185007171,0,0,18,-22.671252174292302,265.5,451.473731207511,29.7830394674989
11766,567.984739528789,0,0,21,43.9368859089878,6.50287450347245e-14,467.4,35.6478536198016
11767,272.049196790895,0,0,24,20.612654557960997,-265.5,451.473731207511,41.4628110254238
11768,22.6035239082481,0,0,27,3.46296064831128,-459.859489409537,404.78027372884696,47.219778940626895
11769,-106.520664318645,0,0,30,11.0669204295453,-531.0,330.501709526592,52.9107057252178
11770,-157.334129728474,0,0,33,-22.702272422433897,-459.859489409537,233.7,58.5276321034965
11771,-31.9344716433314,0,0,36,12.530804379728,-265.5,120.972021680918,64.06270229602251
11772,57.58918395794029,0,0,39,-50.9189910486924,-1.30057490069449e-13,5.723999139214731e-14,69.5081750066328
11773,255.397417943708,0,0,42,-5.98699462471882,265.5,-120.972021680918,74.8564342493445
11774,365.81471256464897,0,0,45,14.555223155112099,459.859489409537,-233.7,80.1
11775,392.84957196757796,0,0,48,59.119742836413,531.0,-330.501709526592,85.23153865775691
11776,228.349884922407,0,0,51,32.0267959399241,459.859489409537,-404.780273728846,90.2438733017922
11777,-86.3633489135173,0,0,54,-49.519611434881604,265.5,-451.473731207511,95.12999372887501
11778,-304.517460884445,0,0,57,5.999472857786161,1.9508623510417302e-13,-467.4,99.88306625776909
11779,-581.198227793554,0,0,60,-28.7209398727987,-265.5,-451.473731207511,104.49644328675501
11780,-712.29756345256,0,0,63,-19.6214729050775,-459.859489409537,-404.78027372884696,108.963672590901
11781,-699.313744115752,0,0,66,-17.0905409352448,-531.0,-330.501709526592,113.278506346085
11782,-464.181555085457,0,0,69,42.9430244569419,-459.859489409537,-233.7,117.434909867138
11783,-225.738055702545,0,0,72,-32.6931040695277,-265.50000000000097,-120.972021680919,121.42707004790199
11784,233.824704919317,0,0,75,33.5753014279388,-2.60114980138898e-13,-1.14479982784295e-13,125.249403491378
11785,642.935279521119,0,0,78,49.5666935215802,265.5,120.972021680918,128.89656431862
11786,890.229236055896,0,0,81,-16.6937049990635,459.859489409537,233.7,132.363451645422
11787,1089.57473045244,0,0,84,8.42780420947845,531.0,330.501709526592,135.645216716371
11788,1144.5782178619802,0,0,87,54.20118503732579,459.859489409537,404.780273728846,138.73726968626698
11789,931.418283184626,0,0,90,-17.1907340623235,265.5,451.473731207511,141.635286039438
11790,715.216476370307,0,0,93,10.4812637323381,1.26838920689516e-12,467.4,144.335212637968
11791,413.40406048166295,0,0,96,-15.4029441162185,-265.49999999999903,451.473731207511,146.83327339036998
11792,171.730995142652,0,0,99,-21.315763709459898,-459.85948940953597,404.78027372884696,149.125974532802
11793,45.2387341817359,0,0,102,-7.473084860256701,-531.0,330.501709526592,151.2101095154
11794,62.331830699612205,0,0,105,30.4085566222093,-459.859489409537,233.7,153.08276348694
11795,120.65795197555799,0,0,108,2.44461292313145,-265.5,120.972021680918,154.741317371509
11796,226.11811400399503,0,0,111,-41.0653375275332,-3.901724702083471e-13,1.71719974176442e-13,156.183451531528
11797,405.824287153219,0,0,114,-10.1108401778355,265.49999999999903,-120.972021680918,157.407149011973
11798,538.091231590356,0,0,117,36.5210438195539,459.85948940953597,-233.7,158.41069836126601
11799,392.367543958507,0,0,120,-87.32344253979821,531.0,-330.501709526592,159.192696024897
11800,371.947869471121,0,0,123,34.1166054820058,459.859489409537,-404.78027372884696,159.752048308425
11801,74.08547733431159,0,0,126,-26.0287643652814,265.500000000002,-451.47373120751,160.087972907101
11802,-216.818044560733,0,0,129,-38.6180445607339,4.552012152430711e-13,-467.4,160.2
11803,-442.388397774263,0,0,132,-17.5026394738546,-265.49999999999903,-451.473731207511,160.087972907101
11804,-610.008007525745,0,0,135,-40.1202926957871,-459.85948940953597,-404.78027372884696,159.752048308425
11805,-566.3001646131701,0,0,138,-1.99115111147552,-531.0,-330.501709526592,159.192696024897
11806,-363.495851075623,0,0,141,30.652939972650103,-459.85948940953796,-233.70000000000098,158.41069836126601
11807,-93.86018465611592,0,0,144,-8.79531198717017,-265.5,-120.972021680918,157.407149011973
11808,256.780251162193,0,0,147,-46.4032003693345,-5.20229960277796e-13,-2.28959965568589e-13,156.183451531528
11809,725.050160039944,0,0,150,33.8368209875182,265.49999999999903,120.972021680918,154.741317371509
11810,959.207503290522,0,0,153,-40.4347496059553,459.859489409537,233.7,153.08276348694
11811,1193.55183145112,0,0,156,24.8400124091267,531.0,330.501709526592,151.2101095154
11812,1134.23296881285,0,0,159,-38.5327688583319,459.859489409537,404.78027372884696,149.125974532802
11813,965.0191686605141,0,0,162,-60.7878359373665,265.5,451.47373120751,146.83327339036998
11814,761.1669255612959,0,0,165,-15.5682870766716,5.852587053125201e-13,467.4,144.335212637968
11815,564.023059544571,0,0,168,68.414042297623,-265.50000000000097,451.47373120751,141.635286039438
11816,231.68942023624402,0,0,171,-22.9686337693333,-459.85948940953597,404.78027372884696,138.73726968626698
11817,103.59585143699199,0,0,174,-5.55107480597153,-531.0,330.501709526593,135.645216716371
11818,37.225187984451,0,0,177,-45.9787742514345,-459.859489409537,233.7,132.363451645422
11819,196.893596571077,0,0,180,32.525010571539,-265.5,120.972021680918,128.89656431862
11820,305.841167895015,0,0,183,-2.40823559636208,-2.53677841379031e-12,1.11646914369641e-12,125.249403491378
11821,461.50239851556,0,0,186,9.54735014857663,265.49999999999903,-120.972021680918,121.42707004790199
11822,560.238624938504,0,0,189,27.6442256618291,459.85948940953597,-233.69999999999902,117.434909867138
11823,509.132366877726,0,0,192,3.35557005823313,531.0,-330.501709526592,113.278506346085
11824,337.48154818462797,0,0,195,-21.5613400869648,459.85948940953796,-404.780273728846,108.963672590901
11825,129.99617530918502,0,0,198,13.47346322994,265.5,-451.47373120751,104.49644328675501
11826,-176.731569740576,0,0,201,-10.214635998344301,-1.1711747680611e-12,-467.4,99.88306625776909
11827,-378.41024102426104,0,0,204,39.4334964543734,-265.49999999999903,-451.473731207511,95.12999372887501
11828,-586.329382436715,0,0,207,-18.933492600123397,-459.859489409537,-404.780273728846,90.2438733017922
11829,-567.106814012056,0,0,210,-0.83664314321999,-531.0,-330.501709526593,85.23153865775691
11830,-484.769238917972,0,0,213,-84.3097495084349,-459.859489409537,-233.7,80.1000000000001
11831,-141.675296512794,0,0,216,-46.059709081222,-265.49999999999903,-120.972021680918,74.8564342493445
11832,282.274480466091,0,0,219,-6.23369454054024,-7.80344940416693e-13,-3.43439948352884e-13,69.5081750066328
11833,688.0995333025121,0,0,222,15.5648093255752,265.499999999997,120.972021680917,64.06270229602261
11834,993.011234423636,0,0,225,15.9241129106043,459.85948940953597,233.69999999999902,58.5276321034964
11835,1150.8142797920698,0,0,228,8.40186454026227,531.0,330.501709526592,52.9107057252178
11836,1146.97326933607,0,0,231,4.113727257054,459.85948940953796,404.780273728846,47.219778940626895
11837,1021.59142436078,0,0,234,29.154882127849998,265.5,451.47373120751,41.462811025423896
11838,788.396342432565,0,0,237,48.3484888127611,2.73186464889448e-12,467.4,35.6478536198016
11839,433.850105471932,0,0,240,-21.906665203079,-265.49999999999903,451.473731207511,29.7830394674989
11840,287.976654419553,0,0,243,76.17929905882049,-459.859489409537,404.78027372884696,23.8765710414232
11841,37.8223265395379,0,0,246,-25.6160920588049,-531.0,330.501709526593,17.9367090717499
11842,19.0194415786637,0,0,249,-15.792830004344099,-459.85948940953904,233.70000000000198,11.9717609925452
11843,88.8393378101502,0,0,252,-24.622753193835898,-265.49999999999903,120.972021680918,5.99006932306734
11844,238.69608300572003,0,0,255,-16.3039169942797,-9.104024304861422e-13,4.00679939745031e-13,1.96188417223406e-14
11845,384.547515333574,0,0,258,-11.9903936624405,265.50000000000097,-120.972021680919,-5.99006932306737
11846,477.999394704993,0,0,261,2.8116662880014904,459.85948940953597,-233.69999999999902,-11.9717609925451
11847,441.816965851204,0,0,264,-4.74461555045502,531.0,-330.501709526591,-17.9367090717499
11848,301.13521262356005,0,0,267,2.93256798429133,459.85948940953796,-404.780273728846,-23.8765710414231
11849,25.702074683387398,0,0,270,-28.5411546416038,265.50000000000097,-451.47373120751,-29.7830394674989
11850,-213.95120215544603,0,0,273,16.096651464356402,-9.11059787922199e-13,-467.4,-35.6478536198015
11851,-476.52386080147795,0,0,276,5.91268143145566,-265.49999999999903,-451.473731207511,-41.4628110254238
11852,-621.762466274344,0,0,279,11.097075804665801,-459.859489409535,-404.78027372884696,-47.219778940626796
11853,-607.636774310441,0,0,282,24.7756409413693,-531.0,-330.501709526593,-52.9107057252177
11854,-462.10382748874,0,0,285,4.98329402429337,-459.859489409537,-233.7,-58.5276321034965
11855,-87.6773299794636,0,0,288,74.8573939974756,-265.49999999999903,-120.972021680918,-64.06270229602251
11856,225.15125012392602,0,0,291,3.6594251305603396,-1.04045992055559e-12,-4.57919931137178e-13,-69.5081750066328
11857,601.890651707254,0,0,294,-3.7249357243150096,265.499999999997,120.972021680917,-74.8564342493445
11858,893.820227654697,0,0,297,-16.6392617548385,459.85948940953597,233.69999999999902,-80.1
11859,1098.85745464993,0,0,300,22.5872837810955,531.0,330.501709526592,-85.23153865775691
11860,1040.9977248644198,0,0,303,-36.3981649721716,459.85948940953597,404.78027372884696,-90.2438733017922
11861,905.213392336355,0,0,306,-22.6303451422815,265.50000000000097,451.47373120751,-95.12999372887491
11862,689.746541818476,0,0,309,13.2296080762424,2.9919796290333796e-12,467.4,-99.88306625776909
11863,359.8927780219,0,0,312,-33.5845098988565,-265.49999999999903,451.473731207511,-104.49644328675501
11864,115.43998451759899,0,0,315,-35.5171272108093,-459.859489409537,404.78027372884696,-108.963672590901
11865,0.396038067498064,0,0,318,-3.82716511300879,-531.0,330.501709526592,-113.278506346085
11866,-28.056431055641603,0,0,321,-5.462031778966451,-459.859489409537,233.7,-117.434909867138
11867,57.209341321224095,0,0,324,-0.835610311791365,-265.500000000002,120.972021680919,-121.42707004790199
11868,211.427906571992,0,0,327,9.67731006337103,-1.1705174106250401e-12,5.15159922529326e-13,-125.249403491378
11869,415.77263250532303,0,0,330,70.1412185048625,265.499999999997,-120.972021680917,-128.89656431862
11870,422.70515130815005,0,0,333,-4.09088645596478,459.85948940953796,-233.70000000000098,-132.363451645422
11871,371.38768714383303,0,0,336,-29.4653866132038,531.0,-330.501709526592,-135.645216716371
11872,266.24655171462297,0,0,339,10.9046057201982,459.85948940953796,-404.780273728846,-138.73726968626698
11873,16.6430722758971,0,0,342,2.2520895228452598,265.50000000000097,-451.47373120751,-141.635286039438
11874,-311.253232904475,0,0,345,-44.518020266511,3.12203711910283e-12,-467.4,-144.335212637968
11875,-537.177328489061,0,0,348,-21.370323891178803,-265.500000000002,-451.47373120751,-146.83327339036998
11876,-657.376210631477,0,0,351,5.389527039707849,-459.859489409537,-404.78027372884696,-149.125974532802
11877,-739.206063334008,0,0,354,-80.49424429201459,-531.0,-330.501709526593,-151.2101095154
11878,-444.51484914030897,0,0,357,45.127403756167794,-459.859489409537,-233.7,-153.08276348694
11879,-226.877326603029,0,0,360,-45.663987550598,-265.500000000003,-120.972021680919,-154.741317371509
11880,194.46987540474498,0,0,363,-12.346673063719098,-5.07355682758062e-12,-2.2329382873928302e-12,-156.183451531528
11881,596.081837363726,0,0,366,1.0169646947803799,265.5,120.972021680918,-157.407149011973
11882,946.8688308193829,0,0,369,42.7200397711131,459.85948940953597,233.69999999999902,-158.41069836126601
11883,1044.5250714149902,0,0,372,-29.7839420867008,531.0,330.501709526591,-159.192696024897
11884,1070.7346784333301,0,0,375,-9.15303639663133,459.85948940953796,404.780273728846,-159.752048308425
11885,925.071142724977,0,0,378,-9.814615575432631,265.50000000000097,451.47373120751,-160.087972907101
11886,722.4619629757651,0,0,381,34.2619629757656,-5.20887317713852e-13,467.4,-160.2
11887,398.10648741506895,0,0,384,-11.779270885337601,-265.500000000002,451.47373120751,-160.087972907101
11888,157.214065186143,0,0,387,-14.9546708247445,-459.859489409535,404.78027372884696,-159.752048308425
11889,64.456341808401,0,0,390,34.1473283067054,-531.0,330.501709526593,-159.192696024897
11890,39.319894084969,0,0,393,30.890081855771605,-459.859489409537,233.7,-158.41069836126601
11891,57.1868281274479,0,0,396,-36.8780445414979,-265.49999999999903,120.972021680918,-157.407149011973
11892,253.60068889071098,0,0,399,10.784140422238199,2.34234953612219e-12,-1.03089846815773e-12,-156.183451531528
11893,363.80909488205594,0,0,402,-27.977566065515898,265.499999999997,-120.972021680917,-154.741317371509
11894,472.421715786736,0,0,405,-5.65501013586124,459.85948940953597,-233.69999999999902,-153.08276348694
11895,474.83759115625395,0,0,408,17.549410198246502,531.0,-330.501709526592,-151.2101095154
11896,249.135519269908,0,0,411,-67.81772187797961,459.85948940953597,-404.78027372884696,-149.125974532801
11897,59.9642799170798,0,0,414,-21.228715485037,265.499999999998,-451.473731207511,-146.83327339036998
11898,-213.71880233132703,0,0,417,-18.9835896933626,3.3821520992417303e-12,-467.4,-144.335212637968
11899,-513.813330721248,0,0,420,-75.2043134743007,-265.499999999998,-451.473731207511,-141.635286039439
11900,-613.68331115982,0,0,423,-33.3062783351698,-459.859489409537,-404.78027372884696,-138.73726968626698
11901,-554.096754080413,0,0,426,17.050172162551902,-531.0,-330.501709526594,-135.645216716371
11902,-395.573972735843,0,0,429,1.34896831911404,-459.859489409535,-233.69999999999902,-132.363451645422
11903,-39.9373578550681,0,0,432,43.4312281444743,-265.500000000003,-120.97202168092,-128.89656431862
11904,276.667801485327,0,0,435,-33.0827950232919,-1.56068988083339e-12,-6.868798967057671e-13,-125.249403491378
11905,731.559567659492,0,0,438,28.514616026475895,265.5,120.972021680918,-121.42707004790199
11906,980.584115522523,0,0,441,-36.54046401987021,459.859489409534,233.69999999999803,-117.434909867138
11907,1239.6322775433198,0,0,444,47.409074362806905,531.0,330.501709526593,-113.278506346085
11908,1225.4663818527301,0,0,447,22.790291305250697,459.85948940953796,404.780273728846,-108.963672590901
11909,1083.05557244497,0,0,450,20.5782845242179,265.50000000000097,451.47373120751,-104.49644328675501
11910,780.558209441878,0,0,453,-39.9587243003528,-2.60772337574955e-13,467.4,-99.88306625776909
11911,452.501903104623,0,0,456,-94.34183437401809,-265.499999999995,451.473731207511,-95.12999372887501
11912,312.395064983376,0,0,459,-1.2818460341444198,-459.859489409535,404.78027372884804,-90.24387330179229
11913,170.835347694046,0,0,462,-5.434823174790361,-531.0,330.501709526593,-85.23153865775691
11914,190.02805793961002,0,0,465,31.2875473491467,-459.859489409537,233.7,-80.1000000000001
11915,271.816414254265,0,0,468,23.200826822691102,-265.5,120.972021680918,-74.8564342493445
11916,387.640441192014,0,0,471,-13.8513838013497,-5.4637292977889694e-12,2.40465826156927e-12,-69.5081750066328
11917,540.497821503709,0,0,474,-13.967454519348301,265.499999999997,-120.972021680917,-64.06270229602261
11918,616.126436711857,0,0,477,-28.5054205941836,459.85948940953597,-233.69999999999902,-58.5276321034965
11919,616.485211167951,0,0,480,-11.102373580239199,531.0,-330.501709526592,-52.9107057252178
11920,470.52902283893303,0,0,483,-20.3304139011295,459.859489409537,-404.78027372884696,-47.219778940626895
11921,233.118665159379,0,0,486,-25.444792607691998,265.500000000005,-451.47373120751,-41.4628110254238
11922,-18.9041571304498,0,0,489,-4.856303510651911,3.64226707938063e-12,-467.4,-35.6478536198016
11923,-216.236645439726,0,0,492,38.5201252352815,-265.499999999998,-451.473731207511,-29.783039467498998
11924,-353.074524750522,0,0,495,40.4418094292822,-459.859489409533,-404.78027372884804,-23.8765710414233
11925,-417.96057294614303,0,0,498,-36.5221543477981,-531.0,-330.501709526594,-17.9367090717501
11926,-209.37724376228297,0,0,501,-4.8459933602037,-459.85948940953597,-233.69999999999902,-11.9717609925451
11927,92.39352172456681,0,0,504,-19.144387271453,-265.499999999996,-120.972021680916,-5.99006932306736
11928,499.92979421670304,0,0,507,-7.07020578329438,-1.82080486097228e-12,-8.01359879490062e-13,-3.92376834446812e-14
11929,896.6380680095599,0,0,510,-5.82402299442495,265.5,120.972021680918,5.990069323067419
11930,1181.59920754793,0,0,513,-36.9320428541534,459.85948940953796,233.70000000000098,11.9717609925452
11931,1402.2504749109698,0,0,516,6.81205631262782,531.0,330.501709526591,17.9367090717499
11932,1354.3830201194198,0,0,519,-53.13331406038299,459.85948940953796,404.780273728846,23.8765710414231
11933,1239.41049299304,0,0,522,-29.346277681965798,265.50000000000097,451.47373120751,29.783039467498803
11934,1064.34973838746,0,0,525,36.3018847676558,7.54530649633621e-12,467.4,35.6478536198015
11935,745.1779115985801,0,0,528,-10.258630634360001,-265.499999999995,451.473731207511,41.462811025423704
11936,553.3270722963031,0,0,531,30.1865090363632,-459.859489409535,404.78027372884804,47.21977894062671
11937,348.257453994347,0,0,534,-38.154961257461295,-531.0,330.501709526591,52.910705725217895
11938,416.086329501595,0,0,537,46.7181868076352,-459.85948940953796,233.70000000000098,58.5276321034965
11939,417.54242402432504,0,0,540,-41.9922999526155,-265.5,120.972021680918,64.06270229602251
11940,674.312621687212,0,0,543,61.804446680578394,1.8221195758444e-12,-8.019385025891449e-13,69.5081750066328
11941,814.767937210669,0,0,546,49.3835246422445,265.499999999996,-120.972021680916,74.8564342493445
11942,900.4361539527341,0,0,549,45.176664543197795,459.85948940953597,-233.69999999999902,80.1
11943,844.032086358115,0,0,552,6.30225722694978,531.0,-330.501709526592,85.23153865775691
11944,665.378967949099,0,0,555,-34.9441210333882,459.85948940954,-404.780273728845,90.2438733017922
11945,474.061069684237,0,0,558,6.90480716286689,265.500000000005,-451.47373120751,95.1299937288748
11946,186.41266105181802,0,0,561,-7.0704052059553,3.902382059519519e-12,-467.4,99.88306625776899
11947,-14.1309287485777,0,0,564,34.3463591721817,-265.500000000005,-451.47373120751,104.49644328675501
11948,-218.67397497059503,0,0,567,-29.997884423112698,-459.859489409537,-404.78027372884696,108.963672590901
11949,-148.511635942732,0,0,570,29.711567237775398,-531.0,-330.501709526592,113.278506346085
11950,-9.60485161329535,0,0,573,-6.4802720708987,-459.85948940953597,-233.69999999999902,117.434909867138
11951,273.091888674655,0,0,576,-37.8631596923233,-265.500000000003,-120.97202168092,121.42707004790199
11952,674.048916941961,0,0,579,-30.2004865494142,-2.08091984111118e-12,-9.15839862274357e-13,125.249403491378
11953,1076.54357446688,0,0,582,-20.8250115326536,265.5,120.972021680918,128.89656431862
11954,1487.6821969625598,0,0,585,76.7592559076041,459.859489409534,233.69999999999698,132.363451645422
11955,1594.19452052441,0,0,588,9.04759428144468,531.0,330.501709526591,135.645216716371
11956,1618.87477953377,0,0,591,24.497746709117198,459.85948940953904,404.780273728846,138.73726968626698
11957,1493.21503300748,0,0,594,40.6060157605288,265.500000000008,451.473731207509,141.635286039438
11958,1172.40529704536,0,0,597,-36.32991559260571,2.59457622702841e-13,467.4,144.335212637968
11959,939.4444142017841,0,0,600,6.637409603904691,-265.50000000000097,451.47373120751,146.83327339036998
11960,701.7560020167771,0,0,603,4.70924316466835,-459.85948940953796,404.780273728846,149.125974532802
11961,538.2204565674871,0,0,606,-18.4913624745066,-531.0,330.501709526593,151.2101095154
11962,512.838621235063,0,0,609,-23.084652842339302,-459.85948940953796,233.70000000000098,153.08276348694
11963,611.3149935056031,0,0,612,-10.8983455468243,-265.5,120.972021680918,154.741317371509
11964,774.21974317813,0,0,615,3.0362916466056,-5.983959258066759e-12,2.63361822713786e-12,156.183451531528
11965,882.857228547211,0,0,618,-37.077898783841896,265.499999999996,-120.972021680916,157.407149011973
11966,994.886228232038,0,0,621,-10.6839595387642,459.859489409535,-233.69999999999902,158.41069836126601
11967,997.1003398450099,0,0,624,13.409353346702199,531.0,-330.50170952659,159.192696024897
11968,792.289843580441,0,0,627,-49.54142040867389,459.859489409537,-404.78027372884696,159.752048308425
11969,530.788219961978,0,0,630,-73.326021737611,265.499999999998,-451.473731207511,160.087972907101
11970,339.998090712347,0,0,633,14.1980907123501,-3.38346681411384e-12,-467.4,160.2
11971,41.3310669766448,0,0,636,-37.783174722948104,-265.499999999998,-451.473731207511,160.087972907101
11972,-92.5441786131081,0,0,639,-26.6564637831499,-459.85948940953597,-404.78027372884696,159.752048308425
11973,-50.985955678559506,0,0,642,9.32305782313514,-531.0,-330.501709526592,159.192696024897
11974,115.16605307050301,0,0,645,5.31484411877895,-459.85948940954,-233.70000000000198,158.41069836126601
11975,471.861190381389,0,0,648,52.9260630503392,-265.500000000003,-120.97202168092,157.407149011973
11976,780.0206999823199,0,0,651,-27.1627515492045,-2.3410348212500802e-12,-1.0303198450586501e-12,156.183451531528
11977,1095.6597012591699,0,0,654,-99.553637793244,265.499999999993,120.97202168091499,154.741317371509
11978,1427.7083174926902,0,0,657,-75.9339354037778,459.859489409534,233.69999999999698,153.08276348694
11979,1670.2924728438097,0,0,660,-2.4193461981829905,531.0,330.501709526593,151.2101095154
11980,1669.6264062604598,0,0,663,-7.13933141071933,459.859489409535,404.78027372884696,149.125974532801
11981,1544.39301632555,0,0,666,14.5860117276632,265.500000000002,451.47373120751,146.83327339036998
11982,1295.56925811167,0,0,669,14.834045473699,5.19572602841739e-13,467.4,144.335212637968
11983,1029.8308520450098,0,0,672,30.221834798065,-265.50000000000097,451.47373120751,141.635286039439
11984,763.785262308636,0,0,675,5.127208303055269,-459.859489409534,404.78027372884804,138.73726968626698
11985,590.9192537436151,0,0,678,-22.2276724993499,-531.0,330.501709526593,135.645216716371
11986,591.446167058601,0,0,681,4.24220482271574,-459.85948940953796,233.70000000000098,132.363451645422
11987,679.915670268098,0,0,684,11.547084268562601,-265.500000000007,120.972021680922,128.89656431862
11988,813.472188015437,0,0,687,1.2227845240626498,-6.24407423820566e-12,2.74809820992215e-12,125.249403491378
11989,923.3495595376961,0,0,690,-32.6054888292852,265.499999999996,-120.972021680916,121.42707004790199
11990,1001.84161402138,0,0,693,-34.7527852552923,459.85948940953904,-233.70000000000198,117.434909867138
11991,1036.59118916227,0,0,696,26.814392342776397,531.0,-330.501709526592,113.278506346085
11992,823.085397514692,0,0,699,-39.957490756899794,459.859489409537,-404.78027372884696,108.963672590901
11993,608.482783204217,0,0,702,-12.0399288750263,265.49999999999903,-451.473731207511,104.49644328675501
11994,359.970147332704,0,0,705,22.4870810749307,4.42261201979732e-12,-467.4,99.88306625776909
11995,79.1632258026987,0,0,708,-6.99303671866794,-265.499999999997,-451.473731207511,95.12999372887501
11996,-59.227246440806894,0,0,711,4.16864339578397,-459.85948940953597,-404.78027372884696,90.24387330179229
11997,-78.5843704228915,0,0,714,-16.3141995540539,-531.0,-330.501709526595,85.23153865775708
11998,130.590964739939,0,0,717,27.0504541494808,-459.85948940954,-233.70000000000198,80.1000000000002
11999,380.27119962493697,0,0,720,-28.1132129434841,-265.500000000004,-120.97202168092,74.8564342493445
12000,827.0504934220621,0,0,723,34.5423184154443,-1.01471136551612e-11,-4.46587657478565e-12,69.5081750066329
12001,1170.82649175599,0,0,726,-5.70823222095099,265.49999999999903,120.972021680918,64.06270229602261
12002,1480.8201162658802,0,0,729,-0.267005247158571,459.859489409537,233.7,58.5276321034964
12003,1665.47202598635,0,0,732,19.0596107345414,531.0,330.501709526593,52.9107057252177
12004,1646.2114140841597,0,0,735,-0.6481279948533211,459.85948940953904,404.780273728846,47.219778940626796
12005,1477.9905111486999,0,0,738,-18.4460310842312,265.500000000002,451.47373120751,41.4628110254238
12006,1264.2466715005498,0,0,741,20.1988178807357,8.3256514367529e-12,467.4,35.6478536198016
12007,969.6319284536929,0,0,744,9.87515777868399,-265.50000000000097,451.47373120751,29.783039467498998
12008,724.7589112661909,0,0,747,8.96155590545391,-459.859489409534,404.78027372884804,23.8765710414233
12009,547.303187833004,0,0,750,-20.1352307653423,-531.0,330.501709526596,17.9367090717501
12010,513.405117024728,0,0,753,-25.4071545582799,-459.85948940953796,233.70000000000098,11.9717609925454
12011,620.294744411388,0,0,756,2.8326534073992002,-265.49999999999403,120.97202168091499,5.99006932306738
12012,769.5531484830701,0,0,759,10.5531484830696,1.0417746354277e-12,-4.58498554236261e-13,5.88565251670218e-14
12013,918.1875878659171,0,0,762,17.6496788699048,265.499999999996,-120.972021680916,-5.99006932306726
12014,934.3490942781801,0,0,765,-44.838634138812104,459.85948940953904,-233.70000000000198,-11.971760992544999
12015,912.649133472788,0,0,768,-37.912447928869796,531.0,-330.501709526592,-17.93670907175
12016,790.3764440553031,0,0,771,-11.826200583970099,459.859489409541,-404.780273728845,-23.8765710414232
12017,556.723499863542,0,0,774,-1.5197294614468797,265.49999999999903,-451.473731207511,-29.7830394674989
12018,220.684962612758,0,0,777,-53.2671837674449,4.682726999936219e-12,-467.4,-35.6478536198015
12019,1.25481709840871,0,0,780,-20.308640668665102,-265.499999999991,-451.473731207512,-41.462811025423704
12020,-141.667624481274,0,0,783,-12.808082402264303,-459.85948940953597,-404.78027372884696,-47.21977894062671
12021,-143.786956050264,0,0,786,-15.374540798452301,-531.0,-330.501709526595,-52.9107057252176
12022,16.176399438591698,0,0,789,-20.7364790483762,-459.85948940953597,-233.69999999999902,-58.5276321034965
12023,396.376050883302,0,0,792,54.9107748602486,-265.500000000004,-120.97202168092,-64.06270229602251
12024,727.01513356086,0,0,795,1.52330856748548,4.6846990722443894e-12,2.06179693631547e-12,-69.5081750066327
12025,1131.6560761603,0,0,798,22.040488728727304,265.49999999999903,120.972021680918,-74.8564342493444
12026,1428.68142599212,0,0,801,14.2219365825906,459.859489409533,233.69999999999698,-80.09999999999991
12027,1574.52970625939,0,0,804,-5.7404646094447305,531.0,330.501709526593,-85.2315386577567
12028,1584.2599290649403,0,0,807,2.8640392283439398,459.85948940953904,404.780273728846,-90.24387330179229
12029,1411.44825451643,0,0,810,-20.3954829622125,265.500000000009,451.473731207509,-95.12999372887501
12030,1204.05695925639,0,0,813,23.540025514158,1.03980256311953e-12,467.4,-99.88306625776909
12031,889.149449006261,0,0,816,-8.327838914501,-265.49999999999403,451.473731207511,-104.49644328675501
12032,704.051794196762,0,0,819,49.0946824683555,-459.85948940953796,404.780273728846,-108.963672590901
12033,503.704457899131,0,0,822,-4.51874528137725,-531.0,330.501709526594,-113.278506346085
12034,485.466324766362,0,0,825,4.060724043036689,-459.859489409534,233.69999999999803,-117.434909867138
12035,543.708718084745,0,0,828,-18.336233548271398,-265.50000000000097,120.972021680919,-121.42707004790199
12036,670.769200395252,0,0,831,-34.9813961133662,-6.764304198483461e-12,2.9770581754907402e-12,-125.249403491378
12037,876.406523156606,0,0,834,26.775109156143397,265.500000000002,-120.972021680919,-128.89656431862
12038,938.118346580809,0,0,837,7.3223088166944095,459.859489409535,-233.69999999999902,-132.363451645422
12039,975.518746851636,0,0,840,70.66567309459579,531.0,-330.501709526589,-135.645216716371
12040,746.889710123439,0,0,843,-12.4522358709844,459.859489409537,-404.780273728846,-138.73726968626698
12041,566.2820555459459,0,0,846,47.8910727928889,265.50000000000597,-451.47373120751,-141.635286039438
12042,203.232694235235,0,0,849,-34.032093126810196,1.24888058338474e-11,-467.4,-144.335212637968
12043,21.257202799812898,0,0,852,33.0642073976909,-265.499999999997,-451.473731207511,-146.83327339036998
12044,-125.39895539420401,0,0,855,33.3667822769831,-459.85948940954,-404.780273728845,-149.125974532802
12045,-138.931209149122,0,0,858,15.780609892871098,-531.0,-330.501709526592,-151.2101095154
12046,20.9633877616082,0,0,861,6.6056406580901506,-459.85948940954,-233.70000000000198,-153.08276348694
12047,309.734148362204,0,0,864,-13.052512585372801,-265.499999999997,-120.972021680917,-154.741317371509
12048,753.2378150657589,0,0,867,42.4212665972919,-3.12137976166677e-12,-1.37375979341153e-12,-156.183451531528
12049,1080.2006096084199,0,0,870,-18.8642630605174,265.499999999992,120.972021680914,-157.407149011973
12050,1445.0646728998902,0,0,873,36.9158818516195,459.859489409537,233.7,-158.41069836126601
12051,1564.6153642983,0,0,876,-13.6936492033893,531.0,330.50170952659,-159.192696024897
12052,1598.7737834775598,0,0,879,14.8860686475989,459.859489409543,404.780273728844,-159.752048308425
12053,1399.0891741561,0,0,882,-39.796584144306294,265.500000000003,451.47373120751,-160.087972907101
12054,1241.54411613518,0,0,885,49.344116135186006,-6.246046310513831e-12,467.4,-160.2
12055,932.5418482983561,0,0,888,18.6560899979469,-265.5,451.47373120751,-160.087972907101
12056,696.2111021809841,0,0,891,20.0423661700951,-459.859489409534,404.78027372884804,-159.752048308425
12057,528.208230711385,0,0,894,-6.10078279030864,-531.0,330.501709526591,-159.192696024897
12058,522.4676632469831,0,0,897,10.0378510177857,-459.85948940953796,233.70000000000098,-158.41069836126601
12059,567.946149609857,0,0,900,-30.118723059084395,-265.500000000007,120.972021680922,-157.407149011973
12060,758.884645678047,0,0,903,12.0680972095746,5.21544675149909e-13,-2.29538588667672e-13,-156.183451531528
12061,932.917419282681,0,0,906,37.1307583351104,265.499999999995,-120.972021680916,-154.741317371509
12062,938.135568385141,0,0,909,-43.941157537454394,459.859489409531,-233.69999999999598,-153.08276348694
12063,928.6968028314801,0,0,912,-32.591378126528,531.0,-330.501709526592,-151.210109515401
12064,795.442874224949,0,0,915,-25.510366922946,459.859489409541,-404.780273728845,-149.125974532802
12065,574.563345997705,0,0,918,-10.629649404413302,265.49999999999903,-451.473731207511,-146.83327339036998
12066,307.66717794458,0,0,921,-1.59760941745798,5.20295696021401e-12,-467.4,-144.335212637968
12067,43.3482141446784,0,0,924,-22.0427686083697,-265.500000000003,-451.47373120751,-141.635286039439
12068,-76.61855897480879,0,0,927,-0.24152615015876003,-459.85948940953597,-404.78027372884696,-138.73726968626698
12069,-85.5805959511547,0,0,930,-18.4336697081887,-531.0,-330.501709526595,-135.645216716371
12070,112.256481833465,0,0,933,5.179422888423019,-459.85948940953597,-233.7,-132.363451645422
12071,455.38102115401705,0,0,936,34.7496071535616,-265.500000000004,-120.97202168092,-128.89656431862
12072,758.383431883562,0,0,939,-55.3671646250435,-1.0927458595577902e-11,-4.80931652313854e-12,-125.249403491378
12073,1159.47951254877,0,0,942,-47.565439084248894,265.499999999998,120.972021680917,-121.42707004790199
12074,1584.3351251493,0,0,945,63.2105456069126,459.859489409533,233.69999999999698,-117.434909867138
12075,1763.0280304667701,0,0,948,66.8048272862649,531.0,330.501709526593,-113.278506346085
12076,1688.8058497485902,0,0,951,-17.8702407988976,459.85948940953904,404.780273728846,-108.963672590901
12077,1537.13865997284,0,0,954,-29.3386279479075,265.499999999996,451.473731207511,-104.49644328675501
12078,1372.06768694836,0,0,957,47.550753206125606,1.5600325233973301e-12,467.4,-99.88306625776909
12079,1025.27324232755,0,0,960,-25.5704951510959,-265.499999999993,451.473731207511,-95.12999372887501
12080,865.438994422262,0,0,963,47.76208340474629,-459.85948940953796,404.780273728846,-90.2438733017924
12081,691.223500848869,0,0,966,10.9533299800325,-531.0,330.501709526594,-85.23153865775708
12082,666.126896102533,0,0,969,3.38638551207088,-459.859489409542,233.700000000004,-80.1
12083,712.3604749376331,0,0,972,-40.2551124939398,-265.50000000000097,120.972021680919,-74.8564342493445
12084,891.806624231412,0,0,975,-13.6852007619506,-7.28453415876125e-12,3.20601814105933e-12,-69.5081750066329
12085,1098.8299419821199,0,0,978,40.364665959067295,265.49999999998903,-120.97202168091299,-64.06270229602261
12086,1154.5019806885,0,0,981,5.87012338246342,459.859489409535,-233.69999999999803,-58.5276321034966
12087,1072.6945662225098,0,0,984,-58.8930185256815,531.0,-330.501709526594,-52.9107057252177
12088,1005.4812544488901,0,0,987,10.6218177088124,459.859489409545,-404.780273728843,-47.2197789406271
12089,740.792787561349,0,0,990,-21.7706702057238,265.50000000000597,-451.47373120751,-41.462811025423896
12090,466.000425927003,0,0,993,-23.951720453207997,1.30090357941252e-11,-467.4,-35.6478536198019
12091,243.579720393932,0,0,996,-5.6635089310618305,-265.499999999997,-451.473731207511,-29.783039467498998
12092,55.0129084438549,0,0,999,-55.4707573763371,-459.85948940953904,-404.780273728845,-23.876571041423002
12093,139.302249815965,0,0,1002,16.7406684143075,-531.0,-330.501709526593,-17.9367090717501
12094,271.826882479875,0,0,1005,-27.6418671180502,-459.859489409533,-233.69999999999698,-11.9717609925451
12095,598.233157298021,0,0,1008,-17.3047516979771,-265.50000000001097,-120.972021680924,-5.9900693230674005
12096,1023.8715911897099,0,0,1011,12.8715911897105,-3.64160972194457e-12,-1.60271975898012e-12,-7.84753668893624e-14
12097,1458.7294750025699,0,0,1014,52.26738399859801,265.499999999992,120.972021680914,5.990069323067241
12098,1672.2138929893802,0,0,1017,-50.31735741269879,459.859489409537,233.7,11.971760992545303
12099,1899.0444907326603,0,0,1020,-0.39392786568243704,531.0,330.50170952659,17.9367090717497
12100,1946.66181506918,0,0,1023,35.145480889372,459.85948940953597,404.78027372884696,23.8765710414232
12101,1774.4573890606302,0,0,1026,1.70061838560936,265.500000000016,451.473731207508,29.783039467498604
12102,1502.69130072021,0,0,1029,-29.356552899604303,9.366111357308491e-12,467.4,35.6478536198015
12103,1242.13534754863,0,0,1032,-17.3011946843068,-265.5,451.473731207511,41.462811025423996
12104,1040.14334761199,0,0,1035,13.0027843520455,-459.859489409534,404.78027372884804,47.21977894062671
12105,875.9380740934411,0,0,1038,-14.474341158368,-531.0,330.501709526591,52.9107057252178
12106,920.809072349133,0,0,1041,47.440929655173996,-459.85948940953796,233.70000000000098,58.527632103496195
12107,990.5679416426849,0,0,1044,27.033217665741898,-265.499999999995,120.972021680916,64.06270229602251
12108,1162.68441938869,0,0,1047,46.1762443820634,-1.5090612992672403e-11,6.64157487078633e-12,69.5081750066327
12109,1292.43680732359,0,0,1050,23.052394755166397,265.499999999995,-120.972021680916,74.8564342493444
12110,1367.74323546485,0,0,1053,8.48374605531008,459.859489409531,-233.69999999999501,80.09999999999991
12111,1362.09517514467,0,0,1056,20.3653460135004,531.0,-330.501709526591,85.231538657757
12112,1263.3138764644,0,0,1059,58.990787481914204,459.859489409541,-404.780273728845,90.243873301792
12113,954.865952255557,0,0,1062,-16.2903102658072,265.5,-451.473731207511,95.12999372887491
12114,641.347206802026,0,0,1065,-56.1358594557337,-9.368740787052721e-12,-467.4,99.8830662577693
12115,514.459712627425,0,0,1068,58.937000548171795,-265.49999999999,-451.473731207512,104.49644328675501
12116,348.24107880645,0,0,1071,32.917169353931605,-459.85948940953597,-404.78027372884696,108.963672590901
12117,310.086116790449,0,0,1074,-15.690680029040802,-531.0,-330.501709526595,113.278506346085
12118,467.614417807622,0,0,1077,-33.26100264998,-459.859489409537,-233.7,117.434909867138
12119,765.5636934681461,0,0,1080,-49.3913548988302,-265.500000000005,-120.972021680921,121.427070047901
12120,1165.3787602529599,0,0,1083,-42.8706432384226,3.6442391516888e-12,1.6038770051782899e-12,125.249403491378
12121,1620.3752939563099,0,0,1086,19.006707956798998,265.499999999985,120.97202168091101,128.89656431862
12122,1864.5507745713,0,0,1089,-50.3721664836488,459.859489409533,233.69999999999698,132.363451645422
12123,2095.55901439807,0,0,1092,6.412088155102039,531.0,330.501709526593,135.645216716371
12124,2134.34836046225,0,0,1095,35.971327637596296,459.85948940953904,404.780273728845,138.73726968626698
12125,2018.67037607897,0,0,1098,62.0613588320217,265.499999999997,451.473731207511,141.635286039438
12126,1712.77629520029,0,0,1101,0.0410825623238647,2.08026248367513e-12,467.4,144.335212637968
12127,1435.73324546367,0,0,1104,-1.07375913420465,-265.50000000000597,451.47373120751,146.83327339036998
12128,1165.58500535989,0,0,1107,-35.46175349222929,-459.85948940952994,404.78027372885003,149.125974532801
12129,1092.77178602856,0,0,1110,32.0599669865666,-531.0,330.501709526594,151.2101095154
12130,1103.49012054014,0,0,1113,63.5668464627405,-459.859489409542,233.700000000004,153.08276348694
12131,1080.5901773808,0,0,1116,-45.6231616716274,-265.500000000002,120.972021680919,154.741317371509
12132,1273.0089854776,0,0,1119,-2.17446605392343,-7.80476411903905e-12,3.4349781066279196e-12,156.183451531528
12133,1442.29682495702,0,0,1122,18.361697625960897,265.50000000000097,-120.972021680919,157.407149011973
12134,1494.7327512586498,0,0,1125,-14.8374365121509,459.859489409542,-233.700000000004,158.41069836126601
12135,1493.9842150924699,0,0,1128,6.2932285941620005,531.0,-330.501709526589,159.192696024897
12136,1369.6306886254401,0,0,1131,23.799424636320897,459.85948940953796,-404.780273728846,159.752048308425
12137,1065.06856059063,0,0,1134,-43.045681108968495,265.50000000000597,-451.47373120751,160.087972907101
12138,858.158024824133,0,0,1137,28.3580248241341,-1.5626619531415601e-12,-467.4,160.2
12139,502.15475319746497,0,0,1140,-80.959488502129,-265.499999999996,-451.473731207511,160.087972907101
12140,371.537275008516,0,0,1143,-66.5750101615244,-459.85948940953904,-404.780273728846,159.752048308425
12141,455.185795505084,0,0,1146,11.4948090067836,-531.0,-330.501709526597,159.192696024897
12142,629.684080585747,0,0,1149,15.8328716340244,-459.859489409541,-233.700000000003,158.41069836126601
12143,911.941639297955,0,0,1152,-10.9934880330829,-265.50000000001097,-120.972021680924,157.407149011973
12144,1332.48408140074,0,0,1155,21.300629869219,-4.16183968222236e-12,-1.83167972454871e-12,156.183451531528
12145,1700.6551883267903,0,0,1158,1.4418492743592,265.500000000004,120.97202168092,154.741317371509
12146,2026.18662957073,0,0,1161,18.544376674251,459.85948940953597,233.7,153.08276348694
12147,2152.63096279493,0,0,1164,-24.0808562470674,531.0,330.501709526595,151.2101095154
12148,2214.61705954822,0,0,1167,33.8513218770336,459.859489409543,404.780273728844,149.125974532802
12149,2017.11564302996,0,0,1170,-16.691361567919298,265.500000000003,451.47373120751,146.83327339036998
12150,1840.13577283682,0,0,1173,55.4005601988416,9.88634131758629e-12,467.4,144.335212637968
12151,1520.9199333260801,0,0,1176,17.3109160791307,-265.49999999999903,451.473731207511,141.635286039439
12152,1283.2706780496499,0,0,1179,20.612624044072398,-459.859489409534,404.78027372884804,138.73726968626698
12153,1060.32329370094,0,0,1182,-56.823632542019205,-531.0,330.501709526592,135.645216716371
12154,1073.49753660625,0,0,1185,-17.706425629633898,-459.859489409546,233.700000000007,132.363451645423
12155,1136.7331213361801,0,0,1188,-35.6354646633577,-265.500000000008,120.972021680922,128.89656431862
12156,1312.67291723172,0,0,1191,-3.5764862596628904,-5.18915245405682e-13,2.28381342469506e-13,125.249403491378
12157,1482.26579493661,0,0,1194,22.3107465696283,265.49999999999403,-120.97202168091499,121.42707004790199
12158,1540.60086418423,0,0,1197,0.00646490755046144,459.85948940953796,-233.70000000000098,117.434909867138
12159,1536.97558357906,0,0,1200,23.1987867595622,531.0,-330.501709526591,113.278506346085
12160,1405.28307646797,0,0,1203,38.240188196386704,459.859489409534,-404.78027372884804,108.963672590901
12161,1138.4077864607,0,0,1206,13.8850743814374,265.500000000013,-451.473731207509,104.49644328675501
12162,841.090051761359,0,0,1209,-0.393014496416453,6.2434168807696e-12,-467.4,99.8830662577692
12163,600.805360737214,0,0,1212,10.6490982158406,-265.49999999998903,-451.473731207512,95.1299937288751
12164,415.85687735058997,0,0,1215,-24.7472328128196,-459.859489409535,-404.78027372884696,90.2438733017924
12165,436.808440105391,0,0,1218,-4.9213890257712,-531.0,-330.501709526595,85.23153865775708
12166,601.954750555704,0,0,1221,-5.585760034758871,-459.859489409537,-233.7,80.1
12167,865.57129100922,0,0,1224,-46.8131215592186,-265.499999999992,-120.972021680914,74.8564342493446
12168,1324.83250030794,0,0,1227,28.3243253013273,-1.1967918516133501e-11,-5.26723645427572e-12,69.5081750066329
12169,1695.3935615558999,0,0,1230,14.858837578962099,265.499999999997,120.972021680917,64.0627022960224
12170,1987.3926688323397,0,0,1233,2.3055473193101497,459.859489409533,233.69999999999698,58.52763210349671
12171,2148.29234738286,0,0,1236,-2.12006786895383,531.0,330.501709526592,52.9107057252177
12172,2173.62391082747,0,0,1239,22.7643687484551,459.85948940954,404.780273728845,47.2197789406271
12173,1962.01512834091,0,0,1242,-38.421413892023004,265.499999999997,451.473731207511,41.462811025423896
12174,1758.21395196018,0,0,1245,10.1660983403624,1.76924201514975e-11,467.4,35.6478536198019
12175,1472.7429798619298,0,0,1248,8.98620918691425,-265.499999999993,451.473731207511,29.783039467499105
12176,1213.9762985722,0,0,1251,-5.82105678853369,-459.859489409537,404.780273728846,23.8765710414231
12177,1077.41622059007,0,0,1254,5.977801991726491,-531.0,330.501709526594,17.9367090717502
12178,1076.85092655325,0,0,1257,34.0386549702394,-459.859489409535,233.69999999999902,11.9717609925452
12179,1112.3855144896302,0,0,1260,-9.07657651435594,-265.500000000002,120.972021680919,5.99006932306741
12180,1225.54851880465,0,0,1263,-37.4514811953496,6.76693362822768e-12,-2.9782154216889103e-12,9.8094208611703e-14
12181,1398.8162744462697,0,0,1266,-5.72163454973967,265.499999999988,-120.972021680912,-5.990069323067219
12182,1468.44700463595,0,0,1269,-14.740723781038598,459.859489409534,-233.69999999999803,-11.971760992545303
12183,1461.9978984452403,0,0,1272,7.436317043579919,531.0,-330.501709526589,-17.9367090717497
12184,1311.76930694467,0,0,1275,5.56666230540197,459.85948940953796,-404.780273728846,-23.8765710414231
12185,1060.45209767976,0,0,1278,-1.79113164524274,265.500000000007,-451.47373120751,-29.783039467498604
12186,732.274366521257,0,0,1281,-45.6777798589403,-1.04243199286376e-12,-467.4,-35.6478536198015
12187,505.980239384668,0,0,1284,-19.583218382389802,-265.500000000009,-451.473731207509,-41.462811025423996
12188,348.463690130688,0,0,1287,-26.676767790304798,-459.859489409531,-404.780273728849,-47.219778940626895
12189,383.4158706416,0,0,1290,7.8282858934108,-531.0,-330.501709526593,-52.9107057252178
12190,537.662341954452,0,0,1293,-3.2505365325074798,-459.859489409541,-233.700000000003,-58.5276321034965
12191,818.1828681573011,0,0,1296,-27.282407865760497,-265.49999999999903,-120.972021680918,-64.06270229602251
12192,1243.14767983046,0,0,1299,13.6558548370987,-4.6820696425001604e-12,-2.0606396901173002e-12,-69.5081750066327
12193,1596.2218505145402,0,0,1302,-17.3937369170353,265.500000000004,120.97202168092,-74.8564342493444
12194,1902.99453358463,0,0,1305,-15.464955824895698,459.85948940952903,233.69999999999402,-80.0999999999998
12195,2122.32903881223,0,0,1308,38.058867943392,531.0,330.50170952659,-85.2315386577567
12196,2058.0049739296,0,0,1311,-27.3909159069911,459.859489409544,404.780273728844,-90.243873301792
12197,1961.94509660097,0,0,1314,26.1013591223351,265.500000000004,451.47373120751,-95.12999372887471
12198,1625.54476572543,0,0,1317,-58.97216801679271,-4.685356429680441e-12,467.4,-99.8830662577692
12199,1408.2915895171802,0,0,1320,6.8143015964247695,-265.49999999999903,451.473731207511,-104.49644328675501
12200,1169.42151251955,0,0,1323,10.4644007911519,-459.859489409541,404.780273728845,-108.963672590901
12201,1031.90722604691,0,0,1326,19.684022866400102,-531.0,330.501709526596,-113.278506346085
12202,1006.13260239869,0,0,1329,20.727001675365102,-459.85948940953904,233.70000000000198,-117.434909867138
12203,1026.47703414479,0,0,1332,-39.5679174882216,-265.500000000009,120.972021680923,-121.42707004790199
12204,1265.31175667213,0,0,1335,55.5611601635131,-1.03914520568348e-12,4.57341308038095e-13,-125.249403491378
12205,1365.11621688888,0,0,1338,11.484802888421301,265.49999999999403,-120.97202168091499,-128.89656431862
12206,1424.41152044095,0,0,1341,-10.3845173231683,459.85948940953796,-233.70000000000098,-132.363451645422
12207,1449.78060302215,0,0,1344,40.927529265108795,531.0,-330.501709526586,-135.645216716371
12208,1262.6323251390402,0,0,1347,-0.7096208553907349,459.859489409542,-404.780273728844,-138.73726968626698
12209,1023.32468478791,0,0,1350,0.93370203485605,265.50000000000097,-451.47373120751,-141.635286039439
12210,734.284910935992,0,0,1353,-6.97987642604702,6.7636468410474e-12,-467.4,-144.335212637967
12211,502.75389135905,0,0,1356,10.5608959569322,-265.500000000002,-451.47373120751,-146.83327339036998
12212,354.815592440408,0,0,1359,9.58133011159209,-459.859489409535,-404.78027372884696,-149.125974532802
12213,368.668257083395,0,0,1362,19.380076125385898,-531.0,-330.501709526591,-151.2101095154
12214,537.099932228703,0,0,1365,18.742185125193103,-459.859489409545,-233.70000000000599,-153.08276348694
12215,821.229124310898,0,0,1368,-5.55753663666659,-265.50000000000597,-120.972021680921,-154.741317371509
12216,1199.5591785233698,0,0,1371,-15.257369945085001,-1.24881484764113e-11,-5.4961964198443e-12,-156.183451531528
12217,1624.3345822952801,0,0,1374,21.2697096263407,265.499999999997,120.972021680917,-157.407149011973
12218,1924.57600900898,0,0,1377,12.4272179607212,459.859489409532,233.69999999999598,-158.41069836126601
12219,2078.56226505666,0,0,1380,-3.7467484450366,531.0,330.501709526592,-159.192696024897
12220,2106.60579355356,0,0,1383,18.7180787236083,459.859489409533,404.780273728849,-159.752048308425
12221,1970.94025903077,0,0,1386,28.054500730356196,265.50000000001097,451.473731207509,-160.087972907101
12222,1729.3640149680898,0,0,1389,33.16401496809,3.1207224042307205e-12,467.4,-160.2
12223,1421.36262220235,0,0,1392,3.4768639019358702,-265.499999999992,451.473731207512,-160.087972907101
12224,1176.52002067893,0,0,1395,-3.64871533195706,-459.859489409537,404.78027372884696,-159.752048308425
12225,1061.0028478081801,0,0,1398,22.693834306479,-531.0,330.501709526594,-159.192696024897
12226,996.3146415692619,0,0,1401,-20.1151706599363,-459.859489409535,233.69999999999902,-158.41069836126601
12227,1096.9685827527499,0,0,1404,-5.096289916182809,-265.500000000016,120.972021680926,-157.407149011973
12228,1249.06305101566,0,0,1407,-1.7534974528075098,-8.84522403959464e-12,3.8928980377651e-12,-156.183451531528
12229,1340.53400264217,0,0,1410,-59.252658305399706,265.499999999987,-120.972021680912,-154.741317371509
12230,1487.90598978376,0,0,1413,1.82926386116808,459.859489409534,-233.69999999999803,-153.08276348694
12231,1402.9060950206601,0,0,1416,-62.382085937349004,531.0,-330.501709526593,-151.2101095154
12232,1344.98171484456,0,0,1419,20.0284736966692,459.85948940953796,-404.780273728846,-149.125974532802
12233,1082.55137326526,0,0,1422,-6.64162213684892,265.49999999999403,-451.473731207511,-146.83327339036998
12234,804.630460519281,0,0,1425,-8.63432684276556,1.45697256749586e-11,-467.4,-144.335212637968
12235,525.558298366666,0,0,1428,-43.832684386388905,-265.499999999995,-451.473731207511,-141.635286039438
12236,436.05431736164496,0,0,1431,8.431350186292091,-459.859489409531,-404.780273728849,-138.73726968626698
12237,375.73655009796204,0,0,1434,-61.116523659074105,-531.0,-330.501709526593,-135.645216716371
12238,620.741505017447,0,0,1437,9.66444607241358,-459.859489409541,-233.700000000003,-132.363451645422
12239,995.5666761321891,0,0,1440,70.9352621317262,-265.49999999999903,-120.972021680918,-128.89656431862
12240,1348.26527388999,0,0,1443,30.514677381398602,-2.02942273103225e-11,-8.931753149571311e-12,-125.249403491378
12241,1703.2329111206,0,0,1446,-7.81204051239972,265.49999999999,120.97202168091299,-121.42707004790199
12242,1990.4010431805802,0,0,1449,-34.7235363618217,459.85948940953597,233.69999999999902,-117.434909867138
12243,2197.30247727638,0,0,1452,-2.92072590412325,531.0,330.50170952659,-113.278506346085
12244,2220.9598450982603,0,0,1455,10.283754550781198,459.85948940953597,404.78027372884696,-108.963672590901
12245,2063.09120434104,0,0,1458,-7.38608357972022,265.500000000004,451.47373120751,-104.49644328675501
12246,1790.8369762437,0,0,1461,-37.679957498530605,-4.165126469402649e-12,467.4,-99.88306625776899
12247,1522.65666643237,0,0,1464,-32.1870710462822,-265.499999999985,451.473731207512,-95.12999372887529
12248,1273.36359914327,0,0,1467,-48.313311874254104,-459.859489409533,404.78027372884804,-90.2438733017922
12249,1193.5938397794,0,0,1470,9.32366891056474,-531.0,330.501709526597,-85.23153865775741
12250,1164.22916906976,0,0,1473,-2.51134152070007,-459.85948940953904,233.70000000000198,-80.1
12251,1217.90442680964,0,0,1476,-38.7111606219353,-265.499999999996,120.972021680916,-74.8564342493446
12252,1435.6836968991001,0,0,1479,26.1918719057439,-1.66513028735058e-11,7.3284547674921e-12,-69.5081750066329
12253,1589.92759726979,0,0,1482,27.462321246737197,265.499999999993,-120.97202168091499,-64.06270229602261
12254,1696.73503195328,0,0,1485,44.1031746472351,459.85948940953796,-233.70000000000098,-58.52763210349671
12255,1598.5609720141101,0,0,1488,-37.0266127340731,531.0,-330.501709526596,-52.910705725218
12256,1535.19002264362,0,0,1491,36.3305859035509,459.859489409542,-404.780273728844,-47.2197789406271
12257,1246.98060720445,0,0,1494,-19.582850562616898,265.50000000000097,-451.47373120751,-41.462811025423605
12258,974.12069918731,0,0,1497,-19.8314471929108,2.23758045088697e-11,-467.4,-35.647853619802
12259,725.6332393104179,0,0,1500,-27.6099900145827,-265.49999999998903,-451.473731207512,-29.783039467498803
12260,554.2544318366761,0,0,1503,-60.229233983518,-459.859489409535,-404.78027372884804,-23.876571041423603
12261,648.223018035344,0,0,1506,21.6614366336843,-531.0,-330.501709526591,-17.9367090717499
12262,798.15602226898,0,0,1509,-5.31272732894997,-459.85948940952994,-233.69999999999501,-11.9717609925452
12263,1093.36377683952,0,0,1512,-26.174132156484102,-265.50000000000597,-120.972021680921,-5.990069323067441
12264,1563.84058200052,0,0,1515,48.8405820005156,2.08354927085541e-12,9.16997108472522e-13,-1.17713050334044e-13
12265,1893.9956392244299,0,0,1518,-16.4664517795348,265.499999999984,120.97202168091002,5.9900693230672
12266,2211.82433535244,0,0,1521,-14.7069150496297,459.859489409532,233.69999999999598,11.971760992544999
12267,2396.40497493863,0,0,1524,-7.03344365971635,531.0,330.501709526592,17.9367090717497
12268,2418.31504944661,0,0,1527,2.79871526680665,459.859489409533,404.78027372884804,23.8765710414228
12269,2304.31151559563,0,0,1530,27.554744920608396,265.50000000001097,451.473731207509,29.783039467498604
12270,2086.3442114732898,0,0,1533,50.2963578534826,3.64095236450851e-12,467.4,35.6478536198017
12271,1733.5837826647303,0,0,1536,-29.8527595682323,-265.49999999997897,451.47373120751297,41.4628110254234
12272,1506.55427552221,0,0,1539,-24.586287737742,-459.85948940952903,404.78027372885003,47.219778940626895
12273,1397.3867457361903,0,0,1542,2.9743304843733798,-531.0,330.501709526594,52.9107057252178
12274,1390.8368602349499,0,0,1545,13.468717540986303,-459.85948940953597,233.69999999999902,58.5276321034965
12275,1465.10122291491,0,0,1548,-2.43350106203801,-265.49999999999,120.97202168091299,64.0627022960224
12276,1600.02890921176,0,0,1551,-20.4792657948636,-9.36545399987243e-12,4.12185800333369e-12,69.5081750066327
12277,1716.49811528056,0,0,1554,-56.88629728786329,265.5,-120.972021680918,74.8564342493444
12278,1845.90076849772,0,0,1557,-17.3587209118182,459.85948940952596,-233.699999999992,80.0999999999998
12279,1808.36217652377,0,0,1560,-37.3676526073945,531.0,-330.501709526589,85.2315386577567
12280,1688.8309801429098,0,0,1563,-19.4921088395757,459.85948940953796,-404.780273728846,90.243873301792
12281,1435.39190862077,0,0,1566,-39.764353900587295,265.499999999995,-451.473731207511,95.12999372887471
12282,1218.95671572301,0,0,1569,17.473649465231198,1.50899556352364e-11,-467.4,99.8830662577688
12283,1038.2466841593,0,0,1572,78.72397208004949,-265.499999999995,-451.473731207511,104.49644328675501
12284,820.9365698893961,0,0,1575,1.6126604368792201,-459.85948940953796,-404.780273728846,108.963672590901
12285,820.736435882173,0,0,1578,-9.04036093731415,-531.0,-330.501709526598,113.278506346085
12286,1047.36020939232,0,0,1581,42.484788934721706,-459.859489409541,-233.700000000003,117.434909867138
12287,1315.2233742370402,0,0,1584,-3.7316741299419802,-265.5,-120.972021680918,121.42707004790199
12288,1689.94094750574,0,0,1587,-22.3084559856543,9.369398144488779e-12,4.12359387263094e-12,125.249403491378
12289,2138.69868009458,0,0,1590,33.330094095052,265.49999999999,120.97202168091299,128.89656431862
12290,2443.4176466115,0,0,1593,24.494705556542897,459.85948940953597,233.69999999999902,132.363451645422
12291,2611.60521690367,0,0,1596,18.4582906607112,531.0,330.501709526585,135.645216716371
12292,2540.16147990619,0,0,1599,-62.2155529184621,459.859489409544,404.780273728843,138.73726968626698
12293,2438.68099916676,0,0,1602,-21.9280180801929,265.500000000005,451.47373120751,141.635286039438
12294,2175.4003788363198,0,0,1605,-41.3348338016407,-3.64489650912485e-12,467.4,144.335212637967
12295,1882.92823647508,0,0,1608,-57.8787681227832,-265.50000000001097,451.473731207509,146.83327339036998
12296,1721.6004273852302,0,0,1611,16.5536685331174,-459.859489409533,404.78027372884804,149.125974532802
12297,1532.799344848,0,0,1614,-31.9124741939924,-531.0,330.501709526592,151.2101095154
12298,1506.3753377943801,0,0,1617,-37.5479362830191,-459.85948940954694,233.700000000008,153.08276348694
12299,1563.86125626034,0,0,1620,-66.3520827920823,-265.50000000001,120.972021680923,154.741317371509
12300,1710.24540707358,0,0,1623,-68.93804445795101,-2.07960512623907e-12,9.15261239175274e-13,156.183451531528
12301,1970.5186653278897,0,0,1626,42.58353799683,265.50000000000597,-120.972021680921,157.407149011973
12302,2033.92058259742,0,0,1629,20.3503948266175,459.85948940952994,-233.69999999999501,158.41069836126601
12303,2001.6107830513397,0,0,1632,9.919796553033288,531.0,-330.501709526591,159.192696024897
12304,1807.2289984170602,0,0,1635,-42.6022655720518,459.859489409535,-404.78027372884804,159.752048308425
12305,1561.2141548576099,0,0,1638,-50.9000868419927,265.500000000015,-451.473731207509,160.087972907101
12306,1386.0675431125303,0,0,1641,52.267543112523406,7.80410676160299e-12,-467.4,160.2
12307,1047.04881067455,0,0,1644,-40.0654310250426,-265.50000000000097,-451.47373120751,160.087972907101
12308,1003.9451419226599,0,0,1647,61.83285675261929,-459.859489409542,-404.780273728844,159.752048308425
12309,992.976598796439,0,0,1650,45.2856122981368,-531.0,-330.501709526596,159.192696024897
12310,1067.4546253234598,0,0,1653,-50.396583628266704,-459.85948940953796,-233.70000000000098,158.41069836126601
12311,1406.8290927190199,0,0,1656,-20.1060346120092,-265.50000000002,-120.972021680928,157.407149011973
12312,1785.8716448231896,0,0,1659,-29.311806708316603,-1.35286083969669e-11,-5.9541163509814805e-12,156.183451531528
12313,2200.44097666491,0,0,1662,-2.77236238750861,265.499999999996,120.972021680916,154.741317371509
12314,2478.3361292804,0,0,1665,-33.306123616082,459.85948940953904,233.70000000000198,153.08276348694
12315,2706.43189410179,0,0,1668,25.720075059794002,531.0,330.501709526597,151.2101095154
12316,2637.2868064348604,0,0,1671,-47.4789312363243,459.859489409541,404.780273728845,149.125974532802
12317,2564.74960774342,0,0,1674,26.942603145538996,265.499999999998,451.473731207511,146.83327339036998
12318,2313.8328958330303,0,0,1677,25.0976831950405,1.92531100323308e-11,467.4,144.335212637968
12319,1985.7596851065698,0,0,1680,-21.849332140390302,-265.499999999991,451.473731207512,141.635286039438
12320,1815.6520508354502,0,0,1683,48.9939968298737,-459.85948940953597,404.78027372884696,138.73726968626698
12321,1634.8941266387399,0,0,1686,13.7472003957803,-531.0,330.50170952659,135.645216716371
12322,1570.97332622961,0,0,1689,-24.2306360062787,-459.859489409543,233.700000000005,132.363451645422
12323,1699.0905123315197,0,0,1692,22.7219263319836,-265.500000000003,120.97202168092,128.89656431862
12324,1798.0414872720603,0,0,1695,-22.207916219299896,-2.49776116676948e-11,1.0992971462787699e-11,125.249403491378
12325,1959.2953687160998,0,0,1698,-4.6596796508727,265.499999999986,-120.97202168091101,121.42707004790199
12326,2106.09869794,0,0,1701,61.50429866332539,459.859489409534,-233.69999999999698,117.434909867138
12327,2056.4687178205,0,0,1704,38.6919210010075,531.0,-330.501709526593,113.278506346085
12328,1902.8022373337199,0,0,1707,31.759349062132603,459.859489409531,-404.780273728849,108.963672590901
12329,1606.26233772004,0,0,1710,-22.2603743592131,265.500000000008,-451.473731207509,104.49644328675501
12330,1346.15792625185,0,0,1713,0.674859994085159,5.18257887969625e-13,-467.4,99.88306625776899
12331,1094.5256534150901,0,0,1716,0.36939089370513295,-265.499999999981,-451.47373120751297,95.12999372887529
12332,919.6470026557209,0,0,1719,-24.957107507691497,-459.859489409531,-404.780273728849,90.2438733017922
12333,936.638391521085,0,0,1722,-9.09143761007886,-531.0,-330.501709526593,85.23153865775741
12334,1103.3210352868302,0,0,1725,-8.21947530363575,-459.859489409534,-233.69999999999803,80.1
12335,1509.47990016978,0,0,1728,93.09548760137599,-265.500000000013,-120.97202168092501,74.8564342493446
12336,1796.09886993031,0,0,1731,-4.4093050763183,-6.2427595233335494e-12,-2.74751958682307e-12,69.5081750066329
12337,2160.94669578946,0,0,1734,-23.5880281874838,265.500000000003,120.972021680919,64.0627022960227
12338,2467.07445857663,0,0,1737,-22.0126629363907,459.85948940952795,233.69999999999297,58.52763210349671
12339,2617.86469590261,0,0,1740,-36.5477193492009,531.0,330.501709526589,52.910705725217504
12340,2626.3677681037398,0,0,1743,-28.4917739752738,459.859489409537,404.78027372884696,47.2197789406272
12341,2456.62994082047,0,0,1746,-47.8066014124568,265.499999999992,451.473731207512,41.462811025423605
12342,2269.98479197561,0,0,1749,17.9369383557977,1.1967261158697501e-11,467.4,35.647853619802
12343,2002.5719523908801,0,0,1752,34.815181715870104,-265.499999999997,451.473731207511,29.783039467498803
12344,1699.1845285677402,0,0,1755,-24.612826793008104,-459.859489409525,404.780273728852,23.8765710414237
12345,1591.3585107690199,0,0,1758,15.920092170671598,-531.0,330.501709526597,17.9367090717499
12346,1542.6658456841199,0,0,1761,-4.14642589888821,-459.85948940954,233.70000000000198,11.9717609925458
12347,1619.2256015130802,0,0,1764,-6.23648949091017,-265.499999999997,120.972021680917,5.99006932306745
12348,1758.36038987148,0,0,1767,-8.63961012852419,1.2492092621027698e-11,-5.49793228914155e-12,1.37331892056384e-13
12349,1888.6925062584,0,0,1770,-19.8454027376084,265.499999999993,-120.97202168091499,-5.99006932306718
12350,2009.91430881549,0,0,1773,22.7265803984939,459.859489409537,-233.7,-11.971760992544901
12351,1990.78472756983,0,0,1776,32.2231461681611,531.0,-330.501709526586,-17.9367090717496
12352,1793.0843181879602,0,0,1779,-17.118326451317,459.859489409543,-404.780273728844,-23.876571041423396
12353,1567.46958302709,0,0,1782,1.22635370209305,265.500000000002,-451.47373120751,-29.783039467498497
12354,1309.0050105277,0,0,1785,27.052864147507602,-6.76759098566374e-12,-467.4,-35.6478536198017
12355,1063.5279001636,0,0,1788,33.964442396527296,-265.499999999988,-451.473731207512,-41.4628110254234
12356,813.2059259073039,0,0,1791,-65.9345320136866,-459.859489409534,-404.78027372884804,-47.219778940626895
12357,887.5423798642121,0,0,1794,7.95479511602952,-531.0,-330.5017095266,-52.9107057252172
12358,1062.52601519457,0,0,1797,17.613136707622303,-459.859489409546,-233.700000000007,-58.5276321034964
12359,1335.19198169315,0,0,1800,-14.273294329894199,-265.500000000007,-120.972021680922,-64.0627022960224
12360,1773.6356627263897,0,0,1803,40.1438377330211,1.04308935029982e-12,4.59077177335344e-13,-69.5081750066327
12361,2176.9710505829103,0,0,1806,59.3554631513267,265.500000000009,120.972021680923,-74.8564342493444
12362,2448.07390873719,0,0,1809,25.6144193276618,459.859489409531,233.69999999999598,-80.0999999999998
12363,2603.8960033035996,0,0,1812,15.6258324347698,531.0,330.501709526592,-85.2315386577567
12364,2575.61796500388,0,0,1815,-13.777924832719199,459.859489409548,404.780273728842,-90.243873301792
12365,2504.01831130865,0,0,1818,64.1745738300031,265.500000000012,451.473731207509,-95.1299937288751
12366,2257.27627017823,0,0,1821,68.759336435997,4.681412285064099e-12,467.4,-99.8830662577688
12367,1869.01448645809,0,0,1824,-36.4628014626639,-265.500000000004,451.47373120751,-104.49644328675501
12368,1585.33119254076,0,0,1827,-77.625919187659,-459.85948940952903,404.78027372885003,-108.963672590901
12369,1511.48495155065,0,0,1830,-4.73825162985606,-531.0,330.501709526595,-113.278506346085
12370,1481.90104692293,0,0,1833,-7.5045538003914904,-459.85948940953597,233.69999999999902,-117.434909867138
12371,1616.8404718334302,0,0,1836,46.795520200420704,-265.500000000017,120.97202168092699,-121.427070047901
12372,1744.48759003681,0,0,1839,30.736993528189803,-1.0405913920428e-11,4.57977793447087e-12,-125.249403491378
12373,1875.4416195406898,0,0,1842,17.8102055402332,265.49999999999903,-120.972021680918,-128.89656431862
12374,1936.6409177270398,0,0,1845,-2.15512003707591,459.859489409541,-233.700000000003,-132.363451645422
12375,1926.78619389105,0,0,1848,13.9331201340101,531.0,-330.501709526588,-135.645216716371
12376,1811.5930992117399,0,0,1851,44.2511532173135,459.85948940953904,-404.780273728846,-138.73726968626698
12377,1510.14635513604,0,0,1854,-16.2446276170313,265.500000000022,-451.473731207508,-141.635286039438
12378,1248.54546972327,0,0,1857,3.28068236122356,1.6130415555792e-11,-467.4,-144.335212637968
12379,967.635467834488,0,0,1860,-28.5575275676364,-265.49999999999403,-451.473731207511,-146.83327339036998
12380,861.911029925549,0,0,1863,12.6767675967346,-459.85948940953796,-404.780273728846,-149.125974532802
12381,899.241788092801,0,0,1866,45.95360713479,-531.0,-330.501709526589,-151.2101095154
12382,1021.24403017771,0,0,1869,-1.11371692580764,-459.859489409542,-233.700000000004,-153.08276348694
12383,1338.3078872192698,0,0,1872,7.521226271702349,-265.50000000000097,-120.972021680919,-154.741317371509
12384,1697.16560900018,0,0,1875,-21.650939468259896,-2.1854917191155897e-11,-9.61863304627708e-12,-156.183451531528
12385,2114.82039912501,0,0,1878,7.75552645607583,265.49999999998903,120.97202168091299,-157.407149011973
12386,2396.25342718423,0,0,1881,-19.8953638640421,459.859489409535,233.69999999999902,-158.41069836126601
12387,2649.0116237972197,0,0,1884,62.7026102955233,531.0,330.501709526594,-159.192696024897
12388,2598.32601948946,0,0,1887,6.4383046594991695,459.859489409545,404.780273728843,-159.752048308425
12389,2496.01629379818,0,0,1890,49.1305354977635,265.50000000000597,451.47373120751,-160.087972907101
12390,2236.96523131421,0,0,1893,36.76523131421,-2.6044365885692596e-12,467.4,-160.2
12391,1884.18787519124,0,0,1896,-37.6978831091879,-265.499999999984,451.47373120751297,-160.087972907101
12392,1658.6370416829097,0,0,1899,-25.531694327984802,-459.859489409532,404.780273728849,-159.752048308425
12393,1568.75000569675,0,0,1902,26.440992195059902,-531.0,330.501709526592,-159.192696024897
12394,1512.2952098771802,0,0,1905,-8.134602352016321,-459.859489409533,233.69999999999698,-158.41069836126601
12395,1598.93571214072,0,0,1908,-7.12916052821583,-265.50000000001097,120.972021680923,-157.407149011973
12396,1792.8866180201198,0,0,1911,38.07006955164629,-3.1200650467946602e-12,1.37318117031245e-12,-156.183451531528
12397,1871.3807972727102,0,0,1914,-32.4058636748523,265.49999999997897,-120.972021680908,-154.741317371509
12398,1924.92709215871,0,0,1917,-65.1496337638894,459.85948940952903,-233.69999999999402,-153.08276348694
12399,1994.78075139746,0,0,1920,25.4925704394467,531.0,-330.50170952659,-151.210109515401
12400,1855.58588881606,0,0,1923,26.632647668175803,459.859489409535,-404.78027372884696,-149.125974532802
12401,1562.86321345675,0,0,1926,-30.329781945356103,265.49999999998903,-451.473731207512,-146.83327339036998
12402,1293.37396072461,0,0,1929,-23.890826637431804,8.84456668215858e-12,-467.4,-144.335212637968
12403,1011.15948826275,0,0,1932,-62.2314944902999,-265.5,-451.47373120751,-141.635286039438
12404,919.581229620212,0,0,1935,-12.041737555142902,-459.859489409527,-404.780273728851,-138.73726968626698
12405,953.6004618446741,0,0,1938,12.7473880876409,-531.0,-330.501709526596,-135.645216716371
12406,1085.7645926372302,0,0,1941,-29.3124663078077,-459.85948940953796,-233.70000000000098,-132.363451645422
12407,1433.4648066002699,0,0,1944,4.83339259979877,-265.49999999999403,-120.97202168091499,-128.89656431862
12408,1785.91852149422,0,0,1947,-35.8320750143843,-1.45690683175225e-11,-6.41203628211866e-12,-125.249403491378
12409,2233.0765337624202,0,0,1950,18.03158212941,265.499999999995,120.972021680916,-121.42707004790199
12410,2524.3728896313,0,0,1953,-4.75168991107724,459.859489409524,233.69999999999,-117.434909867138
12411,2670.7251066991003,0,0,1956,-33.498096481404296,531.0,330.501709526587,-113.278506346085
12412,2694.64787202543,0,0,1959,-20.0282185220524,459.859489409541,404.780273728845,-108.96367259090201
12413,2606.31732676577,0,0,1962,31.8400388450172,265.49999999999903,451.473731207511,-104.49644328675501
12414,2343.7512655661,0,0,1965,11.234331823877401,-9.89028546220263e-12,467.4,-99.88306625776899
12415,2076.66705894359,0,0,1968,17.823321464945,-265.49999999999,451.473731207512,-95.12999372887529
12416,1836.6917319761899,0,0,1971,11.014820958649599,-459.859489409521,404.780273728854,-90.2438733017927
12417,1674.7537631207501,0,0,1974,-13.5164077480815,-531.0,330.50170952659,-85.23153865775691
12418,1664.91692581496,0,0,1977,-5.82358477550593,-459.859489409544,233.700000000005,-80.1000000000001
12419,1783.5217791811199,0,0,1980,22.906191749552,-265.500000000004,120.97202168092,-74.8564342493446
12420,1976.1420917325,0,0,1983,62.650266739144605,-2.60180715882504e-11,1.14508913939249e-11,-69.50817500663351
12421,2023.4262354440698,0,0,1986,-43.0390405789974,265.50000000001097,-120.972021680924,-64.0627022960227
12422,2200.2567572320104,0,0,1989,43.624899925966304,459.859489409533,-233.69999999999698,-58.52763210349671
12423,2112.08087532757,0,0,1992,-27.5067094206247,531.0,-330.501709526583,-52.91070572521811
12424,2029.30485219368,0,0,1995,26.4454154536203,459.859489409532,-404.780273728849,-47.219778940626604
12425,1709.6732777796801,0,0,1998,-60.8901799873991,265.500000000009,-451.473731207509,-41.462811025423704
12426,1411.8983113904,0,0,2001,-86.0538349897946,1.5587178085252198e-12,-467.4,-35.647853619802
12427,1265.02371293744,0,0,2004,7.78048361243742,-265.49999999998,-451.47373120751297,-29.7830394674994
12428,1141.77204259694,0,0,2007,23.2883767767517,-459.859489409545,-404.780273728843,-23.8765710414231
12429,1170.35490621527,0,0,2010,39.7933248136113,-531.0,-330.501709526594,-17.9367090717499
12430,1269.40420460068,0,0,2013,-38.0645449972105,-459.85948940955,-233.70000000001,-11.9717609925452
12431,1617.0868395955201,0,0,2016,-6.45106940047383,-265.500000000014,-120.97202168092501,-5.990069323068041
12432,2022.84408207874,0,0,2019,3.84408207875168,-7.28321944388914e-12,-3.2054395179602498e-12,-1.56950733778725e-13
12433,2433.18848598908,0,0,2022,18.7263949850897,265.500000000002,120.972021680919,5.99006932306716
12434,2709.6244089050197,0,0,2025,-20.9068414970403,459.859489409527,233.69999999999297,11.971760992544901
12435,2875.63583566928,0,0,2028,-31.802582929065498,531.0,330.50170952659903,17.9367090717502
12436,2914.42081518245,0,0,2031,-5.09551899735467,459.859489409537,404.780273728846,23.876571041423396
12437,2779.86437587038,0,0,2034,-0.8923948046472859,265.500000000019,451.473731207508,29.783039467498497
12438,2586.4856769101602,0,0,2037,46.437823290349996,1.30077210792531e-11,467.4,35.647853619801104
12439,2305.8391827993696,0,0,2040,38.402640566429895,-265.499999999997,451.473731207511,41.462811025423896
12440,2004.3257769329398,0,0,2043,-30.814786326991896,-459.85948940953904,404.780273728845,47.219778940626895
12441,1872.39710777047,0,0,2046,-26.015307481346998,-531.0,330.501709526597,52.9107057252172
12442,1947.62881443784,0,0,2049,66.2606717438905,-459.85948940955495,233.700000000014,58.527632103495904
12443,1960.4990020756698,0,0,2052,-11.0357219012721,-265.499999999998,120.972021680917,64.0627022960224
12444,2136.6503406803895,0,0,2055,12.1421656737658,-1.8732222714617e-11,8.24429462976646e-12,69.5081750066327
12445,2242.47359908526,0,0,2058,-34.91081348316,265.499999999992,-120.972021680914,74.8564342493443
12446,2396.65663534142,0,0,2061,29.397145931879802,459.859489409537,-233.7,80.10000000000029
12447,2385.69969711234,0,0,2064,35.9698679811771,531.0,-330.501709526595,85.2315386577566
12448,2230.66034363496,0,0,2067,18.3372546524735,459.859489409543,-404.780273728844,90.243873301792
12449,1996.2403159336397,0,0,2070,17.084053412241,265.500000000029,-451.473731207507,95.12999372887458
12450,1667.02018039155,0,0,2073,-38.462885866209895,-5.727131065108151e-12,-467.4,99.8830662577692
12451,1563.6942001488198,0,0,2076,100.171488069566,-265.499999999987,-451.473731207512,104.49644328675501
12452,1299.83695525908,0,0,2079,-23.486954193443104,-459.859489409534,-404.78027372884804,108.963672590901
12453,1364.98077649431,0,0,2082,31.203979674829302,-531.0,-330.50170952660096,113.278506346084
12454,1477.21935782337,0,0,2085,-31.6560626342375,-459.859489409531,-233.69999999999501,117.434909867138
12455,1834.3876215879998,0,0,2088,11.4325732210308,-265.500000000008,-120.972021680922,121.427070047901
12456,2222.27746829363,0,0,2091,6.02806480229078,-3.0181225985344805e-11,-1.32831497415727e-11,125.249403491378
12457,2600.4631632735395,0,0,2094,-8.90542272600982,265.500000000008,120.972021680922,128.89656431862
12458,2878.82450797241,0,0,2097,-44.098433082534704,459.859489409531,233.69999999999501,132.363451645422
12459,3098.06599548062,0,0,2100,0.9190692376589259,531.0,330.501709526591,135.645216716371
12460,3109.15194319906,0,0,2103,2.7749103744051897,459.85948940954904,404.780273728841,138.73726968626698
12461,2983.1223250851,0,0,2106,18.5133078381652,265.499999999987,451.473731207512,141.635286039439
12462,2704.48437277287,0,0,2109,-16.2508398650985,5.7218722056197e-12,467.4,144.335212637968
12463,2430.19740080706,0,0,2112,-14.609603790851299,-265.499999999977,451.47373120751405,146.83327339036998
12464,2211.47859335674,0,0,2115,2.4318345046155696,-459.85948940952795,404.780273728851,149.125974532801
12465,2078.7674171130802,0,0,2118,10.0555980710812,-531.0,330.501709526595,151.2101095154
12466,2058.27519416203,0,0,2121,10.351920084625,-459.859489409537,233.7,153.08276348694
12467,2140.1333576457,0,0,2124,5.92001859328557,-265.500000000018,120.97202168092699,154.741317371509
12468,2291.9458625856896,0,0,2127,8.76241105414703,1.87374815741054e-11,-8.24660912216279e-12,156.183451531528
12469,2439.51456856405,0,0,2130,7.57944123299919,265.499999999998,-120.972021680917,157.407149011973
12470,2474.97475366575,0,0,2133,-42.5954341050506,459.859489409525,-233.699999999991,158.41069836126601
12471,2512.00496926259,0,0,2136,16.3139827642772,531.0,-330.501709526588,159.192696024897
12472,2366.05970464095,0,0,2139,12.228440651827299,459.85948940953904,-404.780273728845,159.752048308425
12473,2110.23309464768,0,0,2142,-5.881147051905169,265.499999999997,-451.473731207511,160.087972907101
12474,1839.22912076561,0,0,2145,1.4291207655898202,1.71708754763475e-11,-467.4,160.2
12475,1637.25012861942,0,0,2148,46.1358869198469,-265.500000000019,-451.473731207508,160.087972907101
12476,1401.68474419526,0,0,2151,-44.427540974785,-459.859489409537,-404.780273728846,159.752048308425
12477,1415.4414101921698,0,0,2154,-36.2495763061281,-531.0,-330.50170952659903,159.192696024897
12478,1590.24637116161,0,0,2157,-31.604837790106398,-459.859489409542,-233.700000000004,158.41069836126601
12479,1934.82996779559,0,0,2160,3.89484046453571,-265.500000000002,-120.972021680919,157.407149011973
12480,2291.41667412654,0,0,2163,-27.7667774050022,7.288478303377589e-12,3.2077540103565798e-12,156.183451531528
12481,2703.93575784007,0,0,2166,-3.27758121233442,265.499999999988,120.972021680912,154.741317371509
12482,3029.65273581359,0,0,2169,14.010482917141301,459.85948940951897,233.699999999987,153.08276348694
12483,3247.25991128021,0,0,2172,62.5480922382117,531.0,330.501709526594,151.2101095154
12484,3223.3749930771,0,0,2175,34.609255405908996,459.859489409545,404.780273728843,149.125974532802
12485,3005.74698248336,0,0,2178,-36.060022114530895,265.50000000000597,451.47373120751,146.83327339036998
12486,2786.47757374477,0,0,2181,-6.2576388931916,-1.56397666801367e-12,467.4,144.335212637967
12487,2494.88824526568,0,0,2184,-16.7207719812587,-265.500000000009,451.473731207509,141.635286039438
12488,2244.5770082394397,0,0,2187,-26.0810457661403,-459.859489409532,404.780273728849,138.73726968626698
12489,2148.56332490627,0,0,2190,23.4163986632946,-531.0,330.501709526602,135.645216716371
12490,2095.23814982524,0,0,2193,-3.9658124106463903,-459.859489409533,233.69999999999698,132.363451645422
12491,2199.95259160374,0,0,2196,19.5840056042059,-265.50000000001097,120.972021680924,128.89656431862
12492,2319.71119587754,0,0,2199,-4.53820761383989,-4.16052496735025e-12,1.83110110144963e-12,125.249403491378
12493,2443.12035053985,0,0,2202,-24.8346978271245,265.499999999978,-120.972021680907,121.42707004790199
12494,2582.1284610783105,0,0,2205,33.5340618016296,459.859489409544,-233.700000000005,117.434909867138
12495,2589.7742231615102,0,0,2208,67.9974263420115,531.0,-330.50170952659,113.278506346085
12496,2370.31429123384,0,0,2211,-4.7285970377730004,459.85948940955103,-404.78027372884003,108.96367259090201
12497,2079.70871301654,0,0,2214,-52.8139990626887,265.49999999999,-451.473731207512,104.49644328675501
12498,1870.7867397875698,0,0,2217,21.3036735297926,9.88502660271417e-12,-467.4,99.88306625776899
12499,1579.60649733521,0,0,2220,-18.5497651861545,-265.49999999999903,-451.473731207511,95.12999372887529
12500,1438.33482312202,0,0,2223,-10.269287041392198,-459.85948940952596,-404.780273728851,90.2438733017927
12501,1469.40685793441,0,0,2226,19.6770288032356,-531.0,-330.501709526587,85.23153865775691
12502,1649.1979124037,0,0,2229,33.657401813236106,-459.85948940953904,-233.70000000000098,80.1000000000001
12503,1889.4955556102398,0,0,2232,-30.8888569581559,-265.50000000002103,-120.97202168092899,74.8564342493446
12504,2283.5478414837603,0,0,2235,-20.960333522851,-1.56095282380781e-11,-6.869956213255839e-12,69.50817500663351
12505,2696.88505168846,0,0,2238,8.350327711524251,265.49999999999403,120.97202168091499,64.06270229602221
12506,3029.08255181756,0,0,2241,35.9954303045197,459.85948940953796,233.70000000000098,58.52763210349671
12507,3174.40320773489,0,0,2244,15.990792483089301,531.0,330.501709526587,52.91070572521811
12508,3126.1940060558,0,0,2247,-32.6655360232047,459.859489409527,404.780273728851,47.21977894062671
12509,2945.3187156989397,0,0,2250,-63.11782653399901,265.5,451.47373120751,41.462811025423704
12510,2752.3266526923803,0,0,2253,-3.7212009274430002,2.1334029873442002e-11,467.4,35.647853619802
12511,2483.74174474143,0,0,2256,11.984974066403,-265.49999999998903,451.473731207512,29.7830394674994
12512,2173.58594259538,0,0,2259,-54.211412765354204,-459.859489409535,404.78027372884696,23.8765710414231
12513,2055.22700779401,0,0,2262,-24.211410804326896,-531.0,330.50170952659,17.93670907175
12514,2076.47799079972,0,0,2265,25.665719216712304,-459.859489409544,233.70000000000599,11.9717609925452
12515,2138.3048394160996,0,0,2268,8.842748412130462,-265.50000000003104,120.97202168093399,5.9900693230680595
12516,2290.24418968365,0,0,2271,19.2441896836443,3.1253239062831097e-12,-1.37549566270878e-12,1.76569575501065e-13
12517,2414.9702519066395,0,0,2274,2.43234291063309,265.499999999984,-120.97202168091101,-5.990069323067139
12518,2430.47999771408,0,0,2277,-60.7077307029136,459.859489409533,-233.69999999999698,-11.971760992544901
12519,2424.22397297015,0,0,2280,-38.3376084315045,531.0,-330.501709526592,-17.9367090717502
12520,2318.12645405606,0,0,2283,3.92380941679555,459.859489409532,-404.780273728849,-23.8765710414233
12521,2028.75146969823,0,0,2286,-41.4917596267726,265.50000000001,-451.473731207509,-29.783039467498497
12522,1823.9996847276398,0,0,2289,38.047538347404206,3.27830331441699e-11,-467.4,-35.647853619801104
12523,1546.58962957322,0,0,2292,13.026171806162901,-265.50000000000597,-451.47373120751,-41.462811025423896
12524,1402.2671151971201,0,0,2295,19.1266572761307,-459.85948940952994,-404.78027372885003,-47.219778940626895
12525,1371.68503902442,0,0,2298,-11.9025457237663,-531.0,-330.501709526594,-52.9107057252172
12526,1599.14931024365,0,0,2301,50.2364317567068,-459.85948940955,-233.70000000001,-58.527632103495904
12527,1814.10845143235,0,0,2304,-39.3568245907276,-265.49999999998903,-120.97202168091299,-64.0627022960224
12528,2233.92163365463,0,0,2307,-3.5701913387242596,-8.32367936444473e-12,-3.66335944909743e-12,-69.5081750066326
12529,2625.99912596307,0,0,2310,4.38353853153248,265.499999999975,120.972021680906,-74.8564342493443
12530,2929.87943927784,0,0,2313,3.4199498682951,459.859489409542,233.700000000004,-80.10000000000029
12531,3093.6103598016803,0,0,2316,1.3401889328463799,531.0,330.501709526589,-85.23153865775708
12532,3109.04519981967,0,0,2319,15.649309983076801,459.85948940953796,404.780273728846,-90.2438733017919
12533,2966.97058067658,0,0,2322,23.1268431979248,265.50000000002,451.473731207508,-95.12999372887458
12534,2709.90029580706,0,0,2325,17.383362064844903,-1.61356744152804e-11,467.4,-99.8830662577692
12535,2441.7927405260198,0,0,2328,32.315452605259,-265.499999999996,451.473731207511,-104.49644328675501
12536,2114.17315694009,0,0,2331,-52.783954788341205,-459.859489409524,404.780273728852,-108.963672590901
12537,1984.81663772227,0,0,2334,-35.406565458243705,-531.0,330.501709526598,-113.278506346084
12538,1909.1319267215,0,0,2337,-84.27367400182649,-459.859489409541,233.700000000003,-117.434909867138
12539,2079.38979660515,0,0,2340,5.3448449721293,-265.49999999999903,120.972021680918,-121.427070047901
12540,2194.91718127285,0,0,2343,-22.8334152357569,-1.9772682635172603e-11,8.702214560903628e-12,-125.249403491378
12541,2319.13213327947,0,0,2346,-42.499280720996104,265.500000000017,-120.97202168092699,-128.89656431862
12542,2407.15634153065,0,0,2349,-35.6396962334655,459.85948940953597,-233.69999999999902,-132.363451645422
12543,2396.22791733429,0,0,2352,-20.6251564227573,531.0,-330.501709526585,-135.645216716371
12544,2312.16545087267,0,0,2355,40.823504878237,459.859489409544,-404.780273728844,-138.73726968626698
12545,1970.73190045439,0,0,2358,-59.6590822986631,265.500000000004,-451.47373120751,-141.635286039439
12546,1704.5333195389599,0,0,2361,-44.7314678230723,-4.68667114455256e-12,-467.4,-144.335212637968
12547,1520.82154962381,0,0,2364,20.6285542216742,-265.499999999986,-451.473731207512,-146.83327339036998
12548,1315.1820417792098,0,0,2367,-38.052220549614795,-459.85948940951795,-404.780273728855,-149.125974532801
12549,1329.3492408767,0,0,2370,-27.938940081311898,-531.0,-330.501709526592,-151.2101095154
12550,1534.89222639385,0,0,2373,8.53447929034445,-459.85948940954694,-233.700000000007,-153.08276348694
12551,1864.0171732809301,0,0,2376,29.2305123333705,-265.500000000009,-120.972021680923,-154.741317371509
12552,2217.9952212480102,0,0,2379,-4.82132722045928,-1.03783049081136e-12,-4.56762684939013e-13,-156.183451531528
12553,2652.9709980325,0,0,2382,41.906125363541605,265.500000000007,120.972021680922,-157.407149011973
12554,2943.5039871300605,0,0,2385,23.3551960817955,459.85948940952994,233.69999999999501,-158.41069836126601
12555,3081.76026297556,0,0,2388,-8.54875052612262,531.0,330.501709526582,-159.192696024897
12556,3092.91119737091,0,0,2391,-2.9765174590478396,459.859489409534,404.78027372884804,-159.752048308425
12557,2963.53169382595,0,0,2394,12.6459355255285,265.500000000014,451.473731207509,-160.087972907101
12558,2646.81222747025,0,0,2397,-57.3877725297527,6.76233212617529e-12,467.4,-160.2
12559,2430.00887107544,0,0,2400,4.12311277499925,-265.499999999976,451.47373120751405,-160.087972907101
12560,2184.08427525585,0,0,2403,-4.08446075502822,-459.859489409543,404.780273728844,-159.752048308425
12561,2014.35410427031,0,0,2406,-31.954909231384,-531.0,330.501709526595,-159.192696024897
12562,1984.62834630575,0,0,2409,-39.8014659234428,-459.859489409552,233.700000000012,-158.41069836126601
12563,2089.00887480817,0,0,2412,-21.0559978607771,-265.499999999993,120.97202168091499,-157.407149011973
12564,2252.86081003333,0,0,2415,-5.9557384351311695,-1.24868337615392e-11,5.4956177967452195e-12,-156.183451531528
12565,2401.1324522116,0,0,2418,-6.65420873596882,265.499999999997,-120.972021680917,-154.741317371509
12566,2485.02223233436,0,0,2421,-9.054493588229949,459.859489409525,-233.699999999991,-153.08276348694
12567,2488.92406323265,0,0,2424,15.6358822746431,531.0,-330.501709526597,-151.2101095154
12568,2361.1096080219395,0,0,2427,28.1563668740425,459.85948940954,-404.780273728845,-149.125974532802
12569,2112.67399122106,0,0,2430,15.4809958189149,265.500000000024,-451.473731207507,-146.83327339036998
12570,1828.8044598136398,0,0,2433,7.539672451585259,1.82113353969031e-11,-467.4,-144.335212637968
12571,1567.5921429938,0,0,2436,-9.7988397592544,-265.499999999992,-451.473731207512,-141.635286039438
12572,1453.21401978804,0,0,2439,17.5910526126951,-459.859489409537,-404.78027372884696,-138.73726968626698
12573,1398.55651435459,0,0,2442,-46.296559402442895,-531.0,-330.50170952659903,-135.645216716371
12574,1621.1590629382501,0,0,2445,2.08200399319608,-459.85948940952795,-233.69999999999297,-132.363451645422
12575,1925.5016705880603,0,0,2448,-7.129743412394411,-265.500000000003,-120.972021680919,-128.89656431862
12576,2368.74906938512,0,0,2451,42.9984728765331,-2.3935837032267102e-11,-1.05344729085514e-11,-125.249403491378
12577,2756.5562152239504,0,0,2454,37.511263590950705,265.499999999987,120.972021680912,-121.42707004790199
12578,3037.59589049992,0,0,2457,4.47131095752775,459.859489409534,233.69999999999803,-117.434909867138
12579,3228.7312454510698,0,0,2460,20.5080422705621,531.0,330.501709526593,-113.278506346085
12580,3191.74506065278,0,0,2463,-26.931029894707603,459.859489409546,404.780273728843,-108.96367259090201
12581,3122.6731077213,0,0,2466,44.1958198005142,265.500000000034,451.47373120750603,-104.49644328675501
12582,2888.6115184750106,0,0,2469,52.0945847327807,-5.235167474580801e-13,467.4,-99.88306625776899
12583,2529.5926112204997,0,0,2472,-33.2511262581572,-265.499999999982,451.47373120751297,-95.12999372887491
12584,2343.89530310307,0,0,2475,14.218392085546999,-459.859489409531,404.780273728849,-90.2438733017927
12585,2187.58310927979,0,0,2478,-4.68706158904765,-531.0,330.501709526593,-85.23153865775691
12586,2156.31976451304,0,0,2481,-18.420746077424397,-459.859489409534,233.69999999999698,-80.1000000000001
12587,2274.35620958272,0,0,2484,9.74062215115391,-265.500000000012,120.972021680924,-74.8564342493447
12588,2372.74428635482,0,0,2487,-44.7475386385305,-3.53848403029949e-11,1.55733280203576e-11,-69.50817500663351
12589,2582.64843996861,0,0,2490,12.183163945543802,265.500000000003,-120.97202168092,-64.06270229602221
12590,2687.67095610181,0,0,2493,27.039098795770197,459.85948940952795,-233.69999999999297,-58.52763210349671
12591,2633.4200583779602,0,0,2496,-10.167526370232402,531.0,-330.50170952659,-52.91070572521811
12592,2455.80140388472,0,0,2499,-51.058032855341,459.85948940953597,-404.78027372884696,-47.21977894062671
12593,2321.43338785499,0,0,2502,46.86993008793839,265.499999999991,-451.473731207512,-41.462811025423704
12594,1983.9235635761,0,0,2505,-18.0285828041073,1.0925486523269801e-11,-467.4,-35.647853619802
12595,1829.0374384880104,0,0,2508,67.7942091630004,-265.499999999972,-451.47373120751405,-29.7830394674994
12596,1520.39517521918,0,0,2511,-102.088490601016,-459.859489409541,-404.780273728845,-23.8765710414231
12597,1648.1426776036099,0,0,2514,13.5810962019536,-531.0,-330.501709526597,-17.93670907175
12598,1840.92141065915,0,0,2517,29.4526610612338,-459.85948940953904,-233.70000000000198,-11.971760992545303
12599,2119.0713700023102,0,0,2520,-8.46653899367384,-265.500000000022,-120.97202168092899,-5.99006932306808
12600,2509.05761966606,0,0,2523,-13.942380333959001,1.35338672564554e-11,5.956430843377809e-12,-1.96188417223406e-13
12601,2963.67578519346,0,0,2526,45.2136941894868,265.499999999993,120.97202168091499,5.990069323067121
12602,3253.9773740753003,0,0,2529,19.4461236732385,459.859489409523,233.69999999998902,11.971760992544901
12603,3405.6944477530396,0,0,2532,-5.74397084530871,531.0,330.501709526596,17.9367090717501
12604,3451.4826495507896,0,0,2535,27.9663153709767,459.859489409542,404.780273728844,23.8765710414233
12605,3283.01422794532,0,0,2538,-1.74254272968979,265.50000000000097,451.47373120751,29.783039467498497
12606,3000.18185890924,0,0,2541,-43.8659947105803,2.2374489793997602e-11,467.4,35.647853619801104
12607,2766.9535181216997,0,0,2544,-4.48302411121504,-265.500000000015,451.473731207509,41.462811025423896
12608,2498.48961805631,0,0,2547,-40.6509452036271,-459.859489409535,404.78027372884804,47.219778940626796
12609,2367.89217896934,0,0,2550,-34.5202362824821,-531.0,330.5017095266,52.9107057252177
12610,2314.5615414164004,0,0,2553,-70.80660127755291,-459.859489409545,233.70000000000599,58.5276321034958
12611,2485.83969823453,0,0,2556,10.3049742575885,-265.50000000000597,120.972021680921,64.0627022960224
12612,2685.30655686458,0,0,2559,56.798381857947,2.08486398572752e-12,-9.17575731571605e-13,69.5081750066326
12613,2802.25798691716,0,0,2562,20.8735743487433,265.499999999984,-120.97202168091002,74.8564342493443
12614,2929.99549848021,0,0,2565,58.736009070670605,459.85948940954694,-233.700000000008,80.1000000000002
12615,2856.11750383305,0,0,2568,2.38767470188578,531.0,-330.501709526592,85.23153865775708
12616,2736.93168849465,0,0,2571,20.6085995121543,459.859489409548,-404.780273728842,90.2438733017924
12617,2477.63976222273,0,0,2574,-5.51650029865022,265.50000000001097,-451.473731207509,95.12999372887458
12618,2197.5122421598603,0,0,2577,-11.970824097911501,3.6396376496364e-12,-467.4,99.8830662577692
12619,1966.7967479001898,0,0,2580,-0.7259641790461329,-265.500000000005,-451.47373120751,104.49644328675501
12620,1846.40880129513,0,0,2583,19.0848918426041,-459.85948940952903,-404.78027372885003,108.963672590901
12621,1831.3357143195499,0,0,2586,-6.44108249993569,-531.0,-330.50170952660403,113.278506346084
12622,2016.1224896387198,0,0,2589,3.24706918111202,-459.85948940953597,-233.69999999999902,117.434909867138
12623,2275.7382094180202,0,0,2592,-51.216838948942296,-265.500000000016,-120.972021680926,121.427070047901
12624,2714.5391418731,0,0,2595,-5.7102616182636705,-9.364139285000321e-12,-4.1212793802346005e-12,125.249403491378
12625,3122.50794129892,0,0,2598,9.139355299378561,265.5,120.972021680918,128.89656431862
12626,3448.20596581484,0,0,2601,21.2830247598752,459.859489409541,233.700000000003,132.363451645422
12627,3627.6268194696704,0,0,2604,26.479893226710402,531.0,330.501709526589,135.645216716371
12628,3600.1621149115795,0,0,2607,-10.2149179130753,459.859489409554,404.78027372883906,138.73726968626698
12629,3490.7251157525898,0,0,2610,22.116098505641197,265.499999999995,451.473731207511,141.635286039439
12630,3236.84295147223,0,0,2613,12.1077388342521,1.5088640920364198e-11,467.4,144.335212637967
12631,2961.16444109961,0,0,2616,12.357436501725301,-265.499999999995,451.473731207511,146.83327339036998
12632,2698.4949330339,0,0,2619,-14.551825818233098,-459.859489409523,404.780273728853,149.125974532801
12633,2582.3138484117003,0,0,2622,9.60202936971565,-531.0,330.501709526589,151.2101095154
12634,2533.59401367984,0,0,2625,-18.329260397562102,-459.859489409541,233.700000000003,153.08276348694
12635,2676.03327741358,0,0,2628,37.819938361161796,-265.50000000002603,120.972021680931,154.741317371509
12636,2792.71427812615,0,0,2631,5.53082659461864,9.370712859360891e-12,-4.124172495730019e-12,156.183451531528
12637,2872.60420028125,0,0,2634,-63.3309270497983,265.49999999999,-120.97202168091299,157.407149011973
12638,4536.09332225,1,0,2637,-34.178771802562196,459.85948940953597,-233.69999999999902,158.41069836126601
12639,2998.1581534727698,0,0,2640,-1.5328330255379399,531.0,-330.501709526585,159.192696024897
12640,2918.3602455389,0,0,2643,60.5289815497972,459.85948940952903,-404.78027372885003,159.752048308425
12641,2716.75520401632,0,0,2646,96.6409623167273,265.500000000005,-451.47373120751,160.087972907101
12642,2331.84387024439,0,0,2649,-9.95612975563311,2.6537644191092102e-11,-467.4,160.2
12643,2071.52729790506,0,0,2652,-23.5869437945466,-265.499999999985,-451.473731207512,160.087972907101
12644,1957.9255016796499,0,0,2655,7.8132165096055,-459.859489409533,-404.78027372884804,159.752048308425
12645,1933.3228527103302,0,0,2658,-22.368133787975697,-531.0,-330.501709526592,159.192696024898
12646,2187.9826616485198,0,0,2661,62.1314526968081,-459.85948940954694,-233.700000000008,158.41069836126601
12647,2414.90540552518,0,0,2664,-20.029721805901,-265.499999999984,-120.97202168091002,157.407149011973
12648,2810.66537347847,0,0,2667,-12.518078053052099,-2.07829041136696e-12,-9.14682616076191e-13,156.183451531528
12649,3233.38484582169,0,0,2670,22.1715067692899,265.49999999998,120.972021680908,154.741317371509
12650,3560.73882602739,0,0,2673,41.0965731309219,459.85948940952994,233.69999999999501,153.08276348694
12651,3643.5552184853796,0,0,2676,-45.1566005566113,531.0,330.501709526591,151.2101095154
12652,3684.75932025669,0,0,2679,-8.00641741449173,459.859489409535,404.78027372884804,149.125974532802
12653,3563.3092547240703,0,0,2682,17.5022501261753,265.500000000015,451.473731207509,146.83327339036998
12654,3361.94282770958,0,0,2685,65.2076150715779,3.79866474618199e-11,467.4,144.335212637968
12655,3034.5097009521696,0,0,2688,18.9006837052265,-265.50000000000097,451.47373120751,141.635286039438
12656,2777.89318598605,0,0,2691,3.2351319804561203,-459.859489409527,404.780273728851,138.73726968626698
12657,2658.8180094630397,0,0,2694,29.6710832200716,-531.0,330.501709526596,135.645216716371
12658,2574.6783996236,0,0,2697,-28.5255626122894,-459.85948940953796,233.70000000000098,132.363451645422
12659,2642.13740940209,0,0,2700,-42.231176597456205,-265.499999999993,120.97202168091499,128.89656431862
12660,2784.9450473275606,0,0,2703,-43.3043561638145,-1.35272936820948e-11,5.9535377278824e-12,125.249403491379
12661,2994.4109777321996,0,0,2706,22.455929365227,265.49999999997004,-120.972021680904,121.42707004790199
12662,3034.22359602281,0,0,2709,-18.370803253863603,459.85948940953904,-233.70000000000198,117.434909867138
12663,3041.76880859815,0,0,2712,15.992011778655801,531.0,-330.501709526587,113.278506346085
12664,2944.13743863623,0,0,2715,65.0945503646342,459.859489409541,-404.780273728845,108.963672590901
12665,2665.38020387182,0,0,2718,28.8574917925515,265.500000000025,-451.473731207507,104.49644328675501
12666,2375.51237557684,0,0,2721,22.0293093190837,-1.09320600976303e-11,-467.4,99.88306625776899
12667,2129.5866879476002,0,0,2724,27.4304254262272,-265.499999999991,-451.473731207512,95.1299937288754
12668,1950.4344146148603,0,0,2727,-2.16969554855714,-459.859489409521,-404.780273728854,90.24387330179229
12669,1968.16833818829,0,0,2730,14.438509057122,-531.0,-330.50170952659,85.2315386577565
12670,2068.96992363929,0,0,2733,-50.570586951162994,-459.859489409543,-233.700000000005,80.1000000000001
12671,2419.4684285662397,0,0,2736,-4.9159840021867405,-265.500000000003,-120.97202168092,74.85643424934521
12672,2768.0266210831105,0,0,2739,-40.4815539234877,-2.49762969528226e-11,-1.09923928396886e-11,69.508175006633
12673,3163.27128395403,0,0,2742,-29.263440022931498,265.500000000012,120.972021680924,64.06270229602221
12674,3516.70228651298,0,0,2745,19.6151649999568,459.859489409534,233.69999999999698,58.5276321034968
12675,3652.8521307505703,0,0,2748,-9.56028450122807,531.0,330.501709526584,52.9107057252186
12676,3677.17213289752,0,0,2751,14.3125908185061,459.859489409546,404.780273728842,47.2197789406272
12677,3517.5882641635603,0,0,2754,5.15172193061506,265.500000000008,451.473731207509,41.462811025423704
12678,3249.4449952466102,0,0,2757,-10.602858373196,5.16943173097511e-13,467.4,35.647853619802
12679,2947.3234459565197,0,0,2760,-28.4333247185058,-265.499999999981,451.47373120751297,29.7830394674989
12680,2769.82305099209,0,0,2763,38.0256956313725,-459.859489409546,404.780273728843,23.8765710414226
12681,2573.54972233055,0,0,2766,-9.888696267798029,-531.0,330.501709526593,17.93670907175
12682,2531.88823318021,0,0,2769,-22.9240384028006,-459.85948940954904,233.700000000009,11.971760992545901
12683,2668.4354102429197,0,0,2772,34.973319238941606,-265.500000000013,120.97202168092501,5.99006932306753
12684,2778.2452512301,0,0,2775,3.2452512301044703,-6.24144480846143e-12,2.7469409637239904e-12,-3.53337472398094e-13
12685,2892.0025281875396,0,0,2778,-24.535380808471604,265.500000000003,-120.972021680919,-5.9900693230671
12686,2958.77692704851,0,0,2781,-36.410801368482794,459.85948940952795,-233.69999999999297,-11.9717609925443
12687,2976.46124512005,0,0,2784,9.89966371837936,531.0,-330.50170952658,-17.9367090717496
12688,2814.56900288282,0,0,2787,-3.63364175644407,459.859489409537,-404.78027372884696,-23.8765710414233
12689,2550.1325456701197,0,0,2790,-24.1106836548948,265.500000000018,-451.473731207508,-29.783039467498497
12690,2289.6352282480498,0,0,2793,-0.31691813215526504,1.19659464438254e-11,-467.4,-35.6478536198016
12691,2061.80628778508,0,0,2796,24.242830018015102,-265.499999999997,-451.473731207511,-41.4628110254244
12692,1884.9092674040398,0,0,2799,-2.23119051694363,-459.85948940954,-404.780273728845,-47.219778940626796
12693,1939.2231804794799,0,0,2802,51.635595731297904,-531.0,-330.501709526597,-52.9107057252172
12694,2089.11486263965,0,0,2805,36.201984152717706,-459.85948940955495,-233.700000000014,-58.5276321034964
12695,2344.50483438008,0,0,2808,-12.9604416429791,-265.499999999997,-120.972021680917,-64.0627022960229
12696,2730.49203782225,0,0,2811,-10.9997871710918,-1.76904480791893e-11,-7.7857960755302e-12,-69.5081750066326
12697,3106.2000788255395,0,0,2814,-19.4155086060283,265.499999999993,120.97202168091499,-74.85643424934379
12698,3409.01547796524,0,0,2817,-21.444011444273,459.85948940952204,233.69999999998902,-80.09999999999971
12699,3599.7149439863106,0,0,2820,3.44477311747016,531.0,330.501709526595,-85.23153865775708
12700,3650.30109313901,0,0,2823,52.9052033024189,459.859489409543,404.780273728844,-90.2438733017919
12701,3439.19018301807,0,0,2826,-8.65355446058841,265.500000000028,451.473731207507,-95.1299937288741
12702,3231.8603662470696,0,0,2829,35.3434325048513,-6.7689057005358495e-12,467.4,-99.88306625776958
12703,2894.17538058231,0,0,2832,-19.3019073384602,-265.499999999988,451.473731207512,-104.49644328675501
12704,2667.50466077957,0,0,2835,-3.45245094883842,-459.859489409534,404.78027372884804,-108.963672590901
12705,2586.0759372331304,0,0,2838,61.8527340526181,-531.0,330.5017095266,-113.278506346085
12706,2440.62492572471,0,0,2841,-56.7806749986204,-459.85948940952994,233.69999999999501,-117.434909867138
12707,2599.05834129498,0,0,2844,21.0133896619706,-265.500000000007,120.972021680922,-121.427070047901
12708,2724.02177455158,0,0,2847,2.2711780429781,-2.91394513499171e-11,1.28246511873364e-11,-125.249403491378
12709,2905.52306240865,0,0,2850,39.8916484081967,265.499999999983,-120.97202168091002,-128.89656431862
12710,2920.52248181084,0,0,2853,-26.273555953275,459.859489409531,-233.69999999999598,-132.363451645423
12711,2920.14762676495,0,0,2856,-0.7054469920857991,531.0,-330.501709526592,-135.645216716371
12712,2763.86438721854,0,0,2859,-11.4775587759004,459.859489409548,-404.780273728842,-138.73726968626698
12713,2505.5989495399804,0,0,2862,-28.7920332130555,265.499999999986,-451.473731207512,-141.635286039439
12714,2245.24174498725,0,0,2865,-8.023042374786732,4.68009757019199e-12,-467.4,-144.335212637968
12715,2058.1684721728,0,0,2868,53.97547677065911,-265.499999999978,-451.47373120751297,-146.83327339036998
12716,1824.99866821307,0,0,2871,-32.2355941157479,-459.85948940952903,-404.78027372885003,-149.125974532801
12717,1830.17130022445,0,0,2874,-31.1168807335502,-531.0,-330.501709526595,-151.210109515401
12718,2024.42771999559,0,0,2877,-5.93002710793257,-459.85948940953597,-233.69999999999902,-153.08276348694
12719,2320.27202621133,0,0,2880,-18.5146347362159,-265.500000000017,-120.972021680926,-154.741317371509
12720,2786.44725591889,0,0,2883,59.6307074504811,-4.0588454620645e-11,-1.78635062991426e-11,-156.183451531528
12721,3132.17561677874,0,0,2886,17.1107441097971,265.49999999999903,120.972021680918,-157.407149011973
12722,3408.05040721594,0,0,2889,-16.0983838323102,459.85948940952596,233.699999999991,-158.41069836126601
12723,3572.30349203264,0,0,2892,-22.005521469048702,531.0,330.501709526588,-159.192696024897
12724,3601.63441938807,0,0,2895,1.7467045581142802,459.85948940953904,404.780273728846,-159.752048308425
12725,3451.62147420106,0,0,2898,-3.2642840993489997,265.499999999996,451.473731207511,-160.087972907101
12726,3267.6317823234303,0,0,2901,59.431782323418105,1.61291008409198e-11,467.4,-160.2
12727,2941.78371559472,0,0,2904,11.8979572942747,-265.499999999968,451.473731207515,-160.087972907101
12728,2694.6925372815303,0,0,2907,2.5238012706439,-459.85948940953796,404.780273728846,-159.752048308425
12729,2538.3967532737697,0,0,2910,-11.9122602279299,-531.0,330.501709526598,-159.192696024897
12730,2550.7417818016,0,0,2913,22.3119695724011,-459.859489409542,233.700000000004,-158.41069836126601
12731,2527.25333283999,0,0,2916,-86.8115398289562,-265.50000000000097,120.972021680919,-157.407149011973
12732,2715.53914246206,0,0,2919,-47.2774060064124,8.330252938805299e-12,-3.6662525645928396e-12,-156.183451531528
12733,2863.3544308037604,0,0,2922,-48.432230143805896,265.49999999998903,-120.97202168091299,-154.741317371509
12734,3085.6622656974896,0,0,2925,87.5855397748975,459.85948940952005,-233.699999999987,-153.08276348694
12735,3002.8397698755393,0,0,2928,25.5515889175349,531.0,-330.501709526594,-151.210109515401
12736,2861.51677540963,0,0,2931,24.563534261725998,459.859489409545,-404.780273728843,-149.125974532801
12737,2577.58067098507,0,0,2934,-23.612324417056602,265.50000000000597,-451.47373120751,-146.83327339036998
12738,2312.75006354792,0,0,2937,-12.514723814140902,2.75781041116477e-11,-467.4,-144.335212637968
12739,2026.0131877634399,0,0,2940,-55.377794989627105,-265.499999999984,-451.47373120751297,-141.635286039438
12740,2029.3683898106897,0,0,2943,89.7454226353413,-459.859489409532,-404.780273728849,-138.73726968626698
12741,1902.56698760638,0,0,2946,-46.286086150661106,-531.0,-330.501709526592,-135.645216716371
12742,2144.6138768927103,0,0,2949,21.536817947660197,-459.859489409533,-233.69999999999698,-132.363451645422
12743,2505.63569181349,0,0,2952,69.0042778130076,-265.499999999984,-120.97202168091101,-128.89656431862
12744,2858.26613009358,0,0,2955,28.515533585009397,-3.33026057470116e-11,-1.46569095349842e-11,-125.249403491379
12745,3207.2557754310496,0,0,2958,-15.789176201934,265.49999999997897,120.972021680908,-121.42707004790199
12746,3547.32503853849,0,0,2961,10.200458996109099,459.85948940952903,233.69999999999402,-117.434909867138
12747,3699.48984779794,0,0,2964,-12.733355382567401,531.0,330.50170952659,-113.278506346085
12748,3746.3742519110997,0,0,2967,23.698161363621303,459.859489409535,404.78027372884696,-108.96367259090201
12749,3649.2763188424296,0,0,2970,66.7990309216415,265.500000000042,451.473731207505,-104.496443286756
12750,3315.55476893018,0,0,2973,-24.9621648120317,-2.13406034478026e-11,467.4,-99.88306625776951
12751,3052.3947456855,0,0,2976,-14.448991793167698,-265.49999999997397,451.47373120751405,-95.12999372887501
12752,2782.19470018308,0,0,2979,-51.4822108344547,-459.859489409527,404.780273728851,-90.2438733017927
12753,2699.3017174895103,0,0,2982,3.0315466206751602,-531.0,330.501709526596,-85.231538657757
12754,2694.38801946274,0,0,2985,15.647508872279598,-459.85948940953796,233.70000000000098,-80.0999999999996
12755,2728.16960578686,0,0,2988,-40.445981644717996,-265.49999999999403,120.97202168091499,-74.8564342493447
12756,2895.2407739107202,0,0,2991,-26.2510510826212,-4.47516090177394e-11,1.9695764646790397e-11,-69.50817500663351
12757,3089.41370568437,0,0,2994,14.948429661296101,265.50000000002103,-120.97202168092899,-64.06270229602279
12758,3202.7233205837797,0,0,2997,38.0914632777472,459.859489409524,-233.69999999999,-58.527632103496295
12759,3181.64800639622,0,0,3000,34.060421648025695,531.0,-330.501709526587,-52.91070572521811
12760,3014.75095741388,0,0,3003,3.89152067381323,459.859489409541,-404.780273728845,-47.2197789406278
12761,2810.07025305641,0,0,3006,31.5067952893474,265.49999999999903,-451.473731207511,-41.4628110254243
12762,2485.42268122394,0,0,3009,-20.529465156249604,-9.89160017707474e-12,-467.4,-35.6478536198015
12763,2255.32793997177,0,0,3012,-9.91528935324885,-265.49999999996396,-451.473731207515,-29.7830394674995
12764,2113.9449662994602,0,0,3015,-12.538699520727501,-459.85948940955103,-404.78027372884003,-23.8765710414232
12765,2077.9502143967898,0,0,3018,-60.6113670048607,-531.0,-330.5017095266,-17.936709071749398
12766,2309.74409430965,0,0,3021,-5.72465528825324,-459.859489409544,-233.700000000005,-11.971760992545303
12767,2656.91556808219,0,0,3024,25.3776590861835,-265.500000000004,-120.97202168092,-5.990069323068121
12768,3004.27816148142,0,0,3027,-22.7218385185877,4.16709854171082e-12,1.8339942169450404e-12,-2.3542610066808704e-13
12769,3428.9526976299703,0,0,3030,6.490606625968111,265.50000000001097,120.972021680924,5.990069323067651
12770,3701.7565790786703,0,0,3033,-36.774671323380105,459.85948940951795,233.699999999985,11.971760992544802
12771,3906.37266114011,0,0,3036,-9.065757458219839,531.0,330.501709526583,17.936709071749
12772,3947.2712438598205,0,0,3039,19.754909680011803,459.85948940954694,404.780273728842,23.8765710414227
12773,3825.8515932844102,0,0,3042,37.0948226093959,265.500000000009,451.473731207509,29.783039467498998
12774,3538.11992115586,0,0,3045,-9.927932463947108,1.5574030936531e-12,467.4,35.647853619801104
12775,3248.03522997176,0,0,3048,-27.401312261169,-265.500000000007,451.47373120751,41.4628110254238
12776,3026.99020239224,0,0,3051,-16.150360867689,-459.859489409545,404.780273728843,47.2197789406263
12777,2909.53321461204,0,0,3054,3.12079936022284,-531.0,330.501709526603,52.9107057252177
12778,2912.81726145276,0,0,3057,23.449118758804804,-459.85948940955,233.70000000001,58.5276321034958
12779,2945.3914360231897,0,0,3060,-34.1432879537464,-265.500000000014,120.97202168092501,64.0627022960223
12780,3087.71071459823,0,0,3063,-44.797460408397896,-7.28190472901702e-12,3.20486089486116e-12,69.5081750066331
12781,3316.5882838734497,0,0,3066,31.2038713050252,265.500000000002,-120.972021680919,74.8564342493443
12782,3318.18071248478,0,0,3069,-57.0787769247525,459.85948940951204,-233.699999999981,80.0999999999992
12783,3384.64798115177,0,0,3072,26.9181520206103,531.0,-330.50170952659903,85.2315386577566
12784,3246.55282604015,0,0,3075,26.2297370576407,459.859489409553,-404.78027372884003,90.24387330179229
12785,2958.02744035408,0,0,3078,-29.128822167301898,265.500000000019,-451.473731207508,95.12999372887458
12786,2740.74561169883,0,0,3081,27.2625454410485,1.30064063643809e-11,-467.4,99.88306625776909
12787,2462.70668890908,0,0,3084,-8.81602317016203,-265.499999999997,-451.473731207511,104.49644328675501
12788,2343.5871688841603,0,0,3087,12.263259431640199,-459.85948940953904,-404.780273728845,108.963672590901
12789,2334.46106502918,0,0,3090,-7.315731790296639,-531.0,-330.50170952660704,113.278506346084
12790,2557.99060675772,0,0,3093,41.115186300103005,-459.859489409525,-233.699999999991,117.434909867138
12791,2886.62657238405,0,0,3096,55.6715240171047,-265.500000000024,-120.97202168093,121.42707004790199
12792,3265.84685800375,0,0,3099,41.597454512403004,-1.87309079997449e-11,-8.243716006667371e-12,125.249403491378
12793,3677.21363397507,0,0,3102,59.84504797554521,265.499999999992,120.972021680914,128.89656431862
12794,3897.20129824121,0,0,3105,-33.7216428137463,459.859489409537,233.7,132.363451645422
12795,4129.03728616834,0,0,3108,23.890359925369395,531.0,330.501709526595,135.645216716371
12796,4110.07251200831,0,0,3111,-4.3045208163532,459.859489409558,404.78027372883696,138.73726968626698
12797,3973.3872989671004,0,0,3114,0.7782817201760509,265.499999999977,451.47373120751405,141.635286039439
12798,3674.9112041618896,0,0,3117,-53.8240084761005,2.44554096351088e-11,467.4,144.335212637967
12799,3434.2075108143604,0,0,3120,-18.5994937835383,-265.499999999987,451.473731207512,146.83327339036998
12800,3202.1233887127696,0,0,3123,-14.9233701393505,-459.859489409534,404.78027372884804,149.125974532801
12801,3114.75468853839,0,0,3126,38.0428694963995,-531.0,330.501709526591,151.2101095154
12802,3041.1872914035903,0,0,3129,-14.735982673810598,-459.859489409531,233.69999999999501,153.08276348694
12803,3136.31682645589,0,0,3132,-5.8965125965240395,-265.500000000034,120.972021680935,154.741317371509
12804,3290.81777195289,0,0,3135,-0.365679578622006,-3.01799112704727e-11,1.3282571118473599e-11,156.183451531528
12805,3462.46106024283,0,0,3138,22.5259329117845,265.499999999982,-120.97202168090901,157.407149011973
12806,3546.9275141091903,0,0,3141,21.3573263383914,459.859489409531,-233.69999999999501,158.41069836126601
12807,3506.00391529207,0,0,3144,2.3129287937667597,531.0,-330.501709526591,159.192696024897
12808,3418.6658054160303,0,0,3147,56.8345414269184,459.859489409534,-404.78027372884804,159.752048308425
12809,3080.5975562189196,0,0,3150,-43.51668548065929,265.499999999987,-451.473731207512,160.087972907101
12810,2830.41585152906,0,0,3153,-15.384148470979998,3.59044129058366e-11,-467.4,160.2
12811,2639.66568034368,0,0,3156,40.55143864406929,-265.499999999977,-451.47373120751405,160.087972907101
12812,2460.3124093129,0,0,3159,6.20012414285567,-459.85948940952795,-404.780273728851,159.752048308425
12813,2474.41864790248,0,0,3162,14.7276614041725,-531.0,-330.501709526595,159.192696024898
12814,2644.76211149881,0,0,3165,14.9109025470804,-459.859489409537,-233.7,158.41069836126601
12815,2986.45167821669,0,0,3168,47.5165508857053,-265.500000000044,-120.97202168094,157.407149011973
12816,3336.37077398859,0,0,3171,9.18732245703862,1.87387962889776e-11,8.24718774526187e-12,156.183451531528
12817,3691.45823456675,0,0,3174,-23.755104485633602,265.499999999972,120.972021680904,154.741317371509
12818,3982.95482281225,0,0,3177,-40.6874300842063,459.859489409525,233.699999999991,153.08276348694
12819,4180.74690941834,0,0,3180,-11.9649096236511,531.0,330.501709526588,151.2101095154
12820,4264.4174774015,0,0,3183,67.6517397303099,459.85948940953904,404.780273728845,149.125974532802
12821,4030.33500406839,0,0,3186,-19.472000529487698,265.499999999997,451.473731207511,146.83327339036998
12822,3795.9576676993797,0,0,3189,-4.77754493863721,4.7353416176564504e-11,467.4,144.335212637968
12823,3545.21081362478,0,0,3192,25.6017963778509,-265.500000000019,451.473731207508,141.635286039438
12824,3312.5471238737605,0,0,3195,33.889069868165805,-459.85948940952204,404.780273728853,138.73726968626698
12825,3176.19646235707,0,0,3198,43.049536114100704,-531.0,330.50170952659903,135.645216716371
12826,3116.1500111948303,0,0,3201,8.94604895894553,-459.859489409542,233.700000000004,132.363451645423
12827,3223.01954405174,0,0,3204,34.6509580522033,-265.500000000002,120.972021680919,128.89656431862
12828,3353.89597506822,0,0,3207,21.6465715768336,7.289793018249711e-12,-3.20833263345566e-12,125.249403491379
12829,3459.91544168287,0,0,3210,-16.039606684091197,265.49999999996203,-120.9720216809,121.42707004790199
12830,3569.148419031,0,0,3213,12.554019754317999,459.85948940955,-233.70000000001,117.434909867138
12831,3486.40412841081,0,0,3216,-43.3726684086899,531.0,-330.501709526584,113.278506346085
12832,3374.3792923711,0,0,3219,-8.66359590050836,459.859489409545,-404.780273728843,108.963672590901
12833,3147.8686600924702,0,0,3222,7.345948013219651,265.50000000000597,-451.47373120751,104.49644328675501
12834,2883.2621271252196,0,0,3225,25.7790608674485,-1.56529138288578e-12,-467.4,99.88306625776909
12835,2569.13345305355,0,0,3228,-37.0228094678045,-265.500000000009,-451.473731207509,95.1299937288754
12836,2420.27747511142,0,0,3231,-36.3266350520025,-459.859489409517,-404.780273728855,90.24387330179229
12837,2494.01385495209,0,0,3234,36.2840258209335,-531.0,-330.501709526602,85.2315386577575
12838,2624.42780677772,0,0,3237,0.88729618727877,-459.859489409548,-233.700000000008,80.1000000000001
12839,2957.02331445681,0,0,3240,28.638901888397797,-265.50000000001097,-120.972021680924,74.85643424934521
12840,3319.29251210819,0,0,3243,6.78433710156767,-4.15921025247814e-12,-1.8305224783505504e-12,69.508175006633
12841,3704.09109908851,0,0,3246,7.556375111565701,265.500000000004,120.97202168092,64.0627022960223
12842,4038.23741409724,0,0,3249,37.150292584194396,459.859489409544,233.700000000005,58.5276321034968
12843,4192.2538895172,0,0,3252,25.8414742653997,531.0,330.501709526581,52.9107057252176
12844,4163.23800599839,0,0,3255,-3.62153608063269,459.85948940955103,404.78027372884003,47.2197789406273
12845,4009.33219780829,0,0,3258,-7.1043444246617495,265.500000000016,451.473731207508,41.462811025423704
12846,3741.53047546029,0,0,3261,-22.5173781595249,9.88371188784206e-12,467.4,35.647853619802106
12847,3481.73823605159,0,0,3264,1.9814653765836698,-265.49999999999903,451.473731207511,29.7830394674989
12848,3216.93198085904,0,0,3267,-18.8653745016835,-459.859489409541,404.780273728845,23.8765710414226
12849,3115.4924604735497,0,0,3270,28.054041875211396,-531.0,330.501709526587,17.93670907175
12850,2998.0459280362,0,0,3273,-60.766343546802204,-459.859489409554,233.700000000013,11.971760992545901
12851,3101.2660390762,0,0,3276,-36.1960519277715,-265.50000000002103,120.97202168092899,5.99006932306757
12852,3326.5197072323604,0,0,3279,47.5197072323731,-1.5608213523206e-11,6.86937759015676e-12,-3.14099788953412e-13
12853,3444.2965470450395,0,0,3282,23.7586380490302,265.49999999999403,-120.97202168091499,-5.990069323067059
12854,3486.59087608896,0,0,3285,-12.5968523280372,459.85948940953796,-233.70000000000098,-11.971760992544198
12855,3530.4639493007503,0,0,3288,59.90236789907411,531.0,-330.501709526577,-17.936709071749497
12856,3333.77554679461,0,0,3291,11.5729021553581,459.859489409527,-404.780273728851,-23.8765710414233
12857,3056.5418433749396,0,0,3294,-21.7013859500775,265.50000000002603,-451.473731207507,-29.783039467498398
12858,2784.22996309177,0,0,3297,-9.72218328845374,2.1332715158569896e-11,-467.4,-35.6478536198016
12859,2526.9680476241897,0,0,3300,-14.5954101428803,-265.49999999998903,-451.473731207512,-41.4628110254244
12860,2408.7981991147303,0,0,3303,17.657741193738197,-459.859489409535,-404.78027372884696,-47.219778940626796
12861,2444.27499393307,0,0,3306,52.6874091848734,-531.0,-330.50170952659,-52.910705725217106
12862,2582.44128229163,0,0,3309,25.528403804699998,-459.85948940955996,-233.700000000017,-58.527632103496295
12863,2800.4913090296996,0,0,3312,-60.973966993389304,-265.49999999997897,-120.972021680908,-64.06270229602279
12864,3263.96606097854,0,0,3315,18.474235985208896,-2.70572167939338e-11,-1.1908232701963e-11,-69.5081750066326
12865,3682.0604580273102,0,0,3318,52.4448705957575,265.499999999984,120.97202168091101,-74.8564342493437
12866,4036.3055072742895,0,0,3321,101.846017864757,459.859489409533,233.69999999999698,-80.09999999999971
12867,4105.02285341184,0,0,3324,4.75268254300715,531.0,330.501709526592,-85.23153865775708
12868,4076.01758223046,0,0,3327,-25.378307606131703,459.859489409532,404.780273728849,-90.2438733017919
12869,3958.3521317011296,0,0,3330,6.50839422246174,265.50000000003604,451.47373120750603,-95.12999372887501
12870,3702.0933893263796,0,0,3333,1.5764555841732901,-2.7585992400880397e-11,467.4,-99.88306625776958
12871,3374.10069918942,0,0,3336,-43.376588731359995,-265.49999999998,451.47373120751297,-104.49644328675501
12872,3125.9358634775103,0,0,3339,-49.021248250913295,-459.85948940952994,404.78027372885003,-108.963672590901
12873,3061.21123383625,0,0,3342,32.9880306557422,-531.0,330.501709526594,-113.278506346085
12874,3064.14781005973,0,0,3345,62.7422093364092,-459.859489409535,233.69999999999902,-117.434909867138
12875,3059.05589368651,0,0,3348,-22.9890579465167,-265.49999999998903,120.97202168091299,-121.427070047901
12876,3184.87421253437,0,0,3351,-40.876383974233,-3.8506220064661704e-11,1.69470878137692e-11,-125.249403491378
12877,3339.38209321346,0,0,3354,-30.2493207869905,265.499999999975,-120.972021680906,-128.89656431862
12878,3486.17350974339,0,0,3357,35.3774719792808,459.859489409527,-233.699999999992,-132.363451645422
12879,3403.08195515945,0,0,3360,-21.7711185975885,531.0,-330.501709526589,-135.645216716371
12880,3244.36308131521,0,0,3363,-34.9788646792197,459.85948940953796,-404.780273728846,-138.73726968626698
12881,3060.86763566122,0,0,3366,22.476652908176604,265.49999999999403,-451.473731207511,-141.635286039439
12882,2780.29665801414,0,0,3369,23.031870652123605,-1.61369891301525e-11,-467.4,-144.335212637968
12883,2542.66367640095,0,0,3372,34.470680998803,-265.49999999997004,-451.473731207515,-146.83327339036998
12884,2384.5431979203304,0,0,3375,23.308935591511503,-459.859489409524,-404.780273728852,-149.125974532801
12885,2379.59029103996,0,0,3378,14.302110081961501,-531.0,-330.501709526598,-151.210109515401
12886,2557.469868174,0,0,3381,23.1121210704846,-459.859489409541,-233.700000000003,-153.08276348694
12887,2866.45185983403,0,0,3384,23.665198886453,-265.49999999999903,-120.972021680918,-154.741317371509
12888,3269.83025712134,0,0,3387,39.0137086529383,-4.99552233353895e-11,-2.1985942925575397e-11,-156.183451531528
12889,3587.29128884502,0,0,3390,-31.7735838239516,265.500000000017,120.97202168092699,-157.407149011973
12890,3857.7937382773707,0,0,3393,-70.3550527708731,459.859489409521,233.699999999988,-158.41069836126601
12891,4096.15855351503,0,0,3396,-2.15045998665914,531.0,330.501709526585,-159.192696024897
12892,4053.3995108332397,0,0,3399,-50.4882039967196,459.859489409544,404.780273728844,-159.752048308425
12893,3958.6880825667895,0,0,3402,-0.19767573362111301,265.500000000004,451.47373120751,-160.087972907101
12894,3671.5011103350603,0,0,3405,-40.6988896649304,-4.68798585942467e-12,467.4,-160.2
12895,3413.9555018207598,0,0,3408,-19.930256479696396,-265.49999999996004,451.47373120751604,-160.087972907101
12896,3144.19546647443,0,0,3411,-51.9732695364427,-459.859489409548,404.780273728842,-159.752048308425
12897,3073.5111366047804,0,0,3414,19.202123103075103,-531.0,330.50170952660096,-159.192696024897
12898,3051.6556867574604,0,0,3417,19.225874528265,-459.85948940954694,233.700000000007,-158.41069836126601
12899,3172.01657548591,0,0,3420,53.951702816971505,-265.500000000009,120.972021680923,-157.407149011973
12900,3331.7981263983197,0,0,3423,64.98157792984411,-1.03651577593925e-12,4.5618406183993e-13,-156.183451531528
12901,3451.6771506538103,0,0,3426,35.8904897062343,265.500000000007,-120.972021680922,-154.741317371509
12902,3567.9688003512897,0,0,3429,65.8920744287003,459.859489409515,-233.69999999998402,-153.08276348694
12903,3514.69732863971,0,0,3432,33.409147681714394,531.0,-330.5017095266,-151.210109515401
12904,3302.7178769421503,0,0,3435,-38.2353642057545,459.85948940954904,-404.780273728841,-149.125974532801
12905,3113.84834760443,0,0,3438,8.655352202291219,265.500000000014,-451.473731207509,-146.83327339036998
12906,2773.4629457994397,0,0,3441,-55.8018415625995,6.76101741130317e-12,-467.4,-144.335212637968
12907,2624.47765222589,0,0,3444,39.0866694728417,-265.500000000002,-451.47373120751,-141.635286039438
12908,2387.0095691782,0,0,3447,-56.6133979971477,-459.859489409543,-404.780273728844,-138.73726968626698
12909,2424.36810201661,0,0,3450,-28.484971740412803,-531.0,-330.501709526605,-135.645216716371
12910,2622.63911280899,0,0,3453,-4.43794613602098,-459.859489409552,-233.700000000012,-132.363451645422
12911,2941.2488356623403,0,0,3456,0.6174216619027441,-265.500000000019,-120.97202168092699,-128.89656431862
12912,3351.50357155575,0,0,3459,17.7529750471468,-1.2485519046667099e-11,-5.49503917364614e-12,-125.249403491379
12913,3692.54000538776,0,0,3462,-34.5049462452562,265.499999999997,120.972021680917,-121.42707004790199
12914,4023.4050486396704,0,0,3465,-17.7195309027352,459.85948940954,233.70000000000198,-117.434909867138
12915,4240.47071845561,0,0,3468,24.247515275092603,531.0,330.501709526597,-113.278506346085
12916,4231.15742947769,0,0,3471,4.4813389302017095,459.85948940955495,404.78027372883906,-108.96367259090201
12917,4103.6736979280495,0,0,3474,17.1964100072781,265.500000000024,451.473731207507,-104.496443286756
12918,3896.48852386142,0,0,3477,51.9715901191716,1.8210020682031e-11,467.4,-99.88306625776859
12919,3568.5849505809297,0,0,3480,-2.25878689771365,-265.499999999992,451.473731207512,-95.12999372887501
12920,3345.5559509485997,0,0,3483,7.879039931083519,-459.859489409537,404.78027372884696,-90.24387330179279
12921,3183.95700635794,0,0,3486,-16.3131645109066,-531.0,330.501709526608,-85.231538657757
12922,3169.6481758486702,0,0,3489,-13.0923347417944,-459.85948940952795,233.69999999999297,-80.09999999999971
12923,3257.69129681447,0,0,3492,-14.924290617091598,-265.500000000029,120.972021680932,-74.8564342493447
12924,3375.02336074055,0,0,3495,-50.4684642528064,-2.39345223173949e-11,1.05338942854523e-11,-69.5081750066336
12925,3563.22175367294,0,0,3498,-15.2435223501105,265.499999999987,-120.972021680912,-64.06270229602279
12926,3651.8266128012297,0,0,3501,-16.8052445048147,459.859489409534,-233.69999999999803,-58.527632103496295
12927,3715.7355288040003,0,0,3504,64.1479440558125,531.0,-330.501709526593,-52.9107057252182
12928,3585.0675792060797,0,0,3507,70.2081424659816,459.859489409561,-404.780273728836,-47.2197789406278
12929,3266.32519671992,0,0,3510,-16.238261047128802,265.499999999981,-451.47373120751297,-41.4628110254243
12930,3069.01832089586,0,0,3513,59.066174515633705,2.96590239527589e-11,-467.4,-35.6478536198016
12931,2760.4036724111897,0,0,3516,-8.83955691381168,-265.499999999982,-451.47373120751297,-29.7830394674995
12932,2658.13442578408,0,0,3519,27.6507599638806,-459.859489409531,-404.780273728849,-23.8765710414244
12933,2711.0765713647897,0,0,3522,68.51498996313089,-531.0,-330.501709526593,-17.936709071749497
12934,2775.74078137147,0,0,3525,-43.727968226451,-459.859489409534,-233.69999999999698,-11.971760992545303
12935,3126.2982084153996,0,0,3528,-9.23970058055781,-265.50000000003797,-120.972021680937,-5.99006932306816
12936,3516.1341968863203,0,0,3531,-14.8658031137201,2.49841852420553e-11,1.09958645782831e-11,-2.74663784112768e-13
12937,3925.4726844561897,0,0,3534,-0.9894065477656591,265.499999999977,120.972021680907,5.99006932306761
12938,4239.33987177256,0,0,3537,-3.1913786295014304,459.85948940952795,233.69999999999297,11.971760992544802
12939,4411.77385397801,0,0,3540,-7.664564620332871,531.0,330.50170952659,17.936709071748897
12940,4401.90286723197,0,0,3543,-29.6134669478382,459.85948940953597,404.78027372884696,23.8765710414227
12941,4244.86681640369,0,0,3546,-47.88995427130779,265.499999999991,451.473731207512,29.783039467498998
12942,4111.83765789076,0,0,3549,59.7898042709216,4.11080272234867e-11,467.4,35.647853619801005
12943,3760.34580965613,0,0,3552,-19.0907325768328,-265.499999999972,451.47373120751405,41.4628110254227
12944,3558.78646943053,0,0,3555,11.6459061705759,-459.859489409525,404.780273728852,47.2197789406273
12945,3441.34669091016,0,0,3558,30.934275658348497,-531.0,330.501709526597,52.9107057252176
12946,3425.65157223878,0,0,3561,32.2834295448177,-459.85948940953904,233.70000000000198,58.5276321034958
12947,3491.15801452851,0,0,3564,7.62329055156508,-265.499999999996,120.972021680916,64.0627022960223
12948,3609.9263270701795,0,0,3567,-26.5818479364605,1.35351819713275e-11,-5.957009466476901e-12,69.5081750066331
12949,3780.6925555494395,0,0,3570,-8.69185701896733,265.49999999996703,-120.972021680902,74.8564342493442
12950,3844.60186713433,0,0,3573,-34.657622275202606,459.859489409523,-233.69999999998902,80.0999999999992
12951,3877.33814966193,0,0,3576,15.6083205307581,531.0,-330.501709526586,85.2315386577566
12952,3679.6068216313897,0,0,3579,-44.71626735110371,459.859489409542,-404.780273728844,90.24387330179229
12953,3509.9840568434997,0,0,3582,18.8277943221318,265.50000000000097,-451.47373120751,95.1299937288745
12954,3264.5961027059498,0,0,3585,47.1130364481291,5.255703049421461e-11,-467.4,99.8830662577682
12955,2968.28421041502,0,0,3588,-7.23850166421252,-265.500000000015,-451.473731207509,104.49644328675501
12956,2809.33367628836,0,0,3591,-25.9902331641667,-459.85948940952005,-404.780273728854,108.963672590901
12957,2854.4662730348305,0,0,3594,8.68947621534394,-531.0,-330.5017095266,113.278506346084
12958,2987.4033929435,0,0,3597,-33.4720275140856,-459.859489409545,-233.70000000000599,117.434909867138
12959,3364.1758076304304,0,0,3600,29.2207592634579,-265.50000000000597,-120.972021680921,121.42707004790199
12960,3779.62454021779,0,0,3603,51.3751367264075,2.08617870059964e-12,9.18154354670688e-13,125.249403491378
12961,4107.48298055521,0,0,3606,-13.8856054442691,265.499999999957,120.972021680897,128.89656431862
12962,4451.83947126,0,0,3609,16.9165302050276,459.85948940954694,233.700000000008,132.363451645422
12963,4631.72751873435,0,0,3612,22.580592491392302,531.0,330.501709526583,135.645216716371
12964,4628.00244176975,0,0,3615,9.62540894509486,459.859489409548,404.780273728842,138.73726968626698
12965,4510.57258084177,0,0,3618,33.96356359481,265.50000000001097,451.473731207509,141.635286039438
12966,4215.12119504791,0,0,3621,-17.6140175900656,3.638322934764279e-12,467.4,144.335212637967
12967,3965.8080693699894,0,0,3624,9.001064772114471,-265.500000000005,451.47373120751,146.83327339036998
12968,3752.99371634114,0,0,3627,31.946957488994396,-459.859489409514,404.78027372885697,149.125974532801
12969,3578.7467035184704,0,0,3630,-1.9651155235170201,-531.0,330.501709526585,151.2101095154
12970,3564.23370767259,0,0,3633,4.3104335951916894,-459.85948940955103,233.70000000001,153.08276348694
12971,3621.2435046761702,0,0,3636,-24.9698343762481,-265.500000000016,120.972021680926,154.741317371509
12972,3810.6193141645003,0,0,3639,15.4358626329776,-9.362824570128212e-12,4.12070075713552e-12,156.183451531528
12973,3910.42841559933,0,0,3642,-33.5067117317256,265.5,-120.972021680918,157.407149011973
12974,3968.54095096161,0,0,3645,-61.0292368091918,459.859489409541,-233.700000000003,158.41069836126601
12975,4023.56409452041,0,0,3648,15.873108022093199,531.0,-330.501709526579,159.192696024897
12976,3881.17281827865,0,0,3651,15.3415542895136,459.859489409554,-404.78027372883906,159.752048308425
12977,3606.65995335674,0,0,3654,-21.4542883428713,265.50000000002103,-451.473731207508,160.087972907101
12978,3341.39585049927,0,0,3657,-8.40414950074999,1.50873262054921e-11,-467.4,160.2
12979,3081.38089123229,0,0,3660,-21.733350467302,-265.499999999995,-451.473731207511,160.087972907101
12980,2958.3475679460103,0,0,3663,0.235282775974039,-459.85948940953796,-404.780273728846,159.752048308425
12981,3006.5987027106603,0,0,3666,42.90771621234921,-531.0,-330.501709526589,159.192696024898
12982,3130.1388191015803,0,0,3669,-3.71238985011024,-459.859489409556,-233.700000000015,158.41069836126601
12983,3431.41316543438,0,0,3672,-11.5219618966404,-265.50000000002603,-120.972021680931,157.407149011973
12984,3853.8057646250604,0,0,3675,22.622313093562198,-2.08118278408561e-11,-9.159555868941731e-12,156.183451531528
12985,4295.16692186024,0,0,3678,75.9535828078274,265.49999999999,120.97202168091299,154.741317371509
12986,4561.533898621599,0,0,3681,33.8916457251312,459.85948940953597,233.69999999999902,153.08276348694
12987,4776.928836814871,0,0,3684,80.2170177728719,531.0,330.501709526594,151.2101095154
12988,4721.22465869943,0,0,3687,20.458921028252302,459.85948940952903,404.78027372885003,149.125974532802
12989,4521.3032119889795,0,0,3690,-32.5037926089298,265.50000000003104,451.47373120750603,146.83327339036998
12990,4301.546490716571,0,0,3693,-3.18872192142954,2.6536329476220002e-11,467.4,144.335212637968
12991,3990.25129380711,0,0,3696,-33.357723439854105,-265.499999999985,451.473731207512,141.635286039439
12992,3717.63292225729,0,0,3699,-65.0251317482889,-459.859489409533,404.78027372884804,138.73726968626698
12993,3649.2548835987395,0,0,3702,12.1079573557768,-531.0,330.501709526592,135.645216716371
12994,3628.3904137026793,0,0,3705,17.1864514667991,-459.859489409562,233.700000000019,132.363451645423
12995,3707.66999677373,0,0,3708,15.3014107741841,-265.499999999984,120.97202168091002,128.89656431862
12996,3854.8217230820896,0,0,3711,18.572319590727602,-3.22608311115839e-11,1.4198410980747898e-11,125.249403491378
12997,3963.19745316481,0,0,3714,-16.757595202158598,265.49999999998,-120.972021680908,121.42707004790199
12998,4104.38707702049,0,0,3717,43.7926777438159,459.85948940952994,-233.69999999999501,117.434909867138
12999,4000.23791182198,0,0,3720,-33.5388849975188,531.0,-330.501709526591,113.278506346085
13000,3916.4751052296397,0,0,3723,29.432216958054198,459.859489409535,-404.78027372884804,108.963672590901
13001,3654.05359584731,0,0,3726,9.53088376802369,265.500000000041,-451.473731207505,104.49644328675501
13002,3320.06928579217,0,0,3729,-41.413780465577105,-2.2382378083230303e-11,-467.4,99.88306625776909
13003,3079.2031170658397,0,0,3732,-30.953145455545396,-265.499999999975,-451.47373120751405,95.1299937288755
13004,2938.54714085939,0,0,3735,-22.0569693040239,-459.859489409527,-404.780273728851,90.24387330179229
13005,2982.0591212168797,0,0,3738,20.3292920857152,-531.0,-330.501709526596,85.2315386577575
13006,3155.7394414955797,0,0,3741,28.1989309051153,-459.85948940953796,-233.70000000000098,80.1000000000002
13007,3408.64147085896,0,0,3744,-23.7429417094729,-265.499999999993,-120.97202168091499,74.85643424934521
13008,3753.36792928091,0,0,3747,-63.1402457256589,-4.3709834382311704e-11,-1.92372660925542e-11,69.5081750066331
13009,4271.07554210259,0,0,3750,70.5408181256174,265.500000000022,120.97202168092899,64.0627022960223
13010,4484.8692841943,0,0,3753,-20.217837318710302,459.859489409524,233.69999999999,58.5276321034968
13011,4668.345149320329,0,0,3756,-2.06726593147927,531.0,330.501709526587,52.9107057252176
13012,4634.237580681721,0,0,3759,-36.621961397296296,459.859489409541,404.780273728845,47.2197789406273
13013,4487.14680292531,0,0,3762,-33.2897393076201,265.499999999998,451.473731207511,41.4628110254238
13014,4287.77107917589,0,0,3765,19.7232255560944,-1.0933374812502401e-11,467.4,35.647853619802106
13015,3942.1018174204296,0,0,3768,-41.654953254614504,-265.499999999965,451.473731207515,29.783039467498998
13016,3754.8112285480297,0,0,3771,15.0138731872764,-459.859489409521,404.780273728854,23.8765710414238
13017,3603.85002628719,0,0,3774,12.4116076888425,-531.0,330.50170952659903,17.9367090717501
13018,3528.9006107539003,0,0,3777,-33.9116608291118,-459.859489409543,233.700000000005,11.971760992545901
13019,3644.1327471815603,0,0,3780,2.6706561775783997,-265.500000000003,120.97202168092,5.99006932306761
13020,3805.9444957039204,0,0,3783,22.944495703916697,5.208873177138519e-12,-2.29249277118131e-12,-2.74862105508731e-13
13021,3995.00947242082,0,0,3786,70.47156342479741,265.500000000012,-120.972021680924,-5.990069323067019
13022,3982.1066853976,0,0,3789,-21.0810430193855,459.85948940951795,-233.699999999986,-11.971760992545303
13023,4041.67529453271,0,0,3792,67.1137131310476,531.0,-330.501709526584,-17.936709071749497
13024,3818.6388878039397,0,0,3795,-7.5637568353375,459.859489409546,-404.780273728842,-23.8765710414232
13025,3606.3604270031396,0,0,3798,24.117197678138698,265.500000000008,-451.473731207509,-29.783039467498398
13026,3371.4281919091304,0,0,3801,73.4760455289352,5.156284582253979e-13,-467.4,-35.6478536198016
13027,2995.49123894128,0,0,3804,-50.072218825826205,-265.499999999955,-451.47373120751604,-41.4628110254232
13028,2933.45200840584,0,0,3807,38.3115504848534,-459.859489409546,-404.780273728843,-47.219778940626796
13029,2867.7566292616602,0,0,3810,-27.8309554865184,-531.0,-330.501709526603,-52.910705725217106
13030,3081.1736193840397,0,0,3813,20.2607408970967,-459.85948940954904,-233.700000000009,-58.527632103496295
13031,3346.93635134339,0,0,3816,-18.5289246796505,-265.500000000013,-120.97202168092501,-64.06270229602279
13032,3707.5225600766203,0,0,3819,-41.9692649167371,-6.2401300935893204e-12,-2.7463623406249e-12,-69.5081750066325
13033,4119.28139124849,0,0,3822,-14.334196183086698,265.500000000003,120.972021680919,-74.8564342493437
13034,4504.33949338529,0,0,3825,65.8800039757955,459.859489409513,233.699999999982,-80.09999999999971
13035,4616.654691934989,0,0,3828,12.3845210661492,531.0,330.50170952659903,-85.231538657757
13036,4625.989464924621,0,0,3831,20.5935750880217,459.859489409552,404.78027372884003,-90.24387330179181
13037,4466.649224890461,0,0,3834,10.805487411808699,265.500000000018,451.473731207508,-95.12999372887501
13038,4230.40589386221,0,0,3837,25.8889601199688,1.1964631728953199e-11,467.4,-99.88306625776859
13039,3912.1527566990503,0,0,3840,-9.324531221712212,-265.499999999997,451.473731207511,-104.49644328675501
13040,3699.19789977961,0,0,3843,20.240788051210398,-459.85948940954,404.780273728845,-108.963672590901
13041,3493.5256597319703,0,0,3846,-38.69754344855,-531.0,330.50170952660596,-113.278506346085
13042,3505.76147579042,0,0,3849,0.355875067087604,-459.859489409525,233.699999999991,-117.434909867138
13043,3625.70947819835,0,0,3852,39.6645265653401,-265.500000000023,120.97202168093,-121.427070047901
13044,3737.0428713139704,0,0,3855,7.29227480535939,-1.76891333643172e-11,7.785217452431111e-12,-125.249403491378
13045,3934.0734052333796,0,0,3858,60.4419912329186,265.499999999993,-120.97202168091499,-128.89656431862
13046,3940.7413663733705,0,0,3861,-14.054671390745302,459.859489409537,-233.7,-132.363451645422
13047,3975.44382094564,0,0,3864,46.590747188608205,531.0,-330.501709526595,-135.645216716371
13048,3772.4160072249,0,0,3867,-10.925938769548301,459.859489409558,-404.78027372883696,-138.73726968626698
13049,3517.19185340637,0,0,3870,-25.199129346714102,265.500000000028,-451.473731207507,-141.635286039438
13050,3250.29169373521,0,0,3873,-10.9730936268416,2.34136349996811e-11,-467.4,-144.335212637968
13051,2995.3362418276697,0,0,3876,-16.8567535744654,-265.499999999988,-451.473731207512,-146.83327339036998
13052,2881.65867793867,0,0,3879,16.4244156098531,-459.859489409534,-404.78027372884804,-149.125974532801
13053,2874.09079992885,0,0,3882,4.802618970842411,-531.0,-330.501709526591,-151.210109515401
13054,3029.3443464212396,0,0,3885,-9.013400682290449,-459.85948940952994,-233.69999999999501,-153.08276348694
13055,3333.3953833755604,0,0,3888,-13.3912775719675,-265.50000000003297,-120.97202168093399,-154.741317371509
13056,3709.27803796509,0,0,3891,-25.5385105033415,-2.9138136635045e-11,-1.2824072564237301e-11,-156.183451531528
13057,4162.356281957171,0,0,3894,39.2914092882519,265.499999999983,120.97202168091002,-157.407149011973
13058,4441.32648284298,0,0,3897,9.1776917947227,459.859489409531,233.69999999999598,-158.41069836126601
13059,4601.44250543814,0,0,3900,-0.8665080635515459,531.0,330.501709526592,-159.192696024897
13060,4554.12201074053,0,0,3903,-53.7657040894412,459.85948940956297,404.78027372883497,-159.752048308425
13061,4477.5904415239,0,0,3906,14.704683223501501,265.499999999986,451.473731207512,-160.087972907101
13062,4262.225331888039,0,0,3909,46.02533188800879,3.48626382704089e-11,467.4,-160.2
13063,3928.44916229894,0,0,3912,-9.43659600149318,-265.499999999978,451.47373120751297,-160.087972907101
13064,3695.6180314811204,0,0,3915,-4.550704529780731,-459.85948940952903,404.78027372885003,-159.752048308425
13065,3601.59356679375,0,0,3918,43.2845532920564,-531.0,330.501709526595,-159.192696024897
13066,3534.6806050176397,0,0,3921,-1.74920721155426,-459.85948940953597,233.69999999999902,-158.41069836126601
13067,3689.0371691129603,0,0,3924,66.9722964440402,-265.500000000043,120.97202168093901,-157.407149011973
13068,3761.8948790716704,0,0,3927,-8.92166939680914,1.97805709244053e-11,-8.70568629949813e-12,-156.183451531528
13069,3999.0239398367,0,0,3930,79.23727888914209,265.499999999973,-120.972021680905,-154.741317371509
13070,3979.5987069659795,0,0,3933,-26.4780189566143,459.85948940952596,-233.699999999991,-153.08276348694
13071,3971.2861175351204,0,0,3936,-14.002063422895501,531.0,-330.501709526588,-151.2101095154
13072,3877.65647650062,0,0,3939,32.7032353526824,459.859489409569,-404.780273728832,-149.125974532802
13073,3592.37889652949,0,0,3942,-16.814098872625102,265.499999999996,-451.473731207511,-146.83327339036998
13074,3342.2827213305,0,0,3945,9.01793396848056,-1.4056069289041302e-11,-467.4,-144.335212637968
13075,3113.25014142894,0,0,3948,23.8591586758648,-265.499999999968,-451.473731207515,-141.635286039439
13076,2962.16516713464,0,0,3951,14.542199959287698,-459.859489409523,-404.780273728853,-138.73726968626698
13077,2958.50279087224,0,0,3954,1.64971711518991,-531.0,-330.501709526579,-135.645216716371
13078,3166.6930913850397,0,0,3957,35.6160324400093,-459.859489409542,-233.700000000004,-132.363451645422
13079,3516.09482402511,0,0,3960,71.4634100246447,-265.50000000000097,-120.972021680919,-128.89656431862
13080,3870.1698528399897,0,0,3963,32.419256331448494,-5.20361431765007e-11,-2.2901782787849697e-11,-125.249403491379
13081,4221.18628928058,0,0,3966,-9.85866235237652,265.499999999963,120.9720216809,-121.42707004790199
13082,4611.38386377598,0,0,3969,66.2592842335533,459.85948940955,233.70000000001,-117.434909867138
13083,4704.765337736079,0,0,3972,-15.4578654444207,531.0,330.501709526585,-113.278506346086
13084,4782.90006708686,0,0,3975,52.22397653937389,459.859489409545,404.780273728843,-108.96367259090201
13085,4596.49621810133,0,0,3978,6.0189301805695,265.50000000000597,451.47373120751,-104.49644328675501
13086,4287.73288711321,0,0,3981,-60.7840466290812,5.776064481186461e-11,467.4,-99.88306625776958
13087,4062.65069778701,0,0,3984,-12.193039691615601,-265.50000000001,451.473731207509,-95.12999372887501
13088,3841.5824510471793,0,0,3987,-0.09445997032771099,-459.85948940954694,404.780273728842,-90.2438733017919
13089,3728.28972177521,0,0,3990,24.0195509063648,-531.0,330.501709526602,-85.23153865775708
13090,3711.0691856401704,0,0,3993,24.3286750497114,-459.859489409548,233.700000000008,-80.09999999999971
13091,3781.82926610554,0,0,3996,5.2136786740044805,-265.50000000006304,120.972021680949,-74.8564342493458
13092,3913.31090097383,0,0,3999,-16.1809240195362,-3.1174356170504304e-12,1.3720239241142902e-12,-69.5081750066336
13093,4043.1169017546795,0,0,4002,-39.3483742683843,265.500000000005,-120.972021680921,-64.06270229602279
13094,4220.12712100043,0,0,4005,47.4952636943923,459.859489409514,-233.699999999983,-58.5276321034974
13095,4166.12692804214,0,0,4008,10.539343293941599,531.0,-330.501709526581,-52.9107057252182
13096,3999.2917493948207,0,0,4011,-19.5676873452148,459.85948940952005,-404.780273728854,-47.219778940626796
13097,3857.16683855378,0,0,4014,70.60338078670179,265.500000000016,-451.473731207508,-41.4628110254244
13098,3456.27772750019,0,0,4017,-57.6744188800198,8.841937252414358e-12,-467.4,-35.6478536198016
13099,3297.18587520461,0,0,4020,23.942645879614396,-265.5,-451.47373120751,-29.783039467498398
13100,3178.9567501948604,0,0,4023,44.4730843746515,-459.859489409511,-404.78027372885805,-23.8765710414233
13101,3129.68421322775,0,0,4026,-16.8773681739112,-531.0,-330.501709526587,-17.936709071749497
13102,3348.4904226510303,0,0,4029,25.021673053144603,-459.859489409553,-233.700000000012,-11.971760992546502
13103,3682.218320117,0,0,4032,42.6804111210141,-265.50000000002103,-120.972021680928,-5.990069323068201
13104,4006.67823867575,0,0,4035,-28.321761324225395,-1.45664388877783e-11,-6.4108790359204995e-12,-3.1390146755745e-13
13105,4408.305223600821,0,0,4038,-22.156867403079602,265.499999999943,120.97202168089,5.99006932306643
13106,4714.22668109271,0,0,4041,-32.3045693093753,459.85948940953904,233.70000000000098,11.971760992544802
13107,4925.96972313656,0,0,4044,2.53130453821552,531.0,330.501709526596,17.93670907175
13108,4926.661260603029,0,0,4047,-8.85507357678793,459.859489409556,404.780273728838,23.8765710414226
13109,4757.79482558621,0,0,4050,-38.961945088823,265.500000000025,451.473731207507,29.7830394674989
13110,4559.4785508991,0,0,4053,3.43069727933932,-4.0076770307035894e-11,467.4,35.647853619802106
13111,4285.9874939294705,0,0,4056,2.5509516965258703,-265.49999999999,451.473731207512,41.4628110254227
13112,4028.7495631481897,0,0,4059,-22.3910001117491,-459.85948940953597,404.78027372884696,47.2197789406273
13113,4011.7775268763103,0,0,4062,97.3651116244849,-531.0,330.501709526609,52.9107057252165
13114,3903.35012450634,0,0,4065,5.981981812381901,-459.85948940955905,233.700000000017,58.527632103495705
13115,3983.20532251399,0,0,4068,-4.32940146296102,-265.499999999978,120.972021680907,64.0627022960223
13116,4132.950143080539,0,0,4071,-7.558031926077441,-2.60154421585061e-11,1.1449734147726699e-11,69.508175006632
13117,4270.04972826065,0,0,4074,-23.334684307767,265.499999999985,-120.97202168091101,74.8564342493442
13118,4410.143092968729,0,0,4077,26.8836035591944,459.859489409533,-233.69999999999698,80.1000000000001
13119,4361.07098203216,0,0,4080,-4.6588470990180895,531.0,-330.50170952657396,85.2315386577565
13120,4228.79828433691,0,0,4083,0.47519535443210104,459.859489409532,-404.780273728849,90.24387330179229
13121,3969.9286329142205,0,0,4086,-25.227629607129998,265.499999999983,-451.47373120751297,95.1299937288754
13122,3775.6485227218104,0,0,4089,54.16545646401379,3.173994379387e-11,-467.4,99.8830662577682
13123,3534.61681601502,0,0,4092,55.0941039357615,-265.49999999998,-451.47373120751297,104.49644328675501
13124,3338.26970495948,0,0,4095,-1.05420449305312,-459.8594894095,-404.780273728863,108.9636725909
13125,3372.8893530001897,0,0,4098,23.1125561806991,-531.0,-330.501709526594,113.278506346084
13126,3575.1084300460298,0,0,4101,50.2330095884257,-459.859489409535,-233.69999999999803,117.434909867138
13127,3800.9994816843,0,0,4104,-37.9555666826212,-265.50000000003996,-120.972021680938,121.427070047901
13128,4203.55918867101,0,0,4107,-28.690214820313102,-3.7464445429234e-11,-1.64885892595329e-11,125.249403491378
13129,4587.593412424149,0,0,4110,-37.775173575427395,265.500000000028,120.972021680932,128.89656431862
13130,5021.9608591839005,0,0,4113,83.0379181289588,459.859489409527,233.69999999999297,132.363451645422
13131,5140.12797408412,0,0,4116,26.9810478411562,531.0,330.501709526589,135.645216716371
13132,5103.99314755678,0,0,4119,-18.3838852678742,459.859489409537,404.780273728846,138.73726968626698
13133,4981.58645235144,0,0,4122,0.977435104451634,265.500000000045,451.473731207505,141.635286039438
13134,4754.9489157149,0,0,4125,18.213703076953898,-1.7178763765580197e-11,467.4,144.335212637967
13135,4496.24604761898,0,0,4128,35.439043021066105,-265.49999999997004,451.47373120751405,146.83327339036998
13136,4227.4963674440705,0,0,4131,2.4496085919444104,-459.859489409524,404.780273728852,149.125974532801
13137,4065.33056237181,0,0,4134,-19.3812566701833,-531.0,330.501709526597,151.2101095154
13138,4002.1990469149396,0,0,4137,-61.724227162451896,-459.85948940957,233.70000000002602,153.082763486939
13139,4161.8163859137,0,0,4140,11.603046861273802,-265.499999999998,120.972021680917,154.741317371509
13140,4298.24986140641,0,0,4143,-0.9335901251225419,1.1454262130216302e-11,-5.0411696042025406e-12,156.183451531528
13141,4429.38987984681,0,0,4146,-18.5452474842308,265.499999999965,-120.972021680901,157.407149011973
13142,4575.12836709765,0,0,4149,41.5581793268528,459.85948940952204,-233.699999999988,158.41069836126601
13143,4495.05197909297,0,0,4152,-16.6390074053277,531.0,-330.50170952660403,159.192696024898
13144,4356.220262431661,0,0,4155,-13.6110015574613,459.859489409543,-404.780273728844,159.752048308425
13145,4128.197969891,0,0,4158,-3.91627180859042,265.500000000003,-451.47373120751,160.087972907101
13146,3842.2815827007103,0,0,4161,-11.518417299340301,5.4637950335325705e-11,-467.4,160.2
13147,3604.52164474492,0,0,4164,-2.59259695470881,-265.499999999961,-451.47373120751604,160.087972907101
13148,3465.5273063503005,0,0,4167,3.4150211802611,-459.85948940954904,-404.780273728841,159.752048308425
13149,3449.20460527297,0,0,4170,-18.4863812253282,-531.0,-330.50170952660096,159.192696024898
13150,3575.1228535878295,0,0,4173,-62.7283553638867,-459.859489409546,-233.700000000007,158.41069836126601
13151,3952.42452016055,0,0,4176,5.48939282951123,-265.500000000008,-120.972021680922,157.407149011973
13152,4314.06500811222,0,0,4179,-21.1184434192194,-6.036245197068971e-11,-2.65662994831453e-11,156.183451531528
13153,4740.41133201004,0,0,4182,17.197992957600402,265.500000000008,120.972021680922,154.741317371509
13154,5011.99148553444,0,0,4185,-19.650767362054697,459.859489409546,233.700000000007,153.08276348694
13155,5242.86657795051,0,0,4188,42.154758908525295,531.0,330.501709526582,151.210109515401
13156,5222.3924209186,0,0,4191,17.626683247407698,459.85948940954904,404.780273728841,149.125974532802
13157,5055.78571444937,0,0,4194,-2.0212901485687,265.50000000006503,451.473731207502,146.833273390371
13158,4790.93334441485,0,0,4197,-17.8018682231287,5.7192427758754695e-12,467.4,144.335212637968
13159,4505.59379354848,0,0,4200,-22.0152236984628,-265.500000000003,451.47373120751,141.635286039439
13160,4279.48983182764,0,0,4203,-7.16822217796978,-459.859489409513,404.78027372885697,138.73726968626698
13161,4172.72626008592,0,0,4206,31.579333842944102,-531.0,330.50170952660403,135.645216716371
13162,4136.154192444729,0,0,4209,20.9502302088428,-459.85948940952204,233.699999999988,132.363451645422
13163,4245.674593467929,0,0,4212,49.306007468396594,-265.500000000018,120.97202168092699,128.89656431862102
13164,4363.93921558991,0,0,4215,23.689812098541,-1.14437444112394e-11,5.03654061940988e-12,125.249403491378
13165,4479.43952174414,0,0,4218,-4.51552662284012,265.499999999998,-120.972021680917,121.427070047901
13166,4609.71774136555,0,0,4221,45.1233420888805,459.85948940951,-233.69999999997998,117.434909867139
13167,4577.37458614173,0,0,4224,39.5977893222438,531.0,-330.501709526597,113.278506346085
13168,4420.82391886364,0,0,4227,29.7810305920247,459.85948940955495,-404.78027372883906,108.96367259090201
13169,4160.8641610452505,0,0,4230,12.3414489659768,265.500000000023,-451.473731207508,104.49644328675501
13170,3898.02233373366,0,0,4233,32.539267475874,1.71682460466033e-11,-467.4,99.88306625776909
13171,3600.3592138222207,0,0,4236,-13.7970486991998,-265.499999999941,-451.47373120751803,95.1299937288755
13172,3453.98172516385,0,0,4239,-10.622384999561199,-459.859489409537,-404.780273728846,90.24387330179229
13173,3418.4180155915697,0,0,4242,-47.3118135396002,-531.0,-330.501709526589,85.2315386577566
13174,3577.78560334539,0,0,4245,-53.75490724503679,-459.85948940955706,-233.700000000016,80.1000000000012
13175,3935.63626119221,0,0,4248,-0.7481513761732941,-265.500000000028,-120.972021680932,74.8564342493443
13176,4307.35839891228,0,0,4251,-13.149776094409198,3.74749631482109e-11,1.64932182443256e-11,69.5081750066321
13177,4725.0430891961105,0,0,4254,20.5083652191814,265.499999999988,120.972021680912,64.0627022960234
13178,4960.46827804292,0,0,4257,-48.618843470113,459.859489409535,233.69999999999803,58.52763210349689
13179,5210.36088456952,0,0,4260,35.9484693177069,531.0,330.501709526594,52.9107057252177
13180,5221.29838536384,0,0,4263,46.4388432848127,459.85948940955996,404.780273728836,47.21977894062739
13181,4980.07556555356,0,0,4266,-44.360976679359894,265.49999999998,451.47373120751297,41.4628110254238
13182,4729.42114663078,0,0,4269,-42.626706989050604,2.86172493173312e-11,467.4,35.647853619802206
13183,4491.87992547614,0,0,4272,4.12315480110626,-265.499999999983,451.47373120751297,29.783039467498998
13184,4203.0625034788,0,0,4275,-40.7348518819354,-459.859489409532,404.780273728849,23.8765710414227
13185,4019.74413826836,0,0,4278,-75.6942803300021,-531.0,330.501709526612,17.9367090717512
13186,4046.8641341044204,0,0,4281,-19.948137478591303,-459.859489409533,233.69999999999698,11.971760992546
13187,4199.3606772087705,0,0,4284,53.8985862047756,-265.499999999985,120.97202168091101,5.99006932306651
13188,4320.93062927461,0,0,4287,33.9306292746311,-3.43417509526951e-11,1.51142508430223e-11,9.0266504062363e-13
13189,4428.54648442698,0,0,4290,0.008575430981340641,265.499999999978,-120.972021680907,-5.990069323066981
13190,4515.34209580357,0,0,4293,8.15436738656994,459.85948940955905,-233.700000000017,-11.971760992545303
13191,4529.53581473714,0,0,4296,50.9742333354754,531.0,-330.50170952659,-17.936709071749398
13192,4349.84261093431,0,0,4299,19.6399662950409,459.85948940953597,-404.78027372884696,-23.8765710414232
13193,4055.0758570267603,0,0,4302,-31.1673722982835,265.500000000043,-451.473731207505,-29.783039467498398
13194,3845.5192877445,0,0,4305,43.5671413642642,4.0066252588059e-11,-467.4,-35.6478536198015
13195,3556.9880661630896,0,0,4308,7.42460839605027,-265.500000000025,-451.473731207507,-41.4628110254243
13196,3373.04221465897,0,0,4311,-26.0982432620287,-459.85948940952596,-404.780273728851,-47.2197789406256
13197,3391.80420155277,0,0,4314,-7.783383195415911,-531.0,-330.501709526596,-52.910705725217
13198,3553.81885853684,0,0,4317,-11.0940199501207,-459.85948940953904,-233.70000000000098,-58.5276321034973
13199,3860.9326786119605,0,0,4320,-8.53259741103258,-265.500000000048,-120.972021680942,-64.0627022960217
13200,4275.3399696525,0,0,4323,21.8481446591157,1.45769566067552e-11,6.4155080207131596e-12,-69.5081750066325
13201,4685.32908493773,0,0,4326,47.7134975061244,265.50000000002103,120.972021680928,-74.8564342493447
13202,5025.2820549893395,0,0,4329,82.82256557983091,459.859489409523,233.69999999999,-80.0999999999996
13203,5145.42824610709,0,0,4332,37.158075238261205,531.0,330.501709526587,-85.231538657757
13204,5102.223054467329,0,0,4335,-7.172835369283071,459.859489409572,404.78027372883105,-90.24387330179181
13205,5012.79568213509,0,0,4338,52.951944656455794,265.5,451.47373120751,-95.12999372887501
13206,4679.72776875627,0,0,4341,-28.789164985953104,-8.85245497139126e-12,467.4,-99.88306625776951
13207,4397.12480375591,0,0,4344,-28.352484164888395,-265.499999999963,451.473731207515,-104.496443286754
13208,4147.37838718265,0,0,4347,-35.5787245457825,-459.85948940952005,404.780273728854,-108.963672590901
13209,3978.4368757101597,0,0,4350,-57.786327470334605,-531.0,330.501709526581,-113.278506346085
13210,3977.20838570943,0,0,4353,-32.197215013889696,-459.859489409544,233.70000000000599,-117.434909867138
13211,4110.6127764474795,0,0,4356,20.5678248144668,-265.500000000005,120.972021680921,-121.427070047901
13212,4258.15118495795,0,0,4359,24.4005884493257,3.12795333602734e-12,-1.37665290890695e-12,-125.249403491379
13213,4374.82240643391,0,0,4362,-2.8090075665295497,265.499999999958,-120.972021680898,-128.89656431862
13214,4481.82794210859,0,0,4365,23.031904344471503,459.859489409548,-233.700000000008,-132.363451645422
13215,4459.91924158457,0,0,4368,27.0661678275246,531.0,-330.501709526583,-135.64521671637
13216,4301.01293658962,0,0,4371,13.670990595177601,459.85948940954694,-404.780273728842,-138.73726968626698
13217,4091.9261194105397,0,0,4374,45.5351366574771,265.50000000001,-451.473731207509,-141.635286039439
13218,3758.63936292692,0,0,4377,-6.625424435176951,6.296425912951471e-11,-467.4,-144.335212637967
13219,3473.84151133802,0,0,4380,-42.3514840640905,-265.50000000000597,-451.47373120751,-146.83327339036998
13220,3382.8525792872697,0,0,4383,13.6183169584574,-459.859489409545,-404.780273728843,-149.125974532801
13221,3375.9258679360496,0,0,4386,2.63768697805489,-531.0,-330.501709526603,-151.2101095154
13222,3588.4321363242207,0,0,4389,46.074389220721905,-459.85948940955,-233.70000000001,-153.08276348694
13223,3880.2748442282395,0,0,4392,29.488183280611896,-265.499999999963,-120.9720216809,-154.741317371509
13224,4279.42565176058,0,0,4395,40.6091032921204,-8.3210499347005e-12,-3.66220220289926e-12,-156.183451531528
13225,4638.5331156126,0,0,4398,11.4682429436552,265.50000000000097,120.972021680919,-157.407149011973
13226,4898.44542715193,0,0,4401,-37.7033638962951,459.85948940951204,233.699999999981,-158.410698361265
13227,5065.456636089079,0,0,4404,-40.8523774126,531.0,330.501709526579,-159.192696024897
13228,5083.79934179072,0,0,4407,-28.088373039226198,459.859489409523,404.780273728853,-159.752048308425
13229,4967.7480057085495,0,0,4410,0.862247408122175,265.50000000002,451.473731207508,-160.087972907101
13230,4768.41115513447,0,0,4413,48.211155134453705,1.40455515700644e-11,467.4,-160.2
13231,4459.80328702801,0,0,4416,17.917528727600104,-265.499999999996,451.473731207511,-160.087972907101
13232,4186.65013012404,0,0,4419,-17.5186058868901,-459.85948940950897,404.780273728859,-159.752048308425
13233,4034.10931886829,0,0,4422,-28.199694633403897,-531.0,330.501709526588,-159.192696024897
13234,4050.84993760514,0,0,4425,10.4201253759436,-459.85948940952596,233.699999999991,-158.41069836126601
13235,4112.00153214692,0,0,4428,-14.063340522014501,-265.500000000025,120.97202168093,-157.407149011973
13236,4263.81329151591,0,0,4431,-11.003256952553699,-1.97700532054283e-11,8.701057314705471e-12,-156.183451531528
13237,4434.816681125039,0,0,4434,11.0300201775038,265.499999999938,-120.972021680888,-154.741317371509
13238,4474.705397534461,0,0,4437,-35.371328388136504,459.85948940953597,-233.69999999999902,-153.08276348694
13239,4511.29270557818,0,0,4440,22.0045246201776,531.0,-330.501709526595,-151.2101095154
13240,4307.835135738979,0,0,4443,-41.1181054089345,459.85948940955905,-404.78027372883696,-149.125974532802
13241,4138.11214651919,0,0,4446,24.9191511170419,265.50000000002996,-451.473731207507,-146.83327339036998
13242,3830.19558108668,0,0,4449,-7.0692062753200196,-3.48731559893858e-11,-467.4,-144.335212637968
13243,3583.3011408063103,0,0,4452,-10.089841946755,-265.499999999986,-451.473731207512,-141.635286039439
13244,3446.3284966628103,0,0,4455,-5.2944705125409905,-459.859489409533,-404.78027372884804,-138.73726968626698
13245,3460.8877040532107,0,0,4458,0.0346302961745054,-531.0,-330.501709526592,-135.645216716371
13246,3625.1168589855897,0,0,4461,-9.960199959406768,-459.859489409562,-233.700000000019,-132.363451645423
13247,3950.9372742463397,0,0,4464,2.30586024584865,-265.499999999983,-120.97202168091002,-128.89656431862
13248,4390.18653138849,0,0,4467,48.4359348799135,-3.12190564761562e-11,-1.37399124265117e-11,-125.249403491379
13249,4773.93383246007,0,0,4470,38.8888808270863,265.499999999981,120.97202168090901,-121.42707004790199
13250,5085.98105418516,0,0,4473,36.856474642768,459.85948940952994,233.69999999999501,-117.434909867138
13251,5241.97842684015,0,0,4476,17.7552236596626,531.0,330.501709526572,-113.278506346086
13252,5238.398675913139,0,0,4479,3.72258536566323,459.859489409534,404.78027372884804,-108.96367259090201
13253,5076.04913642915,0,0,4482,-18.428151491599102,265.499999999988,451.473731207512,-104.49644328675501
13254,4851.4243676089,0,0,4485,-1.0925661333638101,3.69435581115201e-11,467.4,-99.88306625776958
13255,4593.25667172599,0,0,4488,14.412934247322301,-265.499999999976,451.47373120751405,-95.12999372887501
13256,4359.30286328992,0,0,4491,13.6259522724295,-459.859489409558,404.78027372883696,-90.2438733017919
13257,4187.23407012008,0,0,4494,-21.036100748762898,-531.0,330.501709526595,-85.23153865775708
13258,4217.97312617072,0,0,4497,27.232615580254897,-459.859489409537,233.7,-80.09999999999971
13259,4269.1069210851,0,0,4500,-11.5086663464538,-265.500000000045,120.97202168094,-74.8564342493458
13260,4448.04021510244,0,0,4503,14.548390109093402,-4.2668059746884003e-11,1.87787675383179e-11,-69.5081750066336
13261,4532.87845426254,0,0,4506,-53.586821760535294,265.500000000023,-120.97202168093,-64.0627022960229
13262,4664.8797295284,0,0,4509,-11.752127777634401,459.859489409525,-233.699999999991,-58.5276321034974
13263,4717.40525455215,0,0,4512,57.81766980395739,531.0,-330.501709526587,-52.9107057252182
13264,4536.94064917308,0,0,4515,14.0812124330085,459.85948940954,-404.780273728845,-47.219778940626796
13265,4332.32223128859,0,0,4518,41.758773521469,265.50000000005,-451.473731207504,-41.4628110254244
13266,4050.3405665144396,0,0,4521,32.388420134252,-1.19751494479302e-11,-467.4,-35.6478536198016
13267,3806.3681578109295,0,0,4524,29.124928485953497,-265.500000000018,-451.473731207508,-29.783039467498497
13268,3610.9130228503004,0,0,4527,-27.570642969905,-459.85948940952204,-404.780273728853,-23.8765710414233
13269,3679.60260647802,0,0,4530,29.0410250763654,-531.0,-330.50170952659903,-17.9367090717496
13270,3844.07085918314,0,0,4533,16.6021095852824,-459.859489409573,-233.700000000028,-11.9717609925466
13271,4142.764338682129,0,0,4536,-0.77357031387973,-265.500000000003,-120.972021680919,-5.99006932306824
13272,4577.2778620403205,0,0,4539,38.2778620403067,6.25064781256623e-12,2.75099132541757e-12,-3.5313915100213104e-13
13273,4903.57874807591,0,0,4542,-30.8833429280131,265.499999999961,120.97202168089899,5.99006932306639
13274,5216.41697010196,0,0,4545,-34.1142803000894,459.85948940951897,233.699999999986,11.971760992544699
13275,5392.68041302615,0,0,4548,-34.7580055722038,531.0,330.501709526603,17.93670907175
13276,5465.205293936579,0,0,4551,25.6889597567655,459.859489409546,404.780273728843,23.8765710414226
13277,5329.584711170421,0,0,4554,28.8279404954067,265.500000000007,451.47373120751,29.7830394674989
13278,5013.69303821948,0,0,4557,-46.354815400325,-5.26146177202307e-13,467.4,35.647853619802
13279,4759.69736293557,0,0,4560,-27.7391792974127,-265.499999999956,451.47373120751604,41.462811025423704
13280,4602.25607152013,0,0,4563,47.1155082602097,-459.859489409546,404.780273728842,47.2197789406272
13281,4421.97339250336,0,0,4566,3.5609772515410603,-531.0,330.501709526602,52.9107057252165
13282,4436.59052799897,0,0,4569,35.2223853050158,-459.85948940954904,233.700000000009,58.527632103495705
13283,4565.58061464526,0,0,4572,74.0458906683265,-265.500000000012,120.972021680924,64.06270229602221
13284,4658.08756909395,0,0,4575,13.579394087351101,-6.556606628833971e-11,2.8856477761930302e-11,69.508175006632
13285,4799.61717959472,0,0,4578,2.2327670262898396,265.500000000003,-120.97202168092,74.8564342493442
13286,4889.2219406177,0,0,4581,1.9624512081657601,459.859489409543,-233.700000000005,80.1000000000001
13287,4913.04345629609,0,0,4584,43.313627164910095,531.0,-330.50170952658,85.2315386577565
13288,4775.21483475695,0,0,4587,42.8917457744497,459.859489409552,-404.78027372884003,90.24387330179229
13289,4508.35828550831,0,0,4590,9.202022986988881,265.499999999965,-451.473731207515,95.1299937288754
13290,4161.0121242629,0,0,4593,-64.4709419948762,1.09228570935255e-11,-467.4,99.88306625776809
13291,3968.45851579709,0,0,4596,-15.064196282154601,-265.499999999998,-451.473731207511,104.49644328675501
13292,3814.4380113772,0,0,4599,-28.885898075332104,-459.85948940951,-404.78027372885805,108.9636725909
13293,3824.84974893211,0,0,4602,-28.9270478873713,-531.0,-330.50170952660596,113.278506346084
13294,4001.05621647529,0,0,4605,-27.8192039823386,-459.859489409524,-233.69999999999,117.434909867138
13295,4337.84260009598,0,0,4608,-5.11244827097076,-265.500000000022,-120.97202168092899,121.427070047901
13296,4697.8120942203,0,0,4611,-38.4373092710555,-1.6647358728889502e-11,-7.32671889819485e-12,125.249403491378
13297,5144.238211941911,0,0,4614,14.8696259423854,265.499999999993,120.97202168091499,128.89656431862
13298,5460.05832053294,0,0,4617,17.135379478036498,459.859489409508,233.699999999978,132.363451645422
13299,5637.15296426864,0,0,4620,20.0060380256785,531.0,330.501709526596,135.645216716371
13300,5662.35728151038,0,0,4623,35.980248685735,459.859489409527,404.780273728851,138.73726968626698
13301,5500.4819317265,0,0,4626,15.8729144795287,265.500000000027,451.473731207507,141.635286039438
13302,5230.88566825108,0,0,4629,-9.84954438691462,2.2371860364253397e-11,467.4,144.335212637968
13303,4943.5212954075205,0,0,4632,-21.285709190433302,-265.499999999936,451.473731207519,146.83327339036998
13304,4782.46086908484,0,0,4635,53.4141102327226,-459.859489409535,404.78027372884804,149.125974532801
13305,4593.17542249172,0,0,4638,4.46360344973183,-531.0,330.501709526591,151.2101095154
13306,4560.40244473731,0,0,4641,-7.520829340087629,-459.85948940955996,233.700000000018,153.082763486939
13307,4641.5364400852,0,0,4644,-12.6768989672084,-265.500000000032,120.97202168093399,154.741317371509
13308,4803.10923464365,0,0,4647,-0.0742168878988634,3.22713488305608e-11,-1.4203039965540598e-11,156.183451531528
13309,4944.53403696245,0,0,4650,-7.401090368597861,265.499999999984,-120.97202168091002,157.407149011973
13310,5084.784504455971,0,0,4653,47.21431668516729,459.859489409532,-233.69999999999598,158.41069836126601
13311,5042.52009899005,0,0,4656,26.8291124917444,531.0,-330.501709526592,159.192696024898
13312,4875.26223639407,0,0,4659,1.43097240491737,459.85948940956297,-404.78027372883497,159.752048308425
13313,4669.937462708061,0,0,4662,33.8232210084908,265.499999999985,-451.473731207512,160.087972907101
13314,4376.95435863286,0,0,4665,19.1543586328222,3.38208636349812e-11,-467.4,160.2
13315,4186.52537183801,0,0,4668,75.4111301383965,-265.49999999997897,-451.47373120751297,160.087972907101
13316,3996.46483048753,0,0,4671,30.352545317483603,-459.85948940952903,-404.78027372885003,159.752048308425
13317,3947.60752971039,0,0,4674,-24.083456787893702,-531.0,-330.501709526613,159.192696024898
13318,4184.98682942601,0,0,4677,43.1356204742791,-459.85948940953597,-233.69999999999902,158.41069836126601
13319,4431.39409301126,0,0,4680,-19.5410343198122,-265.49999999999,-120.97202168091299,157.407149011973
13320,4884.8178243497,0,0,4683,45.6343728182252,-3.95453652703451e-11,-1.7404429121807302e-11,156.183451531528
13321,5206.75446681848,0,0,4686,-20.4588722339048,265.49999999997397,120.972021680905,154.741317371509
13322,5542.90095279224,0,0,4689,7.25869989572872,459.859489409556,233.700000000015,153.08276348694
13323,5743.31069922276,0,0,4692,38.598880180766294,531.0,330.501709526589,151.210109515401
13324,5685.1294720407495,0,0,4695,-23.6362656304389,459.85948940953796,404.780273728846,149.125974532802
13325,5565.56953516942,0,0,4698,3.7625305714999904,265.500000000047,451.473731207504,146.833273390371
13326,5301.28367326026,0,0,4701,-11.451539377757499,4.52698669057091e-11,467.4,144.335212637968
13327,5046.31307412128,0,0,4704,14.7040568743571,-265.50000000002103,451.473731207508,141.635286039439
13328,4836.01305579145,0,0,4707,45.35500178584889,-459.859489409523,404.780273728853,138.73726968626698
13329,4679.2747413365505,0,0,4710,34.127815093584196,-531.0,330.501709526598,135.645216716371
13330,4661.04659207235,0,0,4713,41.842629836468504,-459.859489409541,233.700000000003,132.363451645422
13331,4702.06344370507,0,0,4716,1.69485770555552,-265.500000000052,120.97202168094401,128.89656431862
13332,4809.169857675301,0,0,4719,-35.0795458160853,9.37334228910512e-12,-4.12532974192818e-12,125.249403491378
13333,4922.552686612999,0,0,4722,-65.40236175399271,265.500000000016,-120.972021680926,121.427070047901
13334,5100.43656863211,0,0,4725,31.842169355441698,459.859489409521,-233.699999999987,117.434909867139
13335,4960.093727220471,0,0,4728,-81.68306959903408,531.0,-330.501709526585,113.278506346085
13336,4899.67989764167,0,0,4731,4.63700937002607,459.859489409574,-404.78027372882997,108.96367259090201
13337,4678.84986684168,0,0,4734,26.3271547624315,265.500000000005,-451.47373120751,104.49644328675501
13338,4409.44424170509,0,0,4737,39.961175447326795,-3.6488406537411905e-12,-467.4,99.8830662577692
13339,4124.26249954275,0,0,4740,6.106237021348,-265.499999999959,-451.47373120751604,95.1299937288755
13340,3978.9345620204103,0,0,4743,10.3304518569925,-459.85948940951795,-404.780273728855,90.2438733017924
13341,3951.38488823519,0,0,4746,-18.344940895979,-531.0,-330.501709526583,85.2315386577566
13342,4151.574610627221,0,0,4749,16.034100036770802,-459.85948940954694,-233.700000000008,80.1000000000012
13343,4419.73006420626,0,0,4752,-20.65434836215,-265.50000000001,-120.972021680923,74.8564342493443
13344,4818.6659482450605,0,0,4755,-5.84222676157187,-2.07566098162273e-12,-9.135253698780251e-13,69.5081750066321
13345,5211.061560488611,0,0,4758,2.52683651173319,265.499999999954,120.97202168089599,64.0627022960234
13346,5450.64082287457,0,0,4761,-62.446298638472996,459.859489409545,233.70000000000599,58.52763210349689
13347,5679.578522554661,0,0,4764,1.1661073028606699,531.0,330.501709526581,52.910705725218804
13348,5727.031587988511,0,0,4767,48.172045909489796,459.85948940955,404.780273728841,47.21977894062739
13349,5576.16769686917,0,0,4770,47.731154636222,265.500000000015,451.473731207509,41.462811025423896
13350,5290.25761660608,0,0,4773,14.2097629862089,6.81678734471648e-11,467.4,35.647853619802206
13351,4965.59576738231,0,0,4776,-26.1610032926925,-265.50000000000097,451.47373120751,29.783039467498998
13352,4760.50326632386,0,0,4779,12.705910963131002,-459.859489409542,404.780273728844,23.8765710414228
13353,4608.8836334611,0,0,4782,9.44521486274357,-531.0,330.501709526605,17.936709071751302
13354,4592.91873221664,0,0,4785,22.106460633639497,-459.859489409553,233.700000000012,11.971760992544901
13355,4645.562418846211,0,0,4788,-3.89967215778983,-265.49999999996703,120.972021680902,5.99006932306655
13356,4824.75564466211,0,0,4791,33.7556446621145,-1.3524664252350598e-11,5.9523804816842304e-12,9.419027240683121e-13
13357,4968.83156165594,0,0,4794,36.2936526599276,265.499999999996,-120.972021680916,-5.99006932306694
13358,5003.0869832705,0,0,4797,-8.10074514648446,459.85948940950897,-233.69999999997898,-11.9717609925441
13359,4939.60130462507,0,0,4800,-42.9602767766066,531.0,-330.501709526578,-17.936709071749398
13360,4842.85659482797,0,0,4803,8.65395018871648,459.859489409525,-404.780273728852,-23.8765710414231
13361,4581.98045043056,0,0,4806,-8.26277889446005,265.500000000025,-451.473731207507,-29.783039467498302
13362,4323.695027727879,0,0,4809,17.742881347662898,1.92491658877145e-11,-467.4,-35.6478536198015
13363,4071.4408266749397,0,0,4812,17.8773689078687,-265.499999999991,-451.473731207512,-41.4628110254242
13364,3919.8189001831897,0,0,4815,16.6784422621797,-459.859489409506,-404.78027372886004,-47.2197789406256
13365,3928.7289850615202,0,0,4818,25.141400313322396,-531.0,-330.50170952659,-52.910705725217
13366,4063.71232761663,0,0,4821,-5.20055087035418,-459.85948940952795,-233.69999999999297,-58.5276321034973
13367,4385.802413024179,0,0,4824,12.3371370011593,-265.50000000002996,-120.972021680933,-64.0627022960217
13368,4775.67874343169,0,0,4827,18.186918438358198,-2.49736675230784e-11,-1.09912355934904e-11,-69.5081750066325
13369,5193.20630035581,0,0,4830,51.59071292433471,265.499999999934,120.972021680886,-74.8564342493436
13370,5433.490823760851,0,0,4833,-12.968665648679302,459.859489409534,233.69999999999698,-80.0999999999996
13371,5683.32066627385,0,0,4836,71.0504954050112,531.0,330.501709526593,-85.23153865775691
13372,5630.335667640339,0,0,4839,16.9397778037385,459.859489409561,404.780273728836,-90.24387330179181
13373,5425.75450736024,0,0,4842,-38.089230118424794,265.500000000035,451.47373120750603,-95.12999372887491
13374,5200.609951802029,0,0,4845,-11.906981940169999,-2.96695416717358e-11,467.4,-99.88306625776951
13375,4968.8296312576895,0,0,4848,39.35234333691329,-265.499999999981,451.47373120751297,-104.496443286754
13376,4729.21815202012,0,0,4851,42.261040291705,-459.859489409531,404.780273728849,-108.963672590901
13377,4533.9411597117,0,0,4854,-6.2820434688037805,-531.0,330.501709526593,-113.278506346086
13378,4487.19081816747,0,0,4857,-26.214782555850395,-459.859489409564,233.70000000002102,-117.434909867138
13379,4600.13986584616,0,0,4860,6.094914213135509,-265.499999999987,120.972021680912,-121.427070047901
13380,4724.0674918414,0,0,4863,-13.6831046671999,-3.64226707938063e-11,1.60300907052967e-11,-125.249403491378
13381,4874.08297195275,0,0,4866,-7.54844204769966,265.499999999976,-120.972021680907,-128.89656431862
13382,5026.8026890664705,0,0,4869,64.00665130235289,459.85948940952795,-233.69999999999297,-132.363451645422
13383,4961.48675206188,0,0,4872,24.6336783048215,531.0,-330.501709526571,-135.645216716371
13384,4776.34788965351,0,0,4875,-14.9940563409104,459.859489409537,-404.78027372884696,-138.73726968626698
13385,4513.68895172879,0,0,4878,-36.7020310242497,265.499999999992,-451.473731207512,-141.635286039439
13386,4276.14118639288,0,0,4881,6.87639903080232,4.21471724291702e-11,-467.4,-144.335212637967
13387,4057.8264773496294,0,0,4884,37.6334819474861,-265.499999999971,-451.47373120751405,-146.83327339036998
13388,3926.9749896398207,0,0,4887,53.7407273110117,-459.85948940955495,-404.78027372883906,-149.125974532801
13389,3894.0478304631,0,0,4890,16.7596495050948,-531.0,-330.501709526597,-151.2101095154
13390,3994.16756918574,0,0,4893,-52.1901779177754,-459.85948940954,-233.70000000000198,-153.08276348694
13391,4312.52645198409,0,0,4896,-42.260208963406,-265.500000000049,-120.972021680942,-154.741317371509
13392,4742.85039521807,0,0,4899,0.0338467496702506,-4.78716740645341e-11,-2.10689458171029e-11,-156.183451531528
13393,5142.41771294624,0,0,4902,11.352840277265,265.500000000019,120.97202168092699,-157.407149011973
13394,5436.87861108776,0,0,4905,-3.2701799604884303,459.85948940952204,233.69999999998902,-158.410698361265
13395,5599.257089831801,0,0,4908,-11.0519236698841,531.0,330.501709526586,-159.192696024897
13396,5636.7886083987705,0,0,4911,20.9008935688104,459.859489409543,404.780273728844,-159.752048308425
13397,5464.06254512283,0,0,4914,-6.8232131776244005,265.500000000054,451.47373120750296,-160.087972907101
13398,5239.50759331249,0,0,4917,15.3075933124931,-6.77153513028008e-12,467.4,-160.2
13399,4983.948035454,0,0,4920,38.0622771536109,-265.500000000014,451.473731207509,-160.087972907101
13400,4713.72246641475,0,0,4923,5.55373040383762,-459.85948940951897,404.780273728854,-159.752048308425
13401,4560.58772845346,0,0,4926,-5.72128504824783,-531.0,330.5017095266,-159.192696024897
13402,4556.54627365074,0,0,4929,12.116461421552401,-459.85948940957604,233.70000000002997,-158.41069836126601
13403,4649.010277389621,0,0,4932,18.9454047206771,-265.500000000007,120.972021680922,-157.407149011973
13404,4816.72923619601,0,0,4935,37.912687727533296,1.0470334949161601e-12,-4.60813046632592e-13,-156.183451531528
13405,4932.0032036547,0,0,4938,4.21654270715372,265.499999999957,-120.972021680897,-154.741317371509
13406,5077.87695754626,0,0,4941,63.8002316236638,459.859489409516,-233.69999999998402,-153.08276348694
13407,5000.47032602729,0,0,4944,7.18214506929104,531.0,-330.50170952660096,-151.2101095154
13408,4825.99169853377,0,0,4947,-26.9615426141311,459.859489409548,-404.780273728842,-149.125974532802
13409,4631.63128567638,0,0,4950,14.4382902742448,265.500000000012,-451.473731207509,-146.83327339036998
13410,4318.316973772439,0,0,4953,-22.947813589597896,4.6774681404477595e-12,-467.4,-144.335212637968
13411,4152.45906325808,0,0,4956,55.068080504990796,-265.499999999952,-451.473731207517,-141.635286039439
13412,3975.24488804585,0,0,4959,19.621920870506802,-459.859489409544,-404.780273728844,-138.73726968626698
13413,3997.69223190368,0,0,4962,32.8391581466544,-531.0,-330.50170952660403,-135.645216716372
13414,4091.0534993540705,0,0,4965,-48.0235595909505,-459.85948940955103,-233.700000000011,-132.363451645423
13415,4464.3023399105605,0,0,4968,11.6709259101261,-265.500000000017,-120.972021680926,-128.89656431862
13416,4819.18820430524,0,0,4971,-26.5623922032791,-7.07696806059898e-11,-3.1146656040715296e-11,-125.249403491379
13417,5246.50153372932,0,0,4974,7.4565820963017595,265.49999999999903,120.972021680918,-121.42707004790199
13418,5612.61763752297,0,0,4977,59.49305798056021,459.859489409541,233.700000000003,-117.434909867138
13419,5749.1714457047,0,0,4980,20.948242524204602,531.0,330.501709526579,-113.278506346086
13420,5730.70482094161,0,0,4983,-7.9712696058788595,459.859489409554,404.78027372883906,-108.96367259090201
13421,5576.571326844971,0,0,4986,-21.9059610757633,265.49999999997004,451.473731207515,-104.49644328675501
13422,5349.554578732829,0,0,4989,-6.9623550094150595,1.61264714111756e-11,467.4,-99.88306625776958
13423,5103.08543030604,0,0,4992,20.2416928273926,-265.49999999999403,451.473731207511,-95.1299937288751
13424,4854.54158782771,0,0,4995,4.86467681019077,-459.85948940953796,404.780273728846,-90.2438733017919
13425,4674.4180033393295,0,0,4998,-37.8521675295176,-531.0,330.501709526608,-85.23153865775708
13426,4647.12822175966,0,0,5001,-47.6122888308012,-459.859489409527,233.699999999992,-80.0999999999998
13427,4773.896600233689,0,0,5004,-10.7189871978714,-265.500000000027,120.972021680931,-74.8564342493458
13428,4966.15937064003,0,0,5007,28.6675456466764,-2.1850973046539498e-11,9.61689717697983e-12,-69.5081750066337
13429,5141.11632891961,0,0,5010,50.6510528965516,265.49999999998903,-120.97202168091299,-64.0627022960219
13430,5199.59560252584,0,0,5013,18.9637452198042,459.859489409505,-233.699999999976,-58.527632103497496
13431,5136.91588164753,0,0,5016,-26.6717031006617,531.0,-330.501709526594,-52.91070572521829
13432,4999.07860429619,0,0,5019,-27.7808324438654,459.85948940952994,-404.78027372885003,-47.219778940626895
13433,4837.7151834843,0,0,5022,43.1517257171964,265.500000000032,-451.47373120750603,-41.4628110254244
13434,4483.82711539517,0,0,5025,-38.125030985054,2.7575474681903497e-11,-467.4,-35.6478536198017
13435,4294.90437460864,0,0,5028,13.6611452836797,-265.50000000003604,-451.47373120750603,-29.783039467498497
13436,4138.1376514768,0,0,5031,-4.3460143433927705,-459.859489409532,-404.780273728849,-23.8765710414233
13437,4188.40340048128,0,0,5034,33.8418190796265,-531.0,-330.501709526592,-17.9367090717496
13438,4371.32803190335,0,0,5037,39.859282305480704,-459.85948940956297,-233.70000000002003,-11.9717609925466
13439,4683.89186361784,0,0,5040,36.3539546218807,-265.500000000037,-120.972021680936,-5.990069323068281
13440,-24.325111243614998,0,0,-3,-21.325111243615,0.0,0.0,0.0
13441,504.861094675493,0,0,-6,82.9901508785688,295.8,127.494261617502,4.57668217942226
13442,775.1096001977401,0,0,-9,16.3220078638878,512.340628878874,246.3,9.14696345497833
13443,981.7252467917681,0,0,-12,40.0999945042302,591.6,348.320800412493,13.704451875044901
13444,973.164662719717,0,0,-15,30.9771465566644,512.340628878874,426.60411390421405,18.2427733799638
13445,739.809292836162,0,0,-18,-36.5613499105741,295.8,475.815062029995,22.7555807167407
13446,579.721835076511,0,0,-21,80.885272760258,7.24501046375574e-14,492.6,27.2365623162529
13447,145.208256884303,0,0,-24,-42.4862562662407,-295.8,475.815062029995,31.6794511205485
13448,4.736573520417269,0,0,-27,81.3950551471818,-512.340628878874,426.604113904215,36.0780333478947
13449,-266.937113250653,0,0,-30,-34.0840708464588,-591.6,348.320800412493,40.4261571833124
13450,-239.219997379301,0,0,-33,15.1028901171264,-512.340628878874,246.3,44.7177413824467
13451,-138.306108193992,0,0,-36,17.0528464117706,-295.8,127.494261617502,48.9467837767363
13452,75.9864929834003,0,0,-39,61.8791233154113,-1.4490020927511498e-13,6.03261013259986e-14,53.107369667989104
13453,195.315690683669,0,0,-42,11.816272200548198,295.8,-127.494261617502,57.1936801006228
13454,342.08852753317,0,0,-45,59.847898654296294,512.340628878874,-246.3,61.2
13455,305.230504830347,0,0,-48,44.8305790773629,591.6,-348.320800412493,65.1207261654772
13456,50.88439184036471,0,0,-51,-52.8024982412825,512.340628878874,-426.60411390421405,68.9503751069873
13457,-109.27206410176599,0,0,-54,52.0594072140325,295.8,-475.815062029995,72.6835907141966
13458,-468.995878926415,0,0,-57,4.28896932607585,2.1735031391267197e-13,-492.6,76.315151747509
13459,-780.689102025396,0,0,-60,-28.9140191358429,-295.799999999999,-475.815062029995,79.839979140442
13460,-813.155014488526,0,0,-63,105.536585191402,-512.340628878874,-426.60411390421405,83.2531431031605
13461,-1028.746396626,0,0,-66,-109.375466230744,-591.6,-348.320800412493,86.54987001723342
13462,-759.782183811715,0,0,-69,-21.8671040448112,-512.340628878874,-246.3,89.72554911197071
13463,-395.1875167828799,0,0,-72,7.331005921619769,-295.800000000001,-127.494261617502,92.77573891300341
13464,-44.2243553219193,0,0,-75,-64.92052877600571,-2.8980041855022995e-13,-1.20652202651997e-13,95.6961734540868
13465,422.906696330661,0,0,-78,-20.8703335302813,295.8,127.494261617502,98.4827682434402
13466,855.1159809596151,0,0,-81,76.343726104463,512.340628878874,246.3,101.131625976278
13467,861.728230004154,0,0,-84,-97.8316123938812,591.6,348.320800412493,103.639041985542
13468,1011.30355315828,0,0,-87,53.3573009519741,512.340628878874,426.60411390421405,106.00150942321501
13469,839.36443746971,0,0,-90,49.5336512747503,295.8,475.815062029995,108.215724164964
13470,472.800244258958,0,0,-93,-37.0783451722996,1.41314322937698e-12,492.6,110.27858943125601
13471,185.026822124077,0,0,-96,-11.175460024403998,-295.799999999999,475.815062029995,112.18722011848499
13472,-112.94089681572399,0,0,-99,-42.1433286751156,-512.340628878873,426.604113904215,113.938946834051
13473,-199.432790096721,0,0,-102,30.315089861041997,-591.6,348.320800412493,115.53131962974399
13474,-250.3589546957,0,0,-105,3.7195627549507404,-512.340628878874,246.3,116.96211142822399
13475,-190.565049276061,0,0,-108,-32.4886320313449,-295.8,127.494261617502,118.22932113778201
13476,-35.3074282615352,0,0,-111,-43.6386047125901,-4.3470062782534394e-13,1.80978303977996e-13,119.33117645105499
13477,201.149350310416,0,0,-114,26.577475604163798,295.799999999999,-127.494261617501,120.26613632375401
13478,337.551462281537,0,0,-117,67.4779402727079,512.340628878873,-246.3,121.032893129956
13479,251.999621799197,0,0,-120,7.090047720757,591.6,-348.320800412493,121.630374490933
13480,90.4214480860119,0,0,-123,5.6271883363760695,512.340628878874,-426.604113904215,122.057744774976
13481,-205.71503575542198,0,0,-126,-22.014379991529104,295.800000000002,-475.815062029995,122.31440626610001
13482,-480.655339261794,0,0,-129,18.544660738206,5.071507324629021e-13,-492.6,122.4
13483,-887.423753999193,0,0,-132,-106.123098235299,-295.799999999999,-475.815062029995,122.31440626610001
13484,-2250.30490252107,1,0,-135,-1.23268000390183,-512.340628878873,-426.604113904215,122.057744774976
13485,-1024.24402810484,0,0,-138,-67.9536021832844,-591.6,-348.320800412493,121.630374490933
13486,-760.556902957989,0,0,-141,18.050832790930702,-512.340628878875,-246.30000000000098,121.032893129956
13487,-544.448281642538,0,0,-144,-97.42015634879009,-295.8,-127.494261617502,120.26613632375401
13488,-11.620336142927401,0,0,-147,16.0484874060182,-5.79600837100459e-13,-2.41304405303994e-13,119.33117645105499
13489,273.830528952949,0,0,-150,-117.693053802333,295.799999999999,127.494261617501,118.22932113778201
13490,730.56005168806,0,0,-153,7.957311380961549,512.340628878874,246.3,116.96211142822399
13491,810.125432411638,0,0,-156,-89.326687630599,591.6,348.320800412493,115.53131962974399
13492,850.9447466835969,0,0,-159,-42.9389429335424,512.340628878874,426.604113904215,113.938946834051
13493,717.065322307766,0,0,-162,-4.736959840713951,295.8,475.815062029995,112.18722011848499
13494,429.47511577738,0,0,-165,-8.4034736538768,6.520509417380171e-13,492.6,110.27858943125601
13495,178.332798551788,0,0,-168,58.1020123568303,-295.800000000001,475.815062029995,108.215724164964
13496,-232.028012438239,0,0,-171,-81.29300688679591,-512.340628878873,426.604113904215,106.00150942321501
13497,-358.601607442632,0,0,-174,-44.961449840667896,-591.6,348.32080041249395,103.639041985542
13498,-300.961139026536,0,0,-177,40.9478638760601,-512.340628878874,246.3,101.131625976278
13499,-319.831080153081,0,0,-180,-70.0081100140232,-295.8,127.494261617502,98.4827682434402
13500,-77.30174696827471,0,0,-183,10.0020795776401,-2.8262864587539503e-12,1.1766638857185601e-12,95.69617345408692
13501,98.96018115149151,0,0,-186,23.8787038559902,295.799999999999,-127.494261617501,92.77573891300341
13502,146.097196393841,0,0,-189,-20.668981597003697,512.340628878873,-246.29999999999902,89.7255491119708
13503,157.2664379149,0,0,-192,19.437368310159602,591.6,-348.320800412493,86.54987001723342
13504,-6.36656115355951,0,0,-195,19.6437807686189,512.340628878875,-426.60411390421405,83.2531431031605
13505,-283.912430018677,0,0,-198,14.262652870875199,295.8,-475.815062029995,79.8399791404421
13506,-523.303439536533,0,0,-201,93.9814087159592,-1.30483426136524e-12,-492.6,76.315151747509
13507,-873.788357021943,0,0,-204,29.143114293854698,-295.799999999999,-475.815062029995,72.6835907141966
13508,-1115.5741882795,0,0,-207,-38.5798206034016,-512.340628878874,-426.60411390421405,68.9503751069873
13509,-923.168734430414,0,0,-210,161.631339816603,-591.6,-348.32080041249395,65.1207261654772
13510,-975.726945185289,0,0,-213,-65.2863163064149,-512.340628878874,-246.3,61.2
13511,-522.600784916483,0,0,-216,59.4997966003943,-295.799999999999,-127.494261617501,57.1936801006228
13512,-175.416949044442,0,0,-219,-9.52431871243012,-8.69401255650689e-13,-3.61956607955992e-13,53.107369667989104
13513,196.932587274338,0,0,-222,-53.3084581198955,295.799999999997,127.4942616175,48.9467837767363
13514,490.55320350930396,0,0,-225,-87.8051667520149,512.340628878873,246.29999999999902,44.7177413824467
13515,814.431860031553,0,0,-228,62.0849024357475,591.6,348.320800412493,40.426157183312505
13516,743.9184390720391,0,0,-231,-0.104337058945225,512.340628878875,426.60411390421405,36.0780333478947
13517,493.6864084048901,0,0,-234,-75.6081047456538,295.8,475.815062029995,31.679451120548602
13518,286.76313701838404,0,0,-237,3.9265747021285202,3.0436367726666203e-12,492.6,27.2365623162529
13519,-0.6289231838973779,0,0,-240,36.600434069365605,-295.799999999999,475.815062029995,22.7555807167407
13520,-414.960885059274,0,0,-243,-104.467143464578,-512.340628878874,426.60411390421405,18.2427733799638
13521,-481.745127246857,0,0,-246,-6.17037953439599,-591.6,348.32080041249395,13.704451875044901
13522,-490.160412116222,0,0,-249,15.733253307674,-512.340628878876,246.30000000000197,9.146963454978382
13523,-403.888033335458,0,0,-252,11.841022867617399,-295.799999999999,127.494261617501,4.5766821794222405
13524,-269.641076149349,0,0,-255,-14.6410761493481,-1.0143014649258001e-12,4.2228270928199e-13,1.49896768215636e-14
13525,-164.673923957328,0,0,-258,-70.4029801604047,295.800000000001,-127.494261617502,-4.57668217942226
13526,66.6641222639896,0,0,-261,70.7704568400942,512.340628878873,-246.29999999999902,-9.14696345497829
13527,-46.947655576825,0,0,-264,-12.522403289288098,591.6,-348.32080041249196,-13.704451875044901
13528,-131.84775456856002,0,0,-267,67.65850383674271,512.340628878875,-426.60411390421405,-18.242773379963698
13529,-434.441874367497,0,0,-270,38.32876837923779,295.800000000001,-475.815062029995,-22.7555807167408
13530,-770.588076909508,0,0,-273,22.2484854067456,-1.0150338428150201e-12,-492.6,-27.2365623162529
13531,-1074.18923205376,0,0,-276,5.10528109678365,-295.799999999999,-475.815062029995,-31.6794511205485
13532,-1290.44773332064,0,0,-279,-36.4249571896604,-512.3406288788719,-426.604113904215,-36.0780333478946
13533,-1258.4294566042802,0,0,-282,3.91750099152842,-591.6,-348.32080041249395,-40.4261571833124
13534,-1110.6621335230802,0,0,-285,-22.3037632617586,-512.340628878874,-246.3,-44.7177413824467
13535,-747.828062657191,0,0,-288,12.4129827370453,-295.799999999999,-127.494261617501,-48.9467837767363
13536,-363.08050010723196,0,0,-291,-18.9731304392417,-1.1592016742009198e-12,-4.826088106079891e-13,-53.107369667989104
13537,160.194886817785,0,0,-294,88.0943053009103,295.799999999997,127.4942616175,-57.1936801006227
13538,260.215331360992,0,0,-297,-140.22529751788,512.340628878873,246.29999999999902,-61.2
13539,669.108714527093,0,0,-300,94.30864028007679,591.6,348.320800412493,-65.1207261654772
13540,519.622838587255,0,0,-303,-47.371529088845605,512.340628878873,426.604113904215,-68.9503751069873
13541,394.987711779272,0,0,-306,2.0562404634726996,295.800000000001,475.815062029995,-72.6835907141966
13542,206.467218707436,0,0,-309,99.18237045494111,3.33343719121685e-12,492.6,-76.315151747509
13543,-300.10300836177004,0,0,-312,-88.27809125132481,-295.799999999999,475.815062029995,-79.839979140442
13544,-473.302453691557,0,0,-315,10.687204386263302,-512.340628878874,426.60411390421405,-83.2531431031605
13545,-645.464148585541,0,0,-318,2.36492101919952,-591.6,348.320800412493,-86.54987001723342
13546,-633.188279298898,0,0,-321,43.5778986919466,-512.340628878874,246.3,-89.72554911197071
13547,-745.5601786162799,0,0,-324,-160.478701320777,-295.800000000003,127.494261617503,-92.77573891300341
13548,-386.94509167757695,0,0,-327,35.7510817765107,-1.30410188347603e-12,5.429349119339879e-13,-95.6961734540868
13549,-364.858334730855,0,0,-330,-104.681304869912,295.799999999997,-127.4942616175,-98.4827682434402
13550,-191.844646805828,0,0,-333,-23.7536497084241,512.340628878875,-246.30000000000098,-101.131625976278
13551,-252.95346446938098,0,0,-336,-56.593622071346,591.6,-348.320800412493,-103.639041985542
13552,-352.865543729628,0,0,-339,6.399450718925871,512.340628878875,-426.60411390421405,-106.00150942321501
13553,-656.8873317170379,0,0,-342,-26.65654552208,295.800000000001,-475.815062029995,-108.215724164964
13554,-993.466121780124,0,0,-345,-45.5875323488715,3.47833740049197e-12,-492.6,-110.27858943125601
13555,-1303.4576214527801,0,0,-348,-71.6553393042935,-295.800000000002,-475.815062029995,-112.18722011848499
13556,-1294.5645303383099,0,0,-351,109.31915927883301,-512.340628878874,-426.60411390421405,-113.938946834051
13557,-1439.85698988707,0,0,-354,-30.4048698448345,-591.6,-348.32080041249395,-115.53131962974399
13558,-1265.23938685949,0,0,-357,-32.636646552395604,-512.340628878874,-246.3,-116.96211142822399
13559,-825.6301873606129,0,0,-360,75.8933953946743,-295.800000000003,-127.494261617503,-118.22932113778201
13560,-520.710434862177,0,0,-363,-38.379258411114,-5.6525729175079005e-12,-2.35332777143711e-12,-119.33117645105499
13561,-96.18661384000521,0,0,-366,-33.2147391337528,295.8,127.494261617502,-120.26613632375401
13562,350.13931398691705,0,0,-369,81.5315782380004,512.340628878873,246.29999999999902,-121.032893129956
13563,358.60712014808195,0,0,-372,-87.683305773477,591.6,348.32080041249196,-121.630374490933
13564,415.945657160737,0,0,-375,-25.941340847375603,512.340628878875,426.60411390421405,-122.057744774976
13565,227.497617075319,0,0,-378,-43.8030386885772,295.800000000001,475.815062029995,-122.31440626610001
13566,19.077925410925697,0,0,-381,29.8779254109263,-5.80333214989671e-13,492.6,-122.4
13567,-345.25996873514396,0,0,-384,-18.960624499037,-295.800000000002,475.815062029995,-122.31440626610001
13568,-565.438890088245,0,0,-387,29.355369661388,-512.3406288788719,426.604113904215,-122.057744774976
13569,-766.7757450549781,0,0,-390,-11.866170976539399,-591.6,348.32080041249395,-121.630374490933
13570,-732.7730981358619,0,0,-393,47.3004238729675,-512.340628878874,246.3,-121.032893129956
13571,-703.364971599645,0,0,-396,-18.7930968933922,-295.799999999999,127.494261617501,-120.26613632375401
13572,-341.610624049179,0,0,-399,176.72055240187402,2.60966852273049e-12,-1.08647964359114e-12,-119.33117645105499
13573,-381.29286450179495,0,0,-402,-29.3692817465095,295.799999999997,-127.4942616175,-118.22932113778201
13574,-168.358667994953,0,0,-405,87.5628145543972,512.340628878873,-246.29999999999902,-116.96211142822399
13575,-330.710965761096,0,0,-408,-50.45884571885839,591.6,-348.320800412493,-115.53131962974399
13576,-468.218620662077,0,0,-411,-29.016188802684898,512.340628878873,-426.604113904215,-113.938946834051
13577,-671.439010360871,0,0,-414,34.7632717876124,295.799999999998,-475.815062029995,-112.18722011848499
13578,-989.371905692944,0,0,-417,30.5066837383088,3.7681378190422e-12,-492.6,-110.27858943125601
13579,-1315.04434281807,0,0,-420,-15.2135566231093,-295.799999999998,-475.815062029995,-108.215724164964
13580,-1459.27679997375,0,0,-423,8.66945223255232,-512.340628878874,-426.604113904215,-106.00150942321501
13581,-1469.7671725593302,0,0,-426,-0.207330161293909,-591.6,-348.320800412495,-103.639041985542
13582,-1237.1781526514999,0,0,-429,51.59410220365189,-512.3406288788719,-246.29999999999902,-101.131625976278
13583,-933.811279557444,0,0,-432,19.9657503035022,-295.800000000003,-127.494261617503,-98.4827682434402
13584,-496.743782804489,0,0,-435,33.9523906496,-1.7388025113013798e-12,-7.239132159119829e-13,-95.69617345408692
13585,17.7081577118415,0,0,-438,125.189635007343,295.8,127.494261617502,-92.77573891300351
13586,238.533618817386,0,0,-441,10.6185390504883,512.340628878871,246.29999999999802,-89.7255491119708
13587,383.436079555295,0,0,-444,-25.934850839966302,591.6,348.32080041249395,-86.54987001723342
13588,319.882719855666,0,0,-447,-88.8088798242629,512.340628878876,426.60411390421405,-83.2531431031605
13589,191.181798703321,0,0,-450,-50.5932841862327,295.800000000001,475.815062029995,-79.839979140442
13590,-89.95142392452391,0,0,-453,-53.2362721770146,-2.90532796439441e-13,492.6,-76.315151747509
13591,-282.107355646018,0,0,-456,66.5611730381773,-295.799999999994,475.81506202999606,-72.6835907141966
13592,-692.0026227018041,0,0,-459,-78.31573262016009,-512.3406288788719,426.604113904215,-68.9503751069874
13593,-677.051426873506,0,0,-462,93.3484988794774,-591.6,348.32080041249395,-65.1207261654772
13594,-785.863747085043,0,0,-465,6.3768817938307,-512.340628878874,246.3,-61.2000000000001
13595,-759.860160335617,0,0,-468,-66.36074185249579,-295.799999999999,127.494261617501,-57.1936801006228
13596,-493.25544853151604,0,0,-471,30.851921136476303,-6.0872735453332495e-12,2.53430607541511e-12,-53.107369667989104
13597,-309.222246409621,0,0,-474,45.4187989846194,295.799999999996,-127.4942616175,-48.9467837767363
13598,-175.470309723722,0,0,-477,80.2068027798514,512.340628878873,-246.29999999999902,-44.7177413824467
13599,-198.81187440135398,0,0,-480,78.33508319445141,591.6,-348.320800412493,-40.426157183312505
13600,-399.605649294813,0,0,-483,33.7358690784226,512.340628878874,-426.604113904215,-36.0780333478947
13601,-690.044398734243,0,0,-486,7.65011441629427,295.800000000005,-475.81506202999395,-31.6794511205485
13602,-1083.44641555539,0,0,-489,-74.60985323914359,4.05793823759243e-12,-492.6,-27.2365623162529
13603,-1219.88175445504,0,0,-492,66.4888882916981,-295.799999999998,-475.815062029995,-22.7555807167408
13604,-1421.1018212716501,0,0,-495,31.085694891399804,-512.340628878869,-426.604113904216,-18.2427733799639
13605,-1462.5720554426598,0,0,-498,-10.946803155115,-591.6,-348.320800412495,-13.704451875044999
13606,-1243.57231801901,0,0,-501,25.2152743148401,-512.3406288788719,-246.29999999999902,-9.14696345497829
13607,-956.488043579581,0,0,-504,-24.617099782663303,-295.799999999996,-127.4942616175,-4.576682179422249
13608,-578.909040956967,0,0,-507,-71.90904095696409,-2.02860292985161e-12,-8.445654185639809e-13,-2.99793536431272e-14
13609,-36.7715336814135,0,0,-510,45.3575225216629,295.8,127.494261617502,4.5766821794223
13610,254.02930109831502,0,0,-513,-0.75829123553908,512.340628878875,246.30000000000098,9.14696345497833
13611,516.803967452313,0,0,-516,79.17871516477679,591.6,348.32080041249196,13.704451875044802
13612,367.537899157494,0,0,-519,-70.6496170055593,512.340628878876,426.60411390421405,18.242773379963698
13613,273.162337600459,0,0,-522,0.79169485372217,295.800000000002,475.815062029995,22.755580716740603
13614,33.8914516173115,0,0,-525,39.0548893010502,8.40640927162429e-12,492.6,27.2365623162529
13615,929.659302649592,1,0,-528,-51.2204350100109,-295.799999999994,475.81506202999606,31.6794511205485
13616,-556.533460798551,0,0,-531,24.125020828210697,-512.340628878871,426.604113904215,36.0780333478946
13617,-737.1251355168599,0,0,-534,-0.272093112664482,-591.6,348.32080041249196,40.426157183312505
13618,-781.4472518957621,0,0,-537,-23.124364399334997,-512.340628878875,246.30000000000098,44.717741382446796
13619,-678.389900724526,0,0,-540,-19.0309461187646,-295.8,127.494261617502,48.9467837767363
13620,-475.740262576455,0,0,-543,14.1523677555549,2.0300676856300297e-12,-8.451752382871469e-13,53.107369667989104
13621,-342.258337075128,0,0,-546,-21.757755558246497,295.799999999996,-127.4942616175,57.1936801006227
13622,-193.396444381844,0,0,-549,28.362926739282397,512.3406288788719,-246.29999999999902,61.2
13623,-334.767805592956,0,0,-552,-91.16773134594,591.6,-348.320800412493,65.1207261654772
13624,-511.213823765809,0,0,-555,-110.90071384746099,512.340628878878,-426.604113904213,68.9503751069873
13625,-683.32764644821,0,0,-558,-17.9961751324178,295.800000000005,-475.81506202999395,72.6835907141965
13626,-1003.16485579142,0,0,-561,-25.8800075389317,4.34773865614266e-12,-492.6,76.3151517475089
13627,-1325.3048129973402,0,0,-564,-69.5297301077871,-295.800000000005,-475.81506202999395,79.8399791404421
13628,-1438.8476254772102,0,0,-567,-16.1560257972848,-512.340628878874,-426.604113904215,83.2531431031605
13629,-1360.9147371235301,0,0,-570,62.4561932717313,-591.6,-348.320800412493,86.54987001723342
13630,-1306.9885022726598,0,0,-573,-65.0734225057545,-512.340628878873,-246.29999999999902,89.7255491119708
13631,-850.742968612832,0,0,-576,55.7755540916718,-295.800000000003,-127.494261617503,92.77573891300341
13632,-429.173736279907,0,0,-579,54.1300902660099,-2.3184033484018396e-12,-9.652176212159781e-13,95.6961734540868
13633,-86.5092500978249,0,0,-582,-26.2862799587661,295.799999999999,127.494261617501,98.48276824344009
13634,309.031796500238,0,0,-585,34.259541645092696,512.34062887887,246.299999999997,101.131625976278
13635,472.312455920764,0,0,-588,16.7526135227303,591.6,348.32080041249196,103.639041985542
13636,407.44877728867993,0,0,-591,-46.497474917624295,512.340628878876,426.60411390421405,106.00150942321501
13637,265.882734847567,0,0,-594,-19.9480513474,295.800000000009,475.81506202999395,108.215724164964
13638,-43.6803827072056,0,0,-597,-49.558972138462,2.89068040661018e-13,492.6,110.27858943125601
13639,-318.900671970967,0,0,-600,-11.1029541194454,-295.800000000001,475.815062029995,112.18722011848499
13640,-537.191282362047,0,0,-603,37.6062857785644,-512.340628878876,426.60411390421405,113.938946834051
13641,-598.561560439171,0,0,-606,135.18631951858998,-591.6,348.32080041249395,115.53131962974399
13642,-825.2752535718961,0,0,-609,-67.1967361212455,-512.340628878875,246.30000000000098,116.96211142822399
13643,-565.149804725035,0,0,-612,96.9266125196813,-295.8,127.494261617502,118.22932113778201
13644,-554.757060446926,0,0,-615,-59.0882368979772,-6.66687438243371e-12,2.7756104807191e-12,119.33117645105499
13645,-304.827467580647,0,0,-618,24.600657713102198,295.799999999996,-127.4942616175,120.26613632375401
13646,-337.87206067733996,0,0,-621,-103.94558268616899,512.3406288788719,-246.29999999999902,121.032893129956
13647,-216.22624019756802,0,0,-624,42.864185723989394,591.6,-348.32080041249003,121.630374490933
13648,-436.53885575079596,0,0,-627,-17.3331155004321,512.340628878874,-426.604113904215,122.057744774976
13649,-783.58188671229,0,0,-630,-95.8812309483935,295.799999999998,-475.815062029995,122.31440626610001
13650,-984.093359507223,0,0,-633,19.1066404927807,-3.76960257482062e-12,-492.6,122.4
13651,-1277.55394125478,0,0,-636,7.746714509113129,-295.799999999998,-475.815062029995,122.31440626610001
13652,-1466.3131443174802,0,0,-639,-10.426146309369802,-512.340628878873,-426.604113904215,122.057744774976
13653,-1548.0196658351902,0,0,-642,-87.7292399136251,-591.6,-348.320800412493,121.630374490933
13654,-1233.0824466588401,0,0,-645,49.5252890900854,-512.340628878877,-246.30000000000197,121.032893129956
13655,-986.0593291768829,0,0,-648,-35.031203883130495,-295.800000000004,-127.494261617503,120.26613632375401
13656,-545.3581866088481,0,0,-651,-13.6893630598991,-2.6082037669520697e-12,-1.08586982386798e-12,119.33117645105499
13657,-109.59591726740801,0,0,-654,2.88049997732054,295.799999999992,127.494261617498,118.22932113778201
13658,267.262064574261,0,0,-657,48.659324267170106,512.34062887887,246.299999999997,116.96211142822399
13659,350.717188023889,0,0,-660,-44.734932018349106,591.6,348.32080041249395,115.53131962974399
13660,323.958645259758,0,0,-663,-65.9250443573792,512.3406288788719,426.604113904215,113.938946834051
13661,355.448190597186,0,0,-666,137.645908448704,295.800000000002,475.815062029995,112.18722011848499
13662,-77.62596810875759,0,0,-669,-11.5045575400142,5.78868459211248e-13,492.6,110.27858943125601
13663,-486.0040247444,0,0,-672,-102.234810939359,-295.800000000001,475.815062029995,108.215724164964
13664,-669.419551291547,0,0,-675,-14.6845457401072,-512.340628878871,426.604113904216,106.00150942321501
13665,-826.643779842074,0,0,-678,-9.00362224011031,-591.6,348.32080041249395,103.639041985542
13666,-839.5124746045129,0,0,-681,6.39652829808324,-512.340628878875,246.30000000000098,101.131625976278
13667,-724.312512764437,0,0,-684,29.510457374624902,-295.800000000008,127.494261617505,98.4827682434402
13668,-654.27239486444,0,0,-687,-62.9685683185227,-6.95667480098393e-12,2.8962626833711e-12,95.69617345408692
13669,-394.525659549266,0,0,-690,34.3928631552349,295.799999999995,-127.4942616175,92.77573891300351
13670,-433.307284276849,0,0,-693,-96.0734622676938,512.340628878876,-246.30000000000197,89.72554911197071
13671,-320.993437029146,0,0,-696,45.177493366113794,591.6,-348.320800412493,86.54987001723342
13672,-447.93470176652,0,0,-699,82.07564015565991,512.340628878874,-426.60411390421405,83.2531431031605
13673,-750.955778556331,0,0,-702,51.2193043332234,295.799999999998,-475.815062029995,79.839979140442
13674,-1192.9828010708302,0,0,-705,-71.6979528183408,4.9273394932431194e-12,-492.6,76.315151747509
13675,-1351.30597502218,0,0,-708,55.6254962936183,-295.799999999997,-475.815062029995,72.6835907141967
13676,-1472.8213340576801,0,0,-711,108.173033618419,-512.340628878873,-426.604113904215,68.9503751069874
13677,-1567.43826324948,0,0,-714,21.3618109975364,-591.6,-348.32080041249606,65.1207261654773
13678,-1420.45431879464,0,0,-717,-6.01368991575657,-512.340628878877,-246.30000000000197,61.2000000000002
13679,-1137.1033304960902,0,0,-720,-51.002748979208796,-295.800000000004,-127.49426161750401,57.1936801006228
13680,-614.665171593791,0,0,-723,55.227458738235995,-1.1305145835015801e-11,-4.706655542874231e-12,53.107369667989204
13681,-278.53249702932203,0,0,-726,-24.7735424235583,295.799999999999,127.494261617501,48.9467837767364
13682,93.7717440236227,0,0,-729,19.4133737623017,512.340628878874,246.3,44.7177413824467
13683,285.21733607497004,0,0,-732,36.8703784791633,591.6,348.32080041249395,40.4261571833124
13684,242.61927198146302,0,0,-735,2.5964958504783597,512.340628878876,426.60411390421405,36.0780333478946
13685,-8.36821618698289,0,0,-738,-73.6627293375284,295.800000000002,475.815062029995,31.6794511205485
13686,-183.258339945223,0,0,-741,37.905097738514705,9.27581052727498e-12,492.6,27.2365623162529
13687,-563.76745582,0,0,-744,-22.5380985667351,-295.800000000001,475.815062029995,22.7555807167408
13688,-830.109088566957,0,0,-747,-15.615346972265801,-512.340628878871,426.604113904216,18.2427733799639
13689,-910.254593718961,0,0,-750,69.3201539934968,-591.6,348.320800412497,13.704451875044999
13690,-1076.09256241031,0,0,-753,-66.1988969864132,-512.340628878875,246.30000000000098,9.14696345497852
13691,-907.690375973674,0,0,-756,12.038680229398599,-295.79999999999296,127.494261617499,4.57668217942226
13692,-715.609690383138,0,0,-759,43.3903096168612,1.1606664299793402e-12,-4.83218630331156e-13,4.4969030464690804e-14
13693,-619.457322975688,0,0,-762,-21.1863791787613,295.799999999995,-127.4942616175,-4.5766821794221695
13694,-560.7968482745749,0,0,-765,-52.690513698470895,512.340628878876,-246.30000000000197,-9.146963454978211
13695,-466.85433227757994,0,0,-768,71.5709200099574,591.6,-348.320800412493,-13.704451875044901
13696,-798.04585504825,0,0,-771,-94.53959664295161,512.340628878878,-426.604113904213,-18.2427733799638
13697,-995.8790555238,0,0,-774,-19.1084127770626,295.799999999999,-475.815062029995,-22.7555807167407
13698,-1356.9690002275302,0,0,-777,-60.1324379112829,5.21713991179335e-12,-492.6,-27.236562316252797
13699,-1615.9923407210401,0,0,-780,-32.6978275705053,-295.79999999999,-475.81506202999606,-31.6794511205485
13700,-1705.7625908428,0,0,-783,52.260185288183095,-512.340628878873,-426.604113904215,-36.0780333478946
13701,-1707.1209114479998,0,0,-786,59.2260461478049,-591.6,-348.32080041249606,-40.4261571833123
13702,-1681.96701033993,0,0,-789,-89.6086400786113,-512.340628878873,-246.29999999999902,-44.717741382446796
13703,-1368.2308957570801,0,0,-792,-103.98985036283399,-295.800000000004,-127.49426161750401,-48.9467837767363
13704,-901.471144542717,0,0,-795,-53.363774874735604,5.21933704546098e-12,2.17295928718228e-12,-53.107369667989104
13705,-443.034790765329,0,0,-798,-11.135372282206099,295.799999999999,127.494261617501,-57.1936801006227
13706,-69.8935290739989,0,0,-801,33.665842047134,512.34062887887,246.299999999997,-61.199999999999896
13707,131.193800463607,0,0,-804,60.3937262165902,591.6,348.32080041249395,-65.12072616547711
13708,30.842710693047,0,0,-807,-32.151656983055396,512.340628878876,426.604113904213,-68.9503751069874
13709,-136.23444834618098,0,0,-810,-25.1659196619883,295.80000000001,475.81506202999395,-72.6835907141966
13710,-300.82453249177996,0,0,-813,95.8906192557279,1.15846929631171e-12,492.6,-76.3151517475089
13711,-713.5484641818069,0,0,-816,2.27645292863251,-295.79999999999296,475.81506202999606,-79.839979140442
13712,-944.986667048351,0,0,-819,43.0029910294703,-512.340628878875,426.60411390421405,-83.2531431031606
13713,-1074.48459198785,0,0,-822,77.34447761689,-591.6,348.320800412495,-86.5498700172335
13714,-1202.06908909449,0,0,-825,-21.3029111036497,-512.340628878871,246.29999999999802,-89.7255491119708
13715,-1176.46622450014,0,0,-828,-87.38474720464029,-295.800000000001,127.494261617502,-92.77573891300341
13716,-965.814919346464,0,0,-831,-39.1187458923731,-7.5362756380844e-12,3.1375670886750895e-12,-95.6961734540868
13717,-663.462361261249,0,0,-834,100.71466859969101,295.800000000002,-127.494261617503,-98.48276824344009
13718,-578.797121656348,0,0,-837,93.2938754410566,512.3406288788719,-246.29999999999902,-101.131625976278
13719,-668.787850551354,0,0,-840,31.5719918466782,591.6,-348.32080041249003,-103.639041985542
13720,-924.385711434198,0,0,-843,-61.1207169856423,512.340628878874,-426.60411390421405,-106.00150942321501
13721,-1235.98286428918,0,0,-846,-101.75207809422301,295.800000000006,-475.81506202999395,-108.215724164964
13722,-1619.29580141206,0,0,-849,-167.417211980814,1.39140819798571e-11,-492.6,-110.27858943125601
13723,-1762.0013894447602,0,0,-852,-26.1991072962828,-295.799999999997,-475.815062029995,-112.18722011848499
13724,-1794.9069826720101,0,0,-855,112.976706945129,-512.340628878877,-426.604113904213,-113.938946834051
13725,-1960.73025057814,0,0,-858,-47.2781305359036,-591.6,-348.320800412493,-115.53131962974399
13726,-1859.4694331032001,0,0,-861,-122.866692796096,-512.340628878877,-246.30000000000197,-116.96211142822399
13727,-1443.1747386175302,0,0,-864,-37.651155862248004,-295.799999999997,-127.4942616175,-118.22932113778201
13728,-899.5497037736619,0,0,-867,86.78147267739809,-3.4776050226027596e-12,-1.4478264318239701e-12,-119.33117645105499
13729,-623.922369429868,0,0,-870,-56.9504947236024,295.799999999991,127.494261617498,-120.26613632375401
13730,-245.884993028859,0,0,-873,-10.492728777777,512.340628878874,246.3,-121.032893129956
13731,-55.374926948230296,0,0,-876,2.3346471302111,591.6,348.320800412491,-121.630374490933
13732,-50.844237172498595,0,0,-879,11.2687648193854,512.340628878881,426.60411390421206,-122.057744774976
13733,-215.392747244357,0,0,-882,17.306596991745803,295.800000000003,475.815062029995,-122.31440626610001
13734,-550.222844497977,0,0,-885,-35.422844497969606,-6.95887193465157e-12,492.6,-122.4
13735,-809.3413627024299,0,0,-888,20.957981533675,-295.8,475.815062029995,-122.31440626610001
13736,-1119.0162486013198,0,0,-891,-20.221988851691602,-512.340628878871,426.604113904216,-122.057744774976
13737,-1272.35265432466,0,0,-894,-13.443080246217802,-591.6,348.32080041249196,-121.630374490933
13738,-1165.36778187238,0,0,-897,118.705740136449,-512.340628878875,246.30000000000098,-121.032893129956
13739,-1182.1641506439698,0,0,-900,6.40772406228986,-295.800000000008,127.49426161750601,-120.26613632375401
13740,-1059.61114618635,0,0,-903,-37.2799697352922,5.81065592878882e-13,-2.41914225027161e-13,-119.33117645105499
13741,-844.378423682684,0,0,-906,11.545159072602301,295.799999999995,-127.494261617499,-118.22932113778201
13742,-799.1454993133091,0,0,-909,-39.2240167639578,512.3406288788681,-246.299999999995,-116.96211142822399
13743,-830.931967933403,0,0,-912,-46.679847891166496,591.6,-348.32080041249196,-115.53131962974399
13744,-899.272196933421,0,0,-915,43.9302349259633,512.340628878879,-426.604113904213,-113.938946834051
13745,-1250.9277780497698,0,0,-918,-40.7254959012849,295.799999999999,-475.815062029995,-112.18722011848499
13746,-1529.39937276854,0,0,-921,-5.52078333728789,5.7967407488938e-12,-492.6,-110.27858943125601
13747,-1707.0187485728197,0,0,-924,96.812037622139,-295.800000000004,-475.815062029995,-108.215724164964
13748,-1923.7369874756798,0,0,-927,48.209264730627396,-512.340628878873,-426.604113904215,-106.00150942321501
13749,-1908.9171278343301,0,0,-930,64.6427145637044,-591.6,-348.32080041249606,-103.639041985542
13750,-1668.04374991022,0,0,-933,124.728504944933,-512.340628878873,-246.3,-101.131625976278
13751,-1491.3914589180802,0,0,-936,-33.6144290571294,-295.800000000005,-127.49426161750401,-98.4827682434402
13752,-1043.3126539424302,0,0,-939,-8.61648048832116,-1.2174547090666499e-11,-5.06861215083022e-12,-95.69617345408692
13753,-654.9908135393599,0,0,-942,-43.5093362438552,295.799999999998,127.494261617501,-92.77573891300351
13754,-243.493233933352,0,0,-945,32.5916862997528,512.34062887887,246.299999999997,-89.7255491119708
13755,-169.91371585418997,0,0,-948,-75.2846462494506,591.6,348.32080041249395,-86.54987001723342
13756,-83.6878304751963,0,0,-951,11.620569844874401,512.340628878876,426.604113904213,-83.2531431031605
13757,-236.14171106990898,0,0,-954,26.083206040542102,295.799999999996,475.815062029995,-79.839979140442
13758,-522.348543436665,0,0,-957,18.3666083108421,1.73807013341217e-12,492.6,-76.315151747509
13759,-916.091306236328,0,0,-960,-63.422777552134896,-295.79999999999296,475.81506202999606,-72.6835907141967
13760,-1153.51111380306,0,0,-963,-35.8242237214154,-512.340628878875,426.60411390421405,-68.9503751069874
13761,-1298.09080581237,0,0,-966,-23.690880059382895,-591.6,348.320800412495,-65.1207261654773
13762,-1186.2276269341698,0,0,-969,110.013001944701,-512.34062887888,246.30000000000402,-61.2
13763,-1124.52372955055,0,0,-972,72.9756889325712,-295.800000000001,127.494261617502,-57.1936801006228
13764,-1008.71582584139,0,0,-975,19.391543826606604,-8.115876475184851e-12,3.3788714939790902e-12,-53.107369667989204
13765,-783.894445769836,0,0,-978,74.746599624409,295.799999999987,-127.494261617496,-48.9467837767364
13766,-757.054417734787,0,0,-981,2.62269476878717,512.3406288788719,-246.29999999999802,-44.7177413824469
13767,-746.6575883810989,0,0,-984,34.489369214708,591.6,-348.320800412495,-40.4261571833124
13768,-915.8373857705881,0,0,-987,21.504132602634897,512.340628878883,-426.604113904211,-36.078033347894895
13769,-1194.3761430615,0,0,-990,7.31837008903696,295.800000000007,-475.81506202999395,-31.679451120548602
13770,-1515.6370896328501,0,0,-993,-2.80052731660909,1.44936828169575e-11,-492.6,-27.2365623162532
13771,-1841.2568466029102,0,0,-996,-50.886203856173104,-295.799999999996,-475.815062029995,-22.7555807167408
13772,-1855.67586038337,0,0,-999,100.511655779683,-512.340628878877,-426.604113904213,-18.242773379963698
13773,-1962.88819817068,0,0,-1002,-7.262945883140451,-591.6,-348.32080041249395,-13.704451875044999
13774,-1869.58615726475,0,0,-1005,-96.798564930906,-512.340628878869,-246.299999999997,-9.14696345497831
13775,-1464.26047946624,0,0,-1008,-28.3895356692944,-295.800000000012,-127.494261617507,-4.5766821794222805
13776,-977.226740403376,0,0,-1011,33.7732595966296,-4.057205859703209e-12,-1.68913083712796e-12,-5.99587072862544e-14
13777,-596.304170976629,0,0,-1014,-10.1751147735391,295.799999999991,127.494261617497,4.576682179422161
13778,-108.252686002614,0,0,-1017,140.959721663534,512.340628878874,246.3,9.14696345497841
13779,-95.36043884340509,0,0,-1020,-28.985691130941,591.6,348.320800412491,13.704451875044699
13780,-136.65566581986099,0,0,-1023,-70.8431819829125,512.3406288788719,426.604113904215,18.2427733799638
13781,-158.856915987295,0,0,-1026,72.7724412659536,295.80000000001803,475.815062029993,22.7555807167405
13782,-363.814565896583,0,0,-1029,145.348871787154,1.04350122014759e-11,492.6,27.236562316252797
13783,-673.36209335597,0,0,-1032,146.943393493486,-295.8,475.815062029995,31.679451120548702
13784,-1109.48541191496,0,0,-1035,-24.826930288204604,-512.34062887887,426.604113904216,36.078033347894504
13785,-1332.84597772295,0,0,-1038,-91.99293531875429,-591.6,348.32080041249196,40.426157183312505
13786,-1296.28825724198,0,0,-1041,-33.9653697455498,-512.340628878876,246.30000000000098,44.717741382446604
13787,64.4917828045277,1,0,-1044,-69.3344870987663,-295.799999999994,127.494261617499,48.9467837767363
13788,-1027.81672206929,0,0,-1047,-33.9240917372673,-1.6812818543248602e-11,6.999657212985341e-12,53.107369667989104
13789,-892.525981676214,0,0,-1050,-68.0254001593316,295.799999999994,-127.494261617499,57.1936801006227
13790,-738.371800323528,0,0,-1053,-12.6124292024002,512.340628878867,-246.299999999995,61.199999999999896
13791,-631.8070367604989,0,0,-1056,115.793037486516,591.6,-348.32080041249196,65.1207261654772
13792,-1037.28408832835,0,0,-1059,-132.970978410008,512.340628878879,-426.60411390421206,68.9503751069872
13793,-2441.97331883499,1,0,-1062,24.543376989860803,295.8,-475.815062029995,72.6835907141966
13794,-1408.32171520014,0,0,-1065,72.9631330523593,-1.04379417130327e-11,-492.6,76.31515174750909
13795,-2974.8580057437,1,0,-1068,82.1023016548927,-295.79999999998904,-475.81506202999606,79.8399791404419
13796,-1866.2521532943201,0,0,-1071,60.4394463856061,-512.3406288788719,-426.604113904215,83.2531431031606
13797,-2042.75519783849,0,0,-1074,-115.384267443223,-591.6,-348.32080041249606,86.54987001723329
13798,-1822.7499264299802,0,0,-1077,-76.834846663074,-512.340628878874,-246.3,89.72554911197071
13799,-1377.59175307248,0,0,-1080,32.9267696320299,-295.800000000005,-127.49426161750401,92.7757389130033
13800,-941.6085318543539,0,0,-1083,45.6952946915539,4.0601353712600594e-12,1.69035047657429e-12,95.6961734540868
13801,-530.997006301845,0,0,-1086,33.225963837238304,295.79999999998296,127.49426161749399,98.48276824344009
13802,-263.050102997328,0,0,-1089,-33.8223578524714,512.340628878869,246.299999999997,101.131625976278
13803,-97.00995350690279,0,0,-1092,-48.569795904938296,591.6,348.32080041249395,103.639041985542
13804,-28.823881288771897,0,0,-1095,21.2298665049227,512.340628878877,426.604113904213,106.00150942321501
13805,-145.2463025605,0,0,-1098,72.92291124454441,295.799999999996,475.815062029995,108.215724164964
13806,-400.812873177285,0,0,-1101,97.3085373914562,2.31767097051263e-12,492.6,110.27858943125601
13807,-747.392987399964,0,0,-1104,64.4047304515639,-295.800000000007,475.81506202999395,112.18722011848499
13808,-1050.40846592962,0,0,-1107,28.389102210980898,-512.3406288788659,426.60411390421797,113.938946834051
13809,-1186.87839728372,0,0,-1110,50.869482674038,-591.6,348.320800412495,115.53131962974399
13810,-1352.35995581934,0,0,-1113,-90.2814383686913,-512.34062887888,246.30000000000402,116.96211142822399
13811,-1129.6323170824498,0,0,-1116,36.4441001622658,-295.800000000002,127.494261617503,118.22932113778201
13812,-1026.35353288635,0,0,-1119,-26.6847093374043,-8.695477312285309e-12,3.62017589928308e-12,119.33117645105499
13813,-865.5470634492419,0,0,-1122,-32.1189381554955,295.800000000001,-127.494261617502,120.26613632375401
13814,-679.999484007299,0,0,-1125,57.9269939838696,512.34062887888,-246.30000000000402,121.032893129956
13815,-777.016574938592,0,0,-1128,-13.926149017035101,591.6,-348.32080041249003,121.630374490933
13816,-1001.0883783505801,0,0,-1131,-77.8826381002175,512.340628878875,-426.60411390421405,122.057744774976
13817,-1224.1900658694199,0,0,-1134,-32.489410105531,295.800000000007,-475.81506202999395,122.31440626610001
13818,-1504.12341948168,0,0,-1137,3.07658051832112,-1.7409996449690101e-12,-492.6,122.4
13819,-1786.61224276156,0,0,-1140,2.6884130023285002,-295.799999999996,-475.815062029995,122.31440626610001
13820,-2021.8558795703,0,0,-1143,-61.9688815621877,-512.340628878876,-426.604113904213,122.057744774976
13821,-2019.6204563126898,0,0,-1146,-55.3300303911287,-591.6,-348.320800412499,121.630374490933
13822,-1829.0618921815199,0,0,-1149,-42.4541564325962,-512.340628878878,-246.30000000000302,121.032893129956
13823,-1555.45630077176,0,0,-1152,-100.428175477996,-295.80000000001303,-127.49426161750799,120.26613632375499
13824,-1029.30796262496,0,0,-1155,6.36086092399605,-4.636806696803679e-12,-1.93043524243196e-12,119.33117645105499
13825,-734.8551375486411,0,0,-1158,-118.378720303932,295.800000000005,127.49426161750401,118.22932113778201
13826,-316.79699817506804,0,0,-1161,-31.3997384821649,512.340628878873,246.3,116.96211142822399
13827,-153.791047858485,0,0,-1164,-45.2431679007246,591.6,348.32080041249606,115.53131962974399
13828,-36.651946944710396,0,0,-1167,77.4643634381463,512.340628878881,426.604113904211,113.938946834051
13829,-234.12655530306,0,0,-1170,52.0711625484562,295.800000000004,475.815062029995,112.18722011848499
13830,-646.493098852202,0,0,-1173,-76.3716882834689,1.10146130385764e-11,492.6,110.27858943125601
13831,-992.940827448624,0,0,-1176,-105.17161364358401,-295.799999999999,475.815062029995,108.215724164964
13832,-1197.50857349051,0,0,-1179,-38.773567939070794,-512.34062887887,426.604113904216,106.00150942321501
13833,-1244.93023016732,0,0,-1182,76.7099274346502,-591.6,348.32080041249196,103.639041985542
13834,-1334.83133977982,0,0,-1185,15.077663122779601,-512.340628878884,246.30000000000703,101.131625976278
13835,-1178.20355456999,0,0,-1188,79.61941556906909,-295.800000000009,127.49426161750601,98.4827682434402
13836,-1081.34025536545,0,0,-1191,13.9635711804635,-5.78136081322037e-13,2.40694585580828e-13,95.6961734540867
13837,-855.50176122709,0,0,-1194,77.4167614774112,295.799999999994,-127.494261617499,92.77573891300351
13838,-839.2722951361369,0,0,-1197,1.9615268730176598,512.340628878875,-246.30000000000098,89.72554911197071
13839,-966.5321488437739,0,0,-1200,-96.3612184485158,591.6,-348.32080041249196,86.5498700172335
13840,-1059.74191866657,0,0,-1203,-25.7315767443892,512.340628878871,-426.604113904216,83.2531431031605
13841,-1353.26020743568,0,0,-1206,-47.0851245461428,295.800000000015,-475.815062029993,79.8399791404422
13842,-1593.9651963564002,0,0,-1209,31.3196518960884,6.95594242309472e-12,-492.6,76.315151747509
13843,-1810.2375049627399,0,0,-1212,100.69396635305,-295.79999999998796,-475.815062029997,72.6835907141967
13844,-2120.98276164571,0,0,-1215,-35.9883939696071,-512.3406288788719,-426.604113904215,68.9503751069875
13845,-2185.10552300095,0,0,-1218,-92.3054487539273,-591.6,-348.32080041249606,65.1207261654774
13846,-1862.0905713972898,0,0,-1221,56.350057481587,-512.340628878874,-246.3,61.2
13847,-1722.13015421936,0,0,-1224,-132.029572702492,-295.799999999991,-127.494261617498,57.1936801006228
13848,-1032.06706553929,0,0,-1227,141.825564792738,-1.33337487648674e-11,-5.55122096143821e-12,53.107369667989204
13849,-710.684938790833,0,0,-1230,47.0740158149329,295.799999999997,127.4942616175,48.946783776736204
13850,-468.52629917955596,0,0,-1233,-38.8846694408685,512.340628878869,246.299999999996,44.7177413824469
13851,-191.804409116629,0,0,-1236,63.848633287565,591.6,348.320800412493,40.4261571833124
13852,-322.058979765425,0,0,-1239,-58.081755896409994,512.340628878877,426.604113904213,36.078033347894895
13853,-472.72957868068704,0,0,-1242,-34.024091831227196,295.799999999997,475.815062029995,31.679451120548602
13854,-806.672197161509,0,0,-1245,-81.5087594777815,1.97115551066401e-11,492.6,27.2365623162532
13855,-1140.56121887248,0,0,-1248,-95.3318616192206,-295.799999999992,475.81506202999606,22.755580716740898
13856,-1305.8665079369198,0,0,-1251,12.627233657780499,-512.340628878874,426.60411390421405,18.242773379963698
13857,-1442.82228701209,0,0,-1254,40.75246070036879,-591.6,348.320800412495,13.7044518750451
13858,-1521.85115239494,0,0,-1257,-7.95748697104418,-512.3406288788719,246.29999999999902,9.14696345497833
13859,-1471.48243419975,0,0,-1260,-47.75337799667089,-295.800000000002,127.494261617503,4.57668217942229
13860,-1287.27555039216,0,0,-1263,-24.275550392163503,7.53920514964124e-12,-3.13878672812143e-12,7.494838410781799e-14
13861,-1116.40759472232,0,0,-1266,-14.136650925387,295.799999999986,-127.494261617495,-4.576682179422139
13862,-961.619099348143,0,0,-1269,50.48723522796271,512.340628878871,-246.29999999999802,-9.146963454978401
13863,-1024.55067025115,0,0,-1272,17.8745820363877,591.6,-348.32080041249003,-13.704451875044699
13864,-1254.68432489894,0,0,-1275,-47.1780664936331,512.340628878875,-426.60411390421405,-18.242773379963698
13865,-1354.16235206276,0,0,-1278,126.608290683967,295.800000000008,-475.81506202999395,-22.7555807167405
13866,-1888.3710166078,0,0,-1281,-87.53445429154759,-1.1613988078685501e-12,-492.6,-27.236562316252797
13867,-2036.4007062930398,0,0,-1284,50.8938068575093,-295.80000000001,-475.81506202999395,-31.679451120548602
13868,-2304.77512178167,0,0,-1287,-42.7523456506879,-512.3406288788681,-426.604113904217,-36.0780333478947
13869,-2191.2469308701397,0,0,-1290,79.10002672566391,-591.6,-348.32080041249395,-40.426157183312505
13870,-2251.19539062703,0,0,-1293,-154.8370203657,-512.340628878878,-246.30000000000302,-44.7177413824467
13871,-1727.6147336326,0,0,-1296,40.62631176163271,-295.799999999999,-127.494261617501,-48.9467837767363
13872,-1399.2909878433,0,0,-1299,-47.1836181753036,-5.21640753390413e-12,-2.17173964773595e-12,-53.107369667989
13873,-998.112193336676,0,0,-1302,-62.2127748535615,295.800000000004,127.49426161750401,-57.1936801006227
13874,-575.758051974841,0,0,-1305,31.801319146300802,512.340628878865,246.299999999993,-61.199999999999896
13875,-544.7634520394259,0,0,-1308,-111.56352628644,591.6,348.320800412491,-65.120726165477
13876,-490.26216475165705,0,0,-1311,-49.256532427763005,512.340628878881,426.604113904211,-68.9503751069872
13877,-518.891034388683,0,0,-1314,96.177494295515,295.800000000004,475.81506202999395,-72.6835907141964
13878,-943.913488508039,0,0,-1317,-43.1983367605243,-5.22006942335019e-12,492.6,-76.31515174750909
13879,-1242.0671396579198,0,0,-1320,-22.242222547470103,-295.799999999999,475.815062029995,-79.8399791404421
13880,-1451.0753036730403,0,0,-1323,40.914354404782,-512.340628878878,426.604113904213,-83.2531431031606
13881,-1705.7942171179502,0,0,-1326,-49.965147513218,-591.6,348.320800412498,-86.54987001723342
13882,-1700.84496092322,0,0,-1329,-16.0787829323756,-512.340628878876,246.30000000000197,-89.72554911197071
13883,-1614.86557523324,0,0,-1332,-21.7840979377348,-295.80000000001,127.49426161750601,-92.77573891300341
13884,-1407.70450792099,0,0,-1335,22.991665533092497,-1.1577369184225e-12,4.819989908848219e-13,-95.6961734540868
13885,-1348.34805607369,0,0,-1338,-80.1710262127394,295.79999999999296,-127.494261617499,-98.48276824344009
13886,-1165.53479910559,0,0,-1341,10.5561979918144,512.340628878875,-246.30000000000098,-101.131625976278
13887,-1280.47891932205,0,0,-1344,-76.1190769240214,591.6,-348.320800412487,-103.639041985542
13888,-1420.9523555410801,0,0,-1347,-53.6873610925311,512.340628878879,-426.60411390421206,-106.00150942321501
13889,-1608.8528512191,0,0,-1350,29.377934975854398,295.800000000001,-475.815062029995,-108.215724164964
13890,-1894.5794189151898,0,0,-1353,61.299170516061004,7.535543260195179e-12,-492.6,-110.27858943125601
13891,-2213.4450406689703,0,0,-1356,26.3572414795112,-295.800000000002,-475.815062029995,-112.18722011848499
13892,-2481.7710166790603,0,0,-1359,-69.8873270619252,-512.3406288788719,-426.604113904215,-113.938946834051
13893,-2462.90261134528,0,0,-1362,-45.450491303042895,-591.6,-348.32080041249196,-115.53131962974399
13894,-2333.9027537789802,0,0,-1365,-93.30001347186779,-512.340628878883,-246.30000000000598,-116.96211142822399
13895,-2002.4333851359197,0,0,-1368,-92.90980238062491,-295.800000000006,-127.494261617505,-118.22932113778201
13896,-1558.96340861409,0,0,-1371,-68.6322321630121,-1.39133496019679e-11,-5.7925253667422e-12,-119.33117645105499
13897,-1108.06889427837,0,0,-1374,-37.0970195721125,295.799999999997,127.4942616175,-120.26613632375401
13898,-762.87088414985,0,0,-1377,-23.478619898759398,512.340628878869,246.299999999996,-121.032893129956
13899,-538.6854296889779,0,0,-1380,23.0241443894618,591.6,348.320800412493,-121.630374490933
13900,-592.654575232511,0,0,-1383,-26.541573240620103,512.340628878869,426.604113904216,-122.057744774976
13901,-699.20120903194,0,0,-1386,37.498135204154394,295.800000000012,475.81506202999395,-122.31440626610001
13902,-840.779627264984,0,0,-1389,178.020372735013,3.47687264471354e-12,492.6,-122.4
13903,-1286.55653692095,0,0,-1392,47.742807315148895,-295.799999999991,475.81506202999606,-122.31440626610001
13904,-1688.6836683061,0,0,-1395,-85.8894085564648,-512.340628878874,426.60411390421405,-122.057744774976
13905,-1749.5208093221302,0,0,-1398,13.3887647563047,-591.6,348.320800412495,-121.630374490933
13906,-1882.9903762088502,0,0,-1401,-94.91685420001879,-512.3406288788719,246.29999999999902,-121.032893129956
13907,-1770.9026172534302,0,0,-1404,-78.3307425471657,-295.800000000017,127.49426161751002,-120.26613632375401
13908,-1514.98863308471,0,0,-1407,11.342543366354198,-9.85467898648623e-12,4.10278470989107e-12,-119.33117645105499
13909,-1391.6246284124402,0,0,-1410,-31.7010456571484,295.799999999986,-127.494261617495,-118.22932113778201
13910,-1222.85687338195,0,0,-1413,41.0646091673971,512.340628878871,-246.29999999999802,-116.96211142822399
13911,-1259.46208574797,0,0,-1416,28.790034294269,591.6,-348.32080041249395,-115.53131962974399
13912,-1399.7399575033899,0,0,-1419,47.46247435600039,512.340628878875,-426.60411390421405,-113.938946834051
13913,-1781.9818728017603,0,0,-1422,-67.7795906532759,295.799999999994,-475.81506202999606,-112.18722011848499
13914,-1947.8963675926102,0,0,-1425,79.98222183862521,1.62324853282589e-11,-492.6,-110.27858943125601
13915,-2324.81335557132,0,0,-1428,-16.982569376366698,-295.799999999995,-475.81506202999606,-108.215724164964
13916,-2478.48404246265,0,0,-1431,-2.53779025634865,-512.3406288788681,-426.604113904217,-106.00150942321501
13917,-2392.44160355886,0,0,-1434,85.1182388391762,-591.6,-348.32080041249395,-103.639041985542
13918,-2296.08919347987,0,0,-1437,0.6830613752927079,-512.340628878879,-246.30000000000302,-101.131625976278
13919,-1980.3806182218698,0,0,-1440,-18.603588360931,-295.799999999999,-127.494261617501,-98.4827682434402
13920,-1538.1040594348801,0,0,-1443,0.5921140192387471,-2.2610291670031602e-11,-9.41331108574845e-12,-95.69617345408692
13921,-1119.4413734597301,0,0,-1446,-3.9598961642090296,295.79999999998904,127.494261617497,-92.77573891300351
13922,-815.30669593425,0,0,-1449,-35.2217757011508,512.340628878873,246.29999999999902,-89.7255491119708
13923,-581.8913503305799,0,0,-1452,16.737719274163002,591.6,348.320800412491,-86.5498700172336
13924,-489.569912172866,0,0,-1455,109.738488147206,512.340628878873,426.604113904215,-83.25314310316041
13925,-839.849830463802,0,0,-1458,-73.6249133533592,295.800000000005,475.81506202999395,-79.8399791404422
13926,-982.4089874787131,0,0,-1461,62.30616426880071,-4.64046858624973e-12,492.6,-76.3151517475089
13927,-1381.25594740404,0,0,-1464,-24.587418719854398,-295.79999999998404,475.815062029997,-72.68359071419691
13928,-1649.56831688798,0,0,-1467,-27.8814268063388,-512.34062887887,426.604113904216,-68.9503751069873
13929,-1817.33678093772,0,0,-1470,-38.936855184740295,-591.6,348.320800412498,-65.1207261654775
13930,-1756.9170851232502,0,0,-1473,43.3235437556256,-512.340628878876,246.30000000000197,-61.2
13931,-1546.79662201155,0,0,-1476,154.70279647157,-295.799999999996,127.4942616175,-57.1936801006228
13932,-1471.20542455552,0,0,-1479,60.9019451124789,-1.8551621054549998e-11,7.72357042889732e-12,-53.107369667989204
13933,-1225.40700677197,0,0,-1482,137.23403862227502,295.79999999999296,-127.494261617498,-48.9467837767364
13934,-1341.38850591506,0,0,-1485,-77.7113934114912,512.340628878875,-246.30000000000098,-44.7177413824469
13935,-1295.47921241066,0,0,-1488,-10.332254814848401,591.6,-348.320800412497,-40.426157183312604
13936,-1443.77011743108,0,0,-1491,-2.42859905785604,512.34062887888,-426.60411390421206,-36.078033347894895
13937,-1637.60178221486,0,0,-1494,68.0927309356806,295.800000000001,-475.815062029995,-31.679451120548396
13938,-2002.44946701927,0,0,-1497,14.3870952969628,2.4929427396322698e-11,-492.6,-27.2365623162532
13939,-2276.6554536280605,0,0,-1500,17.7151891186671,-295.799999999987,-475.815062029997,-22.755580716740603
13940,-2424.9191993694103,0,0,-1503,35.268316793643606,-512.3406288788719,-426.604113904215,-18.242773379964103
13941,-2414.9985811111,0,0,-1506,44.6266711764379,-591.6,-348.32080041249196,-13.704451875044901
13942,-2296.49036743548,0,0,-1509,-19.702775101637602,-512.3406288788659,-246.29999999999401,-9.146963454978339
13943,-1923.8497122349802,0,0,-1512,16.0212315619498,-295.800000000007,-127.494261617505,-4.57668217942231
13944,-1530.70267441052,0,0,-1515,-15.7026744105202,2.3213328599586804e-12,9.66437260662312e-13,-8.993806092938161e-14
13945,-1050.34587566241,0,0,-1518,39.783180540690005,295.799999999982,127.494261617493,4.57668217942213
13946,-760.9969577271221,0,0,-1521,-7.7845500609646,512.3406288788681,246.299999999996,9.14696345497816
13947,-575.895690709749,0,0,-1524,-5.52094299728708,591.6,348.320800412493,13.704451875044699
13948,-635.934275578254,0,0,-1527,-66.1217917413034,512.340628878869,426.604113904216,18.242773379963502
13949,-863.456625660813,0,0,-1530,-127.82726840756,295.800000000012,475.815062029993,22.7555807167405
13950,-951.3763521150639,0,0,-1533,61.7870855686791,4.0564734818140004e-12,492.6,27.236562316253
13951,-1361.97920726309,0,0,-1536,-37.67372041365589,-295.799999999976,475.815062029998,31.6794511205482
13952,-1737.9997175954002,0,0,-1539,-149.341235968645,-512.340628878865,426.60411390421797,36.0780333478947
13953,-1698.7976895222698,0,0,-1542,46.055352881917294,-591.6,348.320800412495,40.426157183312505
13954,-1832.91763278212,0,0,-1545,-66.5947452856975,-512.3406288788719,246.29999999999902,44.7177413824467
13955,-1695.0142612936,0,0,-1548,-27.6553066878418,-295.79999999998904,127.494261617496,48.946783776736204
13956,-1514.1067646490899,0,0,-1551,-16.214134317077402,-1.04342798235867e-11,4.344089115195069e-12,53.107369667989
13957,-1357.18451023022,0,0,-1554,-28.6839287133436,295.8,-127.494261617502,57.1936801006227
13958,-1102.04234819703,0,0,-1557,127.717022924102,512.340628878862,-246.299999999991,61.1999999999998
13959,-1237.73798696209,0,0,-1560,13.8620872849191,591.6,-348.320800412489,65.120726165477
13960,-1517.4370599944,0,0,-1563,-109.12395007604799,512.340628878876,-426.60411390421405,68.95037510698711
13961,-1720.3913037482098,0,0,-1566,-47.0598324324067,295.799999999994,-475.81506202999606,72.6835907141964
13962,-2053.15960017922,0,0,-1569,-67.874751926741,1.6812086165359402e-11,-492.6,76.31515174750871
13963,-2298.81726315449,0,0,-1572,-35.0421802649399,-295.799999999994,-475.81506202999606,79.8399791404421
13964,-2549.49515676087,0,0,-1575,-118.80355708093799,-512.340628878876,-426.60411390421405,83.2531431031606
13965,-2470.5744617338,0,0,-1578,-39.203531338529295,-591.6,-348.320800412499,86.54987001723342
13966,-2239.0241662397602,0,0,-1581,10.8909135271497,-512.340628878879,-246.30000000000402,89.72554911197071
13967,-1865.6912091852398,0,0,-1584,48.8273135192603,-295.8,-127.494261617502,92.77573891300341
13968,-1501.64555509867,0,0,-1587,-10.3417285527673,1.0438674090922e-11,4.34591857436457e-12,95.6961734540868
13969,-1039.8282285557,0,0,-1590,28.3947415833745,295.79999999998904,127.494261617496,98.48276824344009
13970,-773.999460083651,0,0,-1593,-40.7717149387995,512.3406288788719,246.29999999999902,101.131625976278
13971,-548.337442532586,0,0,-1596,4.1027150693865,591.6,348.32080041248497,103.639041985542
13972,-560.475893040615,0,0,-1599,-6.422145246922881,512.340628878882,426.604113904211,106.00150942321501
13973,-664.968760023915,0,0,-1602,57.20045378112129,295.800000000005,475.81506202999395,108.215724164964
13974,-1130.01818112059,0,0,-1605,-127.89677055183998,-4.06086774914927e-12,492.6,110.27858943125601
13975,-1328.2782323214099,0,0,-1608,-12.480514469876,-295.800000000012,475.815062029993,112.18722011848499
13976,-1537.16561033812,0,0,-1611,45.6319578024775,-512.340628878869,426.604113904216,113.938946834051
13977,-1798.2279921093802,0,0,-1614,-56.4801121516151,-591.6,348.320800412493,115.53131962974399
13978,-1771.7904924126199,0,0,-1617,-5.71197496196165,-512.340628878885,246.300000000008,116.96211142822399
13979,-1755.19485308958,0,0,-1620,-85.1184358448554,-295.800000000011,127.494261617507,118.22932113778201
13980,-1522.00070690228,0,0,-1623,-18.3318833533308,-2.31693859262341e-12,9.64607801492811e-13,119.33117645105499
13981,-1336.57748874545,0,0,-1626,0.8506365482907641,295.800000000007,-127.494261617505,120.26613632375401
13982,-1214.4188144092,0,0,-1629,27.507663581972498,512.3406288788659,-246.29999999999401,121.032893129956
13983,-1351.13686320382,0,0,-1632,-84.04643728225709,591.6,-348.32080041249196,121.630374490933
13984,-1388.3500765370002,0,0,-1635,38.855663713366496,512.3406288788719,-426.604113904215,122.057744774976
13985,-1665.2375784154,0,0,-1638,30.463077348481196,295.800000000016,-475.815062029993,122.31440626610001
13986,-1934.58074934693,0,0,-1641,76.6192506530595,8.694744934396099e-12,-492.6,122.4
13987,-2251.08941346238,0,0,-1644,42.211242301518,-295.800000000001,-475.815062029995,122.31440626610001
13988,-2384.53665277254,0,0,-1647,79.3503452355732,-512.34062887888,-426.60411390421206,122.057744774976
13989,-2328.48839752107,0,0,-1650,139.802028400492,-591.6,-348.320800412497,121.630374490933
13990,-2205.36537306961,0,0,-1653,85.2423626793108,-512.340628878875,-246.30000000000098,121.032893129956
13991,-1939.31066916047,0,0,-1656,19.7174561333118,-295.800000000022,-127.494261617512,120.26613632375401
13992,-1576.79230119469,0,0,-1659,-37.1234776457189,-1.50725512761688e-11,-6.27513417735019e-12,119.33117645105499
13993,-1140.59218672112,0,0,-1662,-20.1157694763967,295.799999999996,127.4942616175,118.22932113778201
13994,-855.292554964839,0,0,-1665,-65.89529527194101,512.340628878876,246.30000000000197,116.96211142822399
13995,-600.089474402198,0,0,-1668,12.4584055555604,591.6,348.320800412498,115.53131962974399
13996,-526.707498514858,0,0,-1671,91.40881186799999,512.340628878878,426.604113904213,113.938946834051
13997,-818.209387674332,0,0,-1674,-28.0116698228107,295.799999999998,475.815062029995,112.18722011848499
13998,-1026.5679245877,0,0,-1677,47.553485981021296,2.14503576179415e-11,492.6,110.27858943125601
13999,-2752.3238500141497,1,0,-1680,-63.369411700072,-295.79999999999,475.81506202999606,108.215724164964
14000,-1552.3415849612697,0,0,-1683,110.393420590175,-512.340628878873,426.604113904215,106.00150942321501
14001,-1761.69158780977,0,0,-1686,63.948569792198,-591.6,348.320800412491,103.639041985542
14002,-1960.0241227579397,0,0,-1689,-106.115119855347,-512.340628878881,246.30000000000499,101.131625976278
14003,-1757.4699121028198,0,0,-1692,4.35305803624286,-295.800000000004,127.494261617503,98.4827682434402
14004,-1715.63549960771,0,0,-1695,-116.331673061781,-2.78281639597142e-11,1.15856605532076e-11,95.69617345408692
14005,-1360.1474147766,0,0,-1698,76.7711079279093,295.799999999985,-127.494261617495,92.77573891300351
14006,-1402.99483861396,0,0,-1701,-57.761016604804894,512.34062887887,-246.299999999997,89.7255491119706
14007,-1340.05394797677,0,0,-1704,34.116982418485605,591.6,-348.32080041249395,86.5498700172336
14008,-1462.73358778871,0,0,-1707,75.2767541334748,512.3406288788681,-426.604113904217,83.25314310316041
14009,-1815.5411841294501,0,0,-1710,-5.366101239905599,295.800000000009,-475.81506202999395,79.8399791404422
14010,-2094.200745218,0,0,-1713,35.0841030344887,5.774037034328249e-13,-492.6,76.3151517475089
14011,-2404.76194283109,0,0,-1716,10.1695284846866,-295.799999999979,-475.815062029998,72.68359071419691
14012,-2552.65706311078,0,0,-1719,36.337304565322,-512.340628878867,-426.604113904217,68.9503751069873
14013,-2599.14938895275,0,0,-1722,-2.34931470572862,-591.6,-348.32080041249395,65.1207261654776
14014,-2424.11426692597,0,0,-1725,-1.6736380471023702,-512.340628878871,-246.29999999999802,61.2
14015,-2118.36940910901,0,0,-1728,-24.2688275921073,-295.800000000015,-127.494261617509,57.1936801006228
14016,-1597.50080266495,0,0,-1731,80.3918276670673,-6.9552100452055095e-12,-2.89565286364793e-12,53.107369667989204
14017,-1249.59339331548,0,0,-1734,12.1655612902737,295.800000000003,127.494261617503,48.9467837767364
14018,-919.8824697556109,0,0,-1737,13.759159983085599,512.340628878864,246.299999999993,44.7177413824469
14019,-697.695486898825,0,0,-1740,61.957555505372,591.6,348.32080041249003,40.4261571833122
14020,-876.769014541667,0,0,-1743,-108.791790672651,512.340628878874,426.604113904215,36.078033347894895
14021,-889.6115006185561,0,0,-1746,53.0939862309087,295.799999999991,475.81506202999606,31.679451120548396
14022,-1163.6827995558,0,0,-1749,65.480638127935,1.33330163869782e-11,492.6,27.2365623162532
14023,-1438.31609137375,0,0,-1752,110.913265879509,-295.799999999997,475.815062029995,22.7555807167407
14024,-1721.2783705110098,0,0,-1755,101.215371083668,-512.340628878861,426.60411390422007,18.242773379964103
14025,-2062.93985235317,0,0,-1758,-75.3651046407132,-591.6,348.320800412498,13.704451875044901
14026,-2151.63107519578,0,0,-1761,-133.737409771883,-512.340628878877,246.30000000000197,9.146963454978788
14027,-1944.6504883595398,0,0,-1764,-16.921432156467098,-295.799999999997,127.4942616175,4.5766821794223205
14028,-1741.5119433819,0,0,-1767,25.4880566180872,1.39177438693031e-11,-5.7943548259117e-12,1.0492773775094502e-13
14029,-1705.23259805056,0,0,-1770,-98.96165425363529,295.799999999992,-127.494261617498,-4.57668217942211
14030,-1512.1682777163198,0,0,-1773,3.9380568597813,512.340628878874,-246.3,-9.14696345497815
14031,-1578.3071234387398,0,0,-1776,-31.8818711512075,591.6,-348.320800412487,-13.704451875044699
14032,-1674.8388423077,0,0,-1779,36.667416097595,512.34062887888,-426.60411390421206,-18.2427733799639
14033,-2095.4279696437397,0,0,-1782,-110.65732689700899,295.800000000002,-475.815062029995,-22.7555807167405
14034,-2272.6503842592397,0,0,-1785,32.1861780570224,-7.53993752753045e-12,-492.6,-27.236562316253
14035,-2579.00846054043,0,0,-1788,12.2860526101036,-295.799999999986,-475.815062029997,-31.6794511205482
14036,-2824.41317755732,0,0,-1791,-58.3904014263364,-512.340628878871,-426.604113904216,-36.0780333478947
14037,-2706.6098937402103,0,0,-1794,67.7370638556048,-591.6,-348.32080041250197,-40.426157183312
14038,-2612.85864844066,0,0,-1797,-12.5002781793261,-512.340628878884,-246.30000000000703,-44.7177413824467
14039,-2121.1174105553,0,0,-1800,151.123634838947,-295.800000000008,-127.494261617505,-48.946783776736204
14040,-1812.0909750380201,0,0,-1803,44.016394629968204,1.16213118575776e-12,4.83828450054323e-13,-53.107369667989
14041,-1308.46513203844,0,0,-1806,131.434286444671,295.80000000001,127.49426161750601,-57.1936801006227
14042,-1075.48324761487,0,0,-1809,36.0761235062656,512.3406288788681,246.299999999996,-61.1999999999998
14043,-995.166464150772,0,0,-1812,-57.966538397788106,591.6,348.320800412493,-65.120726165477
14044,-945.145239707527,0,0,-1815,-0.139607383635478,512.3406288788871,426.604113904209,-68.95037510698711
14045,-1096.4964994474901,0,0,-1818,22.5720292366957,295.80000000001303,475.815062029993,-72.6835907141967
14046,-1365.8717619147199,0,0,-1821,38.843389832788,5.21567515601492e-12,492.6,-76.31515174750871
14047,-1678.4711548234698,0,0,-1824,45.3537622869825,-295.800000000004,475.81506202999395,-79.8399791404421
14048,-2000.19627830388,0,0,-1827,-4.20662022607308,-512.340628878865,426.60411390421797,-83.2531431031602
14049,-2157.59970895678,0,0,-1830,2.22936064795937,-591.6,348.32080041249606,-86.54987001723342
14050,-2244.55117903437,0,0,-1833,-55.7850010435258,-512.340628878873,246.29999999999902,-89.72554911197071
14051,-2250.7442491657503,0,0,-1836,-153.662771870242,-295.800000000019,127.49426161751002,-92.77573891300341
14052,-1891.57001733685,0,0,-1839,43.1261561172434,-1.15934814977876e-11,4.8266979258030595e-12,-95.6961734540868
14053,-1665.0318237143,0,0,-1842,107.145206146646,295.799999999999,-127.494261617501,-98.48276824344009
14054,-1824.7056344399,0,0,-1845,-144.61463734249702,512.340628878878,-246.30000000000302,-101.131625976278
14055,-1821.1729173278302,0,0,-1848,-112.813074929797,591.6,-348.320800412489,-103.639041985542
14056,-1680.55915693932,0,0,-1851,190.705837509232,512.340628878876,-426.604113904213,-106.00150942321501
14057,-2115.30343845559,0,0,-1854,26.9273477393373,295.800000000024,-475.81506202999196,-108.215724164964
14058,-2448.5340954101002,0,0,-1857,11.344494021138301,1.79712878395603e-11,-492.6,-110.27858943125601
14059,-2748.73602889989,0,0,-1860,-4.93374675141846,-295.79999999999296,-475.81506202999606,-112.18722011848499
14060,-2878.08752019482,0,0,-1863,37.7961694223175,-512.340628878875,-426.60411390421405,-113.938946834051
14061,-2876.75972773682,0,0,-1866,44.692392305409406,-591.6,-348.32080041249003,-115.53131962974399
14062,-2689.29825191487,0,0,-1869,55.3044883922342,-512.340628878879,-246.30000000000402,-116.96211142822399
14063,-2536.45401565286,0,0,-1872,-122.930432897575,-295.800000000001,-127.494261617502,-118.22932113778201
14064,-1946.07484207751,0,0,-1875,48.256334373582,-2.4349094181332998e-11,-1.01372243016604e-11,-119.33117645105499
14065,-1626.17896128547,0,0,-1878,-51.207086579200706,295.79999999998796,127.494261617496,-120.26613632375401
14066,-1321.94195824878,0,0,-1881,-78.549693997692,512.3406288788719,246.29999999999902,-121.032893129956
14067,-1091.7958886169001,0,0,-1884,-26.086314538463,591.6,348.320800412495,-121.630374490933
14068,-1091.1593423369,0,0,-1887,-21.0463403450155,512.340628878883,426.604113904211,-122.057744774976
14069,-1268.2762753229802,0,0,-1890,-27.5769310868791,295.800000000006,475.81506202999395,-122.31440626610001
14070,-1399.0662114959698,0,0,-1893,123.733788504032,-2.90166607494835e-12,492.6,-122.4
14071,-1738.50359328439,0,0,-1896,99.7957509516981,-295.799999999982,475.815062029997,-122.31440626610001
14072,-2155.58874391568,0,0,-1899,-48.7944841660553,-512.340628878869,426.604113904217,-122.057744774976
14073,-2448.19854740744,0,0,-1902,-181.28897332900002,-591.6,348.320800412493,-121.630374490933
14074,-2376.3096232067396,0,0,-1905,-84.2361011979128,-512.340628878869,246.299999999996,-121.032893129956
14075,-2199.29135446595,0,0,-1908,-2.71947975968589,-295.800000000012,127.494261617507,-120.26613632375401
14076,-2072.30426276708,0,0,-1911,-41.9730863160248,-3.47614026682433e-12,1.4472166121008e-12,-119.33117645105499
14077,-1686.14730454047,0,0,-1914,177.776278214823,295.799999999977,-127.49426161749099,-118.22932113778201
14078,-1751.8571991070999,0,0,-1917,16.0642834422558,512.3406288788659,-246.29999999999401,-116.96211142822399
14079,-1827.10232853453,0,0,-1920,-34.8502084922954,591.6,-348.320800412491,-115.53131962974399
14080,-2064.08706006423,0,0,-1923,-112.884628204837,512.3406288788719,-426.604113904215,-113.938946834051
14081,-2274.1878849459804,0,0,-1926,-55.9856027974883,295.79999999998796,-475.815062029997,-112.18722011848499
14082,-2628.55971458655,0,0,-1929,-96.681125155305,9.85394660859702e-12,-492.6,-110.27858943125601
14083,-2907.97733601354,0,0,-1932,-96.1465498185814,-295.8,-475.815062029995,-108.215724164964
14084,-3013.7984203079,0,0,-1935,-33.8521681016048,-512.340628878862,-426.604113904219,-106.00150942321501
14085,-2874.5491406711403,0,0,-1938,107.01070172690001,-591.6,-348.320800412497,-103.639041985542
14086,-2861.30136696096,0,0,-1941,-60.5291121058023,-512.340628878875,-246.30000000000098,-101.131625976278
14087,-2578.11460896584,0,0,-1944,-112.337579104908,-295.799999999994,-127.494261617499,-98.4827682434402
14088,-2113.1030391842396,0,0,-1947,-70.40686573012509,-1.6231752950369702e-11,-6.7577429879581805e-12,-95.69617345408692
14089,-1724.1387620810901,0,0,-1950,-104.657284785579,295.799999999995,127.494261617499,-92.77573891300351
14090,-1346.5995653275302,0,0,-1953,-62.514645094410604,512.340628878859,246.299999999989,-89.7255491119709
14091,-1009.8224753040301,0,0,-1956,92.80659430071292,591.6,348.32080041248804,-86.5498700172336
14092,-1048.29286870949,0,0,-1959,55.0155316105783,512.340628878879,426.604113904213,-83.25314310316071
14093,-1362.2779354460902,0,0,-1962,-92.0530183356398,295.799999999999,475.815062029995,-79.8399791404419
14094,-1488.03878570009,0,0,-1965,60.676366047430704,-1.10190073059116e-11,492.6,-76.3151517475089
14095,-1857.6213868168,0,0,-1968,3.04714186738495,-295.79999999998904,475.81506202999606,-72.68359071419691
14096,-2142.8969088292,0,0,-1971,-17.210018747574598,-512.340628878856,426.604113904222,-68.9503751069877
14097,-2244.09748576512,0,0,-1974,38.302439987863,-591.6,348.320800412491,-65.1207261654772
14098,-2253.02867475755,0,0,-1977,51.211954121328795,-512.340628878882,246.30000000000598,-61.2
14099,-2146.8679475009303,0,0,-1980,58.63147098219271,-295.800000000005,127.49426161750401,-57.1936801006229
14100,-2120.99270480571,0,0,-1983,-84.88533513770791,-2.8987365633915102e-11,1.2068269363815599e-11,-53.107369667989595
14101,-1923.44190992548,0,0,-1986,-56.8008645312452,295.80000000001303,-127.49426161750799,-48.9467837767364
14102,-1736.11259422237,0,0,-1989,31.5645182812067,512.34062887887,-246.299999999997,-44.7177413824469
14103,-1727.09616633461,0,0,-1992,62.0507912611901,591.6,-348.320800412484,-40.426157183312704
14104,-2119.46573163368,0,0,-1995,-174.124213260439,512.3406288788681,-426.604113904217,-36.078033347894504
14105,-2100.4724859073003,0,0,-1998,109.222027243233,295.80000000001,-475.81506202999395,-31.679451120548396
14106,-2494.3808552210503,0,0,-2001,26.455707095206105,1.7366053776337402e-12,-492.6,-27.2365623162532
14107,-2808.5995837092,0,0,-2004,-10.2289409624817,-295.799999999978,-475.815062029998,-22.7555807167411
14108,-2920.77168502073,0,0,-2007,43.415831142326205,-512.340628878883,-426.604113904211,-18.242773379963698
14109,-2984.5352942978802,0,0,-2010,-20.9100420103393,-591.6,-348.320800412495,-13.704451875044901
14110,-2833.91900977454,0,0,-2013,-53.13141744066171,-512.340628878888,-246.30000000001,-9.146963454978382
14111,-2418.09390378159,0,0,-2016,25.777040015355702,-295.800000000016,-127.494261617509,-4.57668217942277
14112,-1999.18124106355,0,0,-2019,19.8187589364591,-8.11441171940643e-12,-3.37826167425592e-12,-1.19917414572509e-13
14113,-1597.6365803235299,0,0,-2022,-3.5075241204570604,295.800000000002,127.494261617503,4.576682179422099
14114,-1210.85976072769,0,0,-2025,46.352646938477704,512.340628878863,246.299999999992,9.146963454978131
14115,-1103.0036328859599,0,0,-2028,-28.628885173502397,591.6,348.3208004125,13.7044518750451
14116,-1105.5622652305499,0,0,-2031,-31.749781393600998,512.340628878874,426.60411390421405,18.2427733799639
14117,-1192.3429803194801,0,0,-2034,47.2863769337609,295.80000000002104,475.81506202999196,22.755580716740397
14118,-1480.17412242696,0,0,-2037,36.989315256771704,1.44922180611791e-11,492.6,27.236562316252602
14119,-1823.53401563733,0,0,-2040,4.7714712121220995,-295.799999999996,475.815062029995,31.679451120548602
14120,-2040.4024768201,0,0,-2043,52.2560048066654,-512.340628878877,426.604113904213,36.0780333478947
14121,-2347.77661108743,0,0,-2046,-98.92356868323841,-591.6,348.320800412498,40.426157183312
14122,-2222.09571446024,0,0,-2049,48.227173036192205,-512.340628878895,246.300000000015,44.7177413824463
14123,-2061.65190674073,0,0,-2052,109.70704786503299,-295.799999999998,127.494261617501,48.946783776736204
14124,-1909.2275893037,0,0,-2055,92.66504102832371,-2.08700244029518e-11,8.688788050113299e-12,53.107369667989
14125,-1921.2358199901998,0,0,-2058,-88.7352384733159,295.799999999991,-127.494261617497,57.19368010062261
14126,-1786.1703315812301,0,0,-2061,-52.4109604600994,512.340628878874,-246.3,61.2000000000002
14127,-1729.0683725026502,0,0,-2064,26.5317017443682,591.6,-348.32080041249606,65.120726165477
14128,-1833.3684709984302,0,0,-2067,78.94463891991809,512.340628878881,-426.60411390421206,68.95037510698711
14129,-2093.7426937334803,0,0,-2070,83.5887775822854,295.800000000032,-475.815062029991,72.6835907141963
14130,-2629.26793281633,0,0,-2073,-139.98308456383,-6.38073585332953e-12,-492.6,76.315151747509
14131,-2807.83577315198,0,0,-2076,-40.0606902624451,-295.799999999985,-475.815062029997,79.8399791404421
14132,-2952.69770067541,0,0,-2079,-18.0061009954797,-512.34062887887,-426.604113904216,83.2531431031602
14133,-3062.30448959076,0,0,-2082,-126.933559195486,-591.6,-348.32080041250197,86.54987001723309
14134,-2712.26634538602,0,0,-2085,41.648734380867204,-512.340628878867,-246.299999999995,89.72554911197071
14135,-2401.1542842467397,0,0,-2088,17.3642384577689,-295.800000000009,-127.49426161750601,92.77573891300341
14136,-2081.7938284388,0,0,-2091,-86.49000189284278,-3.3625637086497203e-11,-1.3999314425970699e-11,95.6961734540868
14137,-1569.65025468298,0,0,-2094,2.57271545606728,295.800000000009,127.49426161750601,98.4827682434404
14138,-1183.96995614974,0,0,-2097,53.2577889951154,512.340628878867,246.299999999995,101.131625976278
14139,-1036.70373241288,0,0,-2100,19.7364251890876,591.6,348.32080041249196,103.639041985542
14140,-1051.19423849724,0,0,-2103,6.8595092964517494,512.3406288788871,426.604113904209,106.00150942321501
14141,-1217.0291279389098,0,0,-2106,9.14008586614009,295.799999999985,475.815062029997,108.215724164964
14142,-1459.15142076452,0,0,-2109,46.9699898042166,6.3748768302158404e-12,492.6,110.27858943125601
14143,-1884.21311362591,0,0,-2112,-64.4153957744186,-295.799999999974,475.815062029998,112.18722011848499
14144,-2099.53047740821,0,0,-2115,-12.7329092676159,-512.340628878864,426.604113904219,113.93894683405
14145,-2347.9603268589003,0,0,-2118,-102.212446901144,-591.6,348.32080041249606,115.53131962974399
14146,-2208.7320393943,0,0,-2121,61.346478056348495,-512.340628878874,246.3,116.96211142822399
14147,-2195.9700375252696,0,0,-2124,-21.893620280543104,-295.80000000002,127.494261617511,118.22932113778201
14148,-2074.67637804923,0,0,-2127,-67.00755450029321,2.08758834260655e-11,-8.69122732900597e-12,119.33117645105499
14149,-1901.29101542568,0,0,-2130,-59.862890131929,295.799999999998,-127.494261617501,120.26613632375401
14150,-1776.6437241176602,0,0,-2133,-30.717246126490398,512.340628878861,-246.299999999991,121.032893129956
14151,-1809.4624237420999,0,0,-2136,-38.3719978205431,591.6,-348.320800412489,121.630374490933
14152,-1958.19974275392,0,0,-2139,-26.994002503555198,512.340628878877,-426.604113904213,122.057744774976
14153,-2117.83891118711,0,0,-2142,81.8617445767856,295.799999999996,-475.815062029995,122.31440626610001
14154,-2425.89498456583,0,0,-2145,89.30501543414971,1.9130489513761197e-11,-492.6,122.4
14155,-2756.53812871329,0,0,-2148,40.7625270506226,-295.80000000002104,-475.81506202999196,122.31440626610001
14156,-2894.4874438854804,0,0,-2151,73.3995541226362,-512.340628878874,-426.60411390421405,122.057744774976
14157,-3012.8007717040196,0,0,-2154,-40.5103457824521,-591.6,-348.3208004125,121.630374490933
14158,-2724.31132629657,0,0,-2157,70.2964094523602,-512.34062887888,-246.30000000000402,121.032893129956
14159,-2466.89676125877,0,0,-2160,-3.8686359650243802,-295.800000000002,-127.494261617503,120.26613632375401
14160,-2056.5408762291,0,0,-2163,-12.8720526801667,8.120270742520119e-12,3.38070095314859e-12,119.33117645105499
14161,-1604.81203231164,0,0,-2166,19.6643849330927,295.799999999987,127.494261617496,118.22932113778201
14162,-1260.54093054706,0,0,-2169,32.856329145879805,512.340628878855,246.299999999986,116.96211142822399
14163,-1071.8079389825,0,0,-2172,44.739940975261604,591.6,348.320800412495,115.53131962974399
14164,-1146.8600630691099,0,0,-2175,-24.7437526862582,512.340628878883,426.604113904211,113.938946834051
14165,-1343.78240739974,0,0,-2178,-49.5846895482314,295.800000000007,475.81506202999395,112.18722011848499
14166,-1539.0510818457099,0,0,-2181,39.0703287230317,-1.7424644007474301e-12,492.6,110.27858943125601
14167,-1987.9706639977499,0,0,-2184,-92.2014501927023,-295.80000000001,475.81506202999395,108.215724164964
14168,-2141.69682548928,0,0,-2187,25.0381800621575,-512.3406288788681,426.604113904217,106.00150942321501
14169,-2369.26781445272,0,0,-2190,-39.6276568507617,-591.6,348.32080041250396,103.639041985542
14170,-2295.15193372545,0,0,-2193,62.7570691771457,-512.34062887887,246.299999999997,101.131625976278
14171,-2237.867329285,0,0,-2196,27.9556408540656,-295.80000000001303,127.49426161750799,98.4827682434402
14172,-2176.81105402529,0,0,-2199,-73.507227479375,-4.63534194102525e-12,1.9298254227087903e-12,95.69617345408692
14173,-1946.4910780127102,0,0,-2202,-5.5725553082037305,295.799999999976,-127.49426161748998,92.77573891300379
14174,-1752.66825737102,0,0,-2205,96.5655646381357,512.340628878882,-246.30000000000598,89.7255491119706
14175,-1906.39459703522,0,0,-2208,-28.223666639963497,591.6,-348.320800412491,86.5498700172336
14176,-2027.97732426572,0,0,-2211,14.033017656436801,512.3406288788901,-426.604113904208,83.25314310316071
14177,-2203.42313263781,0,0,-2214,110.751950251756,295.79999999998904,-475.81506202999606,79.8399791404419
14178,-2586.13347838012,0,0,-2217,47.151369872360604,1.1013148282797901e-11,-492.6,76.3151517475089
14179,-2898.7952859405395,0,0,-2220,20.1361853752524,-295.799999999999,-475.815062029995,72.68359071419691
14180,-3188.59930984023,0,0,-2223,-95.60494216413441,-512.340628878862,-426.60411390422007,68.9503751069877
14181,-3162.1273440170803,0,0,-2226,-61.3272697700687,-591.6,-348.32080041248804,65.1207261654772
14182,-2990.8475977358503,0,0,-2229,-64.4069688569772,-512.340628878876,-246.30000000000098,61.2000000000001
14183,-2550.22896462121,0,0,-2232,47.871616895700704,-295.800000000024,-127.494261617513,57.1936801006229
14184,-2093.1035543279,0,0,-2235,88.7890760041316,-1.73909546245706e-11,-7.240351798566171e-12,53.107369667989595
14185,-1865.87005664566,0,0,-2238,-100.11110203988702,295.799999999994,127.494261617499,48.946783776736005
14186,-1437.3449370689402,0,0,-2241,0.29669266973998804,512.340628878875,246.30000000000098,44.7177413824469
14187,-1334.81938631196,0,0,-2244,-71.1663439077601,591.6,348.320800412487,40.426157183312704
14188,-1279.54007066422,0,0,-2247,-7.56284679519943,512.340628878862,426.604113904219,36.078033347894504
14189,-1378.6268599183,0,0,-2250,68.0786269311519,295.8,475.815062029995,31.679451120548396
14190,-1585.0402605441102,0,0,-2253,148.123177139616,2.37687609663433e-11,492.6,27.2365623162532
14191,-2061.34613313511,0,0,-2256,-8.11677588186138,-295.79999999998796,475.815062029997,22.7555807167411
14192,-2354.2945232346697,0,0,-2259,-27.8007816399726,-512.3406288788719,426.604113904215,18.242773379963698
14193,-2525.2528376817604,0,0,-2262,-33.678089969297,-591.6,348.320800412491,13.704451875044901
14194,-2608.97433468966,0,0,-2265,-87.08066926576392,-512.340628878882,246.30000000000598,9.14696345497839
14195,-2560.1754163791197,0,0,-2268,-128.446360176026,-295.800000000035,127.494261617518,4.576682179422789
14196,-2288.01493843387,0,0,-2271,-17.0149384338693,3.4819992899380202e-12,-1.44965589099347e-12,1.34907091394072e-13
14197,-2093.25911622985,0,0,-2274,17.0118275670855,295.79999999998296,-127.49426161749399,-4.57668217942208
14198,-1971.93354477297,0,0,-2277,48.1727898031322,512.340628878869,-246.299999999996,-9.146963454978119
14199,-2026.9964503588199,0,0,-2280,23.428801928716002,591.6,-348.320800412493,-13.7044518750451
14200,-2259.0454222173103,0,0,-2283,-43.539163811996005,512.340628878869,-426.604113904217,-18.2427733799639
14201,-2491.64681191337,0,0,-2286,-2.8761691666514397,295.800000000011,-475.81506202999395,-22.755580716740397
14202,-2811.11123725165,0,0,-2289,-2.27467493543258,3.65243736498887e-11,-492.6,-27.2365623162525
14203,-3097.30019310573,0,0,-2292,-2.00567995518019,-295.800000000006,-475.81506202999395,-31.679451120548602
14204,-3325.84909072763,0,0,-2295,-55.826314596656196,-512.3406288788659,-426.60411390421797,-36.0780333478947
14205,-3211.7604608768897,0,0,-2298,66.5864967189148,-591.6,-348.320800412495,-40.426157183312
14206,-2975.01382337739,0,0,-2301,129.344546883952,-512.340628878889,-246.30000000001098,-44.7177413824463
14207,-2750.91793948176,0,0,-2304,25.3231059124553,-295.79999999998796,-127.494261617496,-48.946783776736204
14208,-2350.1893305422896,0,0,-2307,9.91803912571557,-9.27361339360735e-12,-3.86087048486391e-12,-53.107369667989
14209,-1834.18908854603,0,0,-2310,109.71032993713699,295.799999999972,127.49426161748899,-57.19368010062261
14210,-1755.3688018019,0,0,-2313,-139.809430680788,512.340628878879,246.30000000000402,-61.2000000000002
14211,-1512.7191069453102,0,0,-2316,-71.5191811923181,591.6,348.32080041249003,-65.1207261654774
14212,-1468.85208646064,0,0,-2319,-19.8464541367393,512.340628878875,426.60411390421405,-68.95037510698711
14213,-1657.33479105082,0,0,-2322,-34.2662623666356,295.800000000022,475.81506202999196,-72.6835907141963
14214,-1977.4138608616602,0,0,-2325,-68.69870911413061,-1.7977146862674e-11,492.6,-76.315151747509
14215,-2210.09232059941,0,0,-2328,17.7325965110293,-295.799999999995,475.81506202999606,-79.8399791404421
14216,-2499.02196749413,0,0,-2331,0.967690583669074,-512.340628878859,426.60411390422007,-83.2531431031602
14217,-2852.4391694016304,0,0,-2334,-188.610099796892,-591.6,348.320800412499,-86.54987001723309
14218,-2656.9872704241398,0,0,-2337,35.7789075667039,-512.340628878878,246.30000000000302,-89.72554911197071
14219,-2450.6738219134804,0,0,-2340,150.407655382018,-295.799999999999,127.494261617501,-92.77573891300341
14220,-2518.02977490503,0,0,-2343,-79.3336014509268,-2.20292260771527e-11,9.171396860721289e-12,-95.6961734540868
14221,-2251.11371746796,0,0,-2346,25.063312392975103,295.800000000019,-127.49426161751002,-98.4827682434403
14222,-2288.61935678053,0,0,-2349,-104.52835968312999,512.340628878873,-246.29999999999902,-101.131625976278
14223,-2259.62418596043,0,0,-2352,-47.264343562401294,591.6,-348.32080041248594,-103.639041985542
14224,-2465.07976397267,0,0,-2355,-89.8147695241218,512.340628878881,-426.604113904211,-106.00150942321501
14225,-2712.85080014657,0,0,-2358,-66.62001395161529,295.800000000004,-475.81506202999395,-108.215724164964
14226,-3000.10784598198,0,0,-2361,-36.2292565507154,-5.2215341791286106e-12,-492.6,-110.27858943125601
14227,-3192.44068137916,0,0,-2364,55.361600769305895,-295.79999999998404,-475.815062029997,-112.18722011848499
14228,-3508.1630155278303,0,0,-2367,-88.2793259106988,-512.340628878853,-426.604113904223,-113.93894683405
14229,-3549.0369942158295,0,0,-2370,-123.58487417359501,-591.6,-348.320800412493,-115.53131962974399
14230,-3309.6166052894896,0,0,-2373,-61.0138649823718,-512.340628878885,-246.300000000008,-116.96211142822399
14231,-3030.7618111534002,0,0,-2376,-113.238228398106,-295.80000000001,-127.49426161750601,-118.22932113778201
14232,-2464.2139313163602,0,0,-2379,34.1172451346992,-1.15627216264407e-12,-4.81389171161655e-13,-119.33117645105499
14233,-2147.09587894076,0,0,-2382,-68.1240042345134,295.800000000008,127.494261617505,-120.26613632375401
14234,-1687.3679984088599,0,0,-2385,60.0242658422354,512.340628878867,246.299999999995,-121.032893129956
14235,-1531.4871318736903,0,0,-2388,38.22244220476521,591.6,348.320800412482,-121.630374490933
14236,-1589.50077935798,0,0,-2391,-15.387777366088299,512.340628878871,426.604113904216,-122.057744774976
14237,-1762.79514235737,0,0,-2394,-18.095798121281,295.800000000015,475.815062029993,-122.31440626610001
14238,-1995.6799405917102,0,0,-2397,31.120059408286,7.53407850441676e-12,492.6,-122.4
14239,-2374.09385780147,0,0,-2400,-31.7945135653966,-295.799999999973,475.815062029998,-122.31440626610001
14240,-2580.44202921852,0,0,-2403,30.3522305311235,-512.34062887888,426.60411390421206,-122.057744774976
14241,-2820.88142555232,0,0,-2406,-49.9718514738842,-591.6,348.32080041249606,-121.630374490933
14242,-2750.20807930541,0,0,-2409,45.8654427034286,-512.340628878891,246.300000000012,-121.032893129956
14243,-2582.52183077756,0,0,-2412,118.05004392869101,-295.799999999992,127.494261617498,-120.26613632375401
14244,-2595.66783561917,0,0,-2415,-61.3366591681091,-1.39118848461894e-11,5.79191554701903e-12,-119.33117645105499
14245,-2399.20780326529,0,0,-2418,-31.2842205100062,295.799999999997,-127.4942616175,-118.22932113778201
14246,-2253.8527624651397,0,0,-2421,18.068720084214302,512.3406288788599,-246.29999999999,-116.96211142822399
14247,-2317.91939000012,0,0,-2424,-21.667269957877103,591.6,-348.320800412498,-115.53131962974399
14248,-2453.76771011587,0,0,-2427,1.43472174351326,512.340628878877,-426.604113904213,-113.938946834051
14249,-2833.4681812363897,0,0,-2430,-111.26589908793501,295.800000000026,-475.81506202999196,-112.18722011848499
14250,-3048.45296646498,0,0,-2433,-12.5743770337489,2.02896911879621e-11,-492.6,-110.27858943125601
14251,-3249.49529053903,0,0,-2436,66.3354956559231,-295.799999999991,-475.81506202999606,-108.215724164964
14252,-3548.3580985191707,0,0,-2439,-64.4118463128631,-512.340628878874,-426.60411390421405,-106.00150942321501
14253,-3372.34365396791,0,0,-2442,113.216188430134,-591.6,-348.3208004125,-103.639041985542
14254,-3331.99682138522,0,0,-2445,-27.2245665300882,-512.340628878864,-246.299999999993,-101.131625976278
14255,-2875.9440158207203,0,0,-2448,93.8330140402223,-295.800000000003,-127.494261617503,-98.4827682434402
14256,-2472.03103643942,0,0,-2451,74.66513701470221,-2.66674975297348e-11,-1.11024419228764e-11,-95.69617345408692
14257,-2098.1901471159,0,0,-2454,25.2913301796256,295.799999999986,127.494261617495,-92.77573891300379
14258,-1720.2460580244901,0,0,-2457,67.8388622086102,512.340628878871,246.29999999999802,-89.7255491119706
14259,-1706.8499608729699,0,0,-2460,-100.220891268228,591.6,348.32080041249395,-86.5498700172336
14260,-1653.24740159729,0,0,-2463,-45.9390012772213,512.340628878884,426.60411390420995,-83.25314310316071
14261,-1817.73216464119,0,0,-2466,-43.5072475307743,295.800000000037,475.81506202999003,-79.8399791404423
14262,-2050.40739896565,0,0,-2469,2.30775278185755,-5.83262726546516e-13,492.6,-76.3151517475089
14263,-2413.5490136644103,0,0,-2472,-48.880484980229994,-295.79999999997995,475.815062029997,-72.6835907141966
14264,-2634.2441326693397,0,0,-2475,-4.55724258769899,-512.3406288788681,426.604113904217,-68.9503751069877
14265,-2868.47853906099,0,0,-2478,-82.0786133080027,-591.6,348.32080041249395,-65.1207261654772
14266,-2834.91931593456,0,0,-2481,-26.6786870556881,-512.34062887887,246.299999999997,-61.2000000000001
14267,-2704.05002645151,0,0,-2484,5.4493920316215005,-295.800000000014,127.49426161750799,-57.1936801006229
14268,-2422.57567601648,0,0,-2487,117.53169365153,-3.94231102132802e-11,1.6412968298733802e-11,-53.107369667989595
14269,-2436.42890676948,0,0,-2490,-65.7878613752473,295.800000000004,-127.494261617503,-48.9467837767361
14270,-2179.15474487137,0,0,-2493,92.5223676322098,512.340628878864,-246.299999999993,-44.717741382447
14271,-2193.07637910929,0,0,-2496,100.07057848650899,591.6,-348.320800412491,-40.426157183312704
14272,-2450.88756304644,0,0,-2499,-1.5460446732041397,512.340628878873,-426.604113904215,-36.078033347894504
14273,-2725.0660238341698,0,0,-2502,-11.3715106836183,295.79999999999,-475.81506202999606,-31.679451120548396
14274,-2982.34417852146,0,0,-2505,42.492383794783294,1.21723499569989e-11,-492.6,-27.2365623162532
14275,-4561.36674327519,1,0,-2508,38.1891239805677,-295.799999999969,-475.815062029999,-22.7555807167411
14276,-3305.9022828032203,0,0,-2511,162.285233359835,-512.340628878878,-426.604113904213,-18.2427733799638
14277,-3529.2205785264,0,0,-2514,-61.595326238853204,-591.6,-348.320800412498,-13.704451875044901
14278,-3319.84574600206,0,0,-2517,-35.0581536682056,-512.340628878876,-246.30000000000197,-9.146963454978401
14279,-2900.43193169175,0,0,-2520,47.439012105207794,-295.80000000002497,-127.494261617513,-4.5766821794228
14280,-2499.7763160514,0,0,-2523,23.223683948578,1.50784102992825e-11,6.27757345624286e-12,-1.4989676821563597e-13
14281,-2113.2431902775697,0,0,-2526,-15.1141340744861,295.79999999999296,127.494261617498,4.57668217942207
14282,-1684.2541538929902,0,0,-2529,76.9582537731893,512.3406288788581,246.299999999989,9.14696345497811
14283,-1664.90830059099,0,0,-2532,-86.53355287853321,591.6,348.320800412497,13.7044518750451
14284,-1677.6368888617098,0,0,-2535,-99.82440502477009,512.34062887888,426.60411390421206,18.2427733799639
14285,-1796.8769794806897,0,0,-2538,-53.2476222274245,295.800000000001,475.815062029995,22.755580716740397
14286,-1974.53135329483,0,0,-2541,46.632084388893006,2.4927962640544198e-11,492.6,27.2365623162525
14287,-2351.54792208626,0,0,-2544,-19.2424352367814,-295.800000000016,475.815062029993,31.679451120548602
14288,-2575.37915534213,0,0,-2547,21.2793262846292,-512.3406288788719,426.604113904215,36.0780333478947
14289,-2748.31184475971,0,0,-2550,4.54119764447336,-591.6,348.32080041250197,40.4261571833124
14290,-2782.03491428474,0,0,-2553,-7.71202678831422,-512.340628878883,246.30000000000598,44.7177413824463
14291,-2683.19890968706,0,0,-2556,-7.83995508129341,-295.800000000007,127.494261617505,48.946783776736204
14292,-2536.23030637267,0,0,-2559,-30.337676040665603,2.32279761573711e-12,-9.67047080385478e-13,53.107369667989
14293,-2346.06294199121,0,0,-2562,-9.562360474317789,295.799999999982,-127.494261617493,57.19368010062261
14294,-2239.1206129749,0,0,-2565,-1.36124185377307,512.340628878885,-246.300000000008,61.2000000000002
14295,-2193.25748200432,0,0,-2568,66.3425922426943,591.6,-348.320800412493,65.1207261654773
14296,-2445.17934790581,0,0,-2571,-28.8662379874751,512.340628878886,-426.604113904209,68.9503751069875
14297,-2544.66854938635,0,0,-2574,136.66292192943,295.800000000012,-475.815062029993,72.6835907141963
14298,-3054.16980217565,0,0,-2577,-60.8849539231594,4.05500872603558e-12,-492.6,76.315151747509
14299,-3273.8606283947497,0,0,-2580,-2.08554550519689,-295.800000000005,-475.81506202999395,79.8399791404417
14300,-3481.96500270864,0,0,-2583,-43.2734030287142,-512.340628878865,-426.60411390421797,83.2531431031605
14301,-3449.4373394230297,0,0,-2586,-10.0664090277603,-591.6,-348.32080041250504,86.54987001723309
14302,-3206.7841588483398,0,0,-2589,51.13092091856421,-512.3406288788719,-246.29999999999902,89.72554911197071
14303,-2988.1743711044605,0,0,-2592,-65.6558483999349,-295.80000000001803,-127.49426161751002,92.7757389130031
14304,-2444.66427475213,0,0,-2595,54.63955179379371,-1.0432815067808301e-11,-4.3434792954719e-12,95.6961734540867
14305,-1967.0173175764,0,0,-2598,109.205652562654,295.8,127.494261617502,98.4827682434403
14306,-1747.0469145509,0,0,-2601,-5.8191694060567,512.340628878879,246.30000000000402,101.131625976278
14307,-1546.7849377704501,0,0,-2604,13.6552198315232,591.6,348.320800412489,103.639041985542
14308,-1579.5035689957,0,0,-2607,-17.449821202011698,512.340628878893,426.604113904207,106.00150942321501
14309,-1603.6972635987602,0,0,-2610,126.471950206282,295.799999999994,475.81506202999606,108.215724164964
14310,-2096.3047794035397,0,0,-2613,-86.1833688348117,1.6810621409581e-11,492.6,110.27858943125601
14311,-2230.59492188282,0,0,-2616,93.20279596869801,-295.799999999994,475.81506202999606,112.18722011848499
14312,-2629.45805247079,0,0,-2619,-38.660484330203,-512.340628878859,426.604113904221,113.93894683405
14313,-2739.62365317117,0,0,-2622,10.124226786595301,-591.6,348.320800412489,115.53131962974399
14314,-2791.81228430106,0,0,-2625,-17.733766850412398,-512.340628878879,246.30000000000402,116.962111428223
14315,-2578.5343827800602,0,0,-2628,99.542034464669,-295.800000000029,127.494261617515,118.22932113778201
14316,-2443.5823428845,0,0,-2631,68.086480664435,1.04401388467004e-11,-4.34652839408773e-12,119.33117645105499
14317,-2451.73153657647,0,0,-2634,-106.30341128271999,295.79999999998904,-127.494261617496,120.26613632375401
14318,-2214.1176457306,0,0,-2637,35.80883226057279,512.3406288788719,-246.29999999999902,121.032893129956
14319,-2292.3478739209304,0,0,-2640,-17.2574479993799,591.6,-348.32080041248497,121.630374490933
14320,-2503.47233537406,0,0,-2643,-68.266595123681,512.340628878865,-426.60411390421797,122.057744774976
14321,-2708.60016425483,0,0,-2646,-4.8995084909364,295.800000000005,-475.81506202999395,122.31440626610001
14322,-3006.94096991608,0,0,-2649,12.2590300838867,2.95662340931263e-11,-492.6,122.4
14323,-3265.09863532883,0,0,-2652,36.2020204350466,-295.79999999998296,-475.815062029997,122.31440626610001
14324,-3578.71879110759,0,0,-2655,-106.83179309947599,-512.340628878869,-426.604113904216,122.057744774976
14325,-3421.2691632735805,0,0,-2658,55.0212626479807,-591.6,-348.320800412493,121.630374490933
14326,-3334.83682674419,0,0,-2661,-36.22909099524821,-512.340628878885,-246.300000000008,121.032893129956
14327,-3047.07946352044,0,0,-2664,-80.05133822671921,-295.799999999982,-127.494261617493,120.26613632375401
14328,-2467.8676260892803,0,0,-2667,79.8011974596665,-2.3154738368449903e-12,-9.639979817696439e-13,119.33117645105499
14329,-2148.3923467136397,0,0,-2670,-19.915929468895897,295.799999999978,127.49426161749099,118.22932113778201
14330,-1662.1419112067802,0,0,-2673,135.255348486136,512.3406288788659,246.29999999999401,116.96211142822399
14331,-1526.3158273662698,0,0,-2676,94.2320525914906,591.6,348.32080041249196,115.53131962974399
14332,-1641.7782985377498,0,0,-2679,-15.661988154883401,512.3406288788719,426.604113904215,113.938946834051
14333,-1795.18899987531,0,0,-2682,3.0087179761985294,295.800000000016,475.815062029993,112.18722011848499
14334,-2147.09711040413,0,0,-2685,-64.9756998354284,4.23218467766717e-11,492.6,110.27858943125601
14335,-2375.14134358756,0,0,-2688,24.6278702174857,-295.800000000001,475.815062029995,108.215724164964
14336,-2624.80318662225,0,0,-2691,45.9318189291766,-512.340628878863,426.604113904219,106.001509423216
14337,-2763.01513020231,0,0,-2694,70.62502739964641,-591.6,348.320800412497,103.639041985542
14338,-2927.68713961318,0,0,-2697,-65.7781367105853,-512.340628878875,246.30000000000098,101.131625976278
14339,-2767.46448552549,0,0,-2700,2.35848461356225,-295.79999999999296,127.494261617498,98.4827682434403
14340,-2625.54766000162,0,0,-2703,-18.2438334556939,-1.5071086520390403e-11,6.2745243576270195e-12,95.6961734540872
14341,-2415.62683002303,0,0,-2706,29.2916926814854,295.799999999967,-127.494261617486,92.7757389130036
14342,-2441.76600482612,0,0,-2709,-88.5321828169623,512.340628878876,-246.30000000000197,89.7255491119706
14343,-2365.76017896276,0,0,-2712,16.410751432494198,591.6,-348.32080041248804,86.5498700172336
14344,-2618.35639339658,0,0,-2715,-72.34605147440891,512.340628878878,-426.604113904213,83.25314310316041
14345,-2858.97936636639,0,0,-2718,-40.804283476868704,295.800000000027,-475.81506202999196,79.8399791404423
14346,-3138.8046153694395,0,0,-2721,-1.5197671169404,-1.2179673735891001e-11,-492.6,76.3151517475089
14347,-3458.46804950242,0,0,-2724,-35.536578186628496,-295.79999999999,-475.81506202999606,72.68359071419691
14348,-3636.71204706728,0,0,-2727,-39.71767939118671,-512.3406288788569,-426.604113904222,68.9503751069874
14349,-3696.2290170183796,0,0,-2730,-91.42894277137009,-591.6,-348.320800412491,65.1207261654769
14350,-3405.65316800489,0,0,-2733,24.7874608739978,-512.340628878881,-246.30000000000499,61.2000000000001
14351,-3216.97313008813,0,0,-2736,-114.872548571242,-295.800000000004,-127.494261617503,57.19368010062329
14352,-2655.3106880292603,0,0,-2739,30.581942302792697,-2.7826699203935703e-11,-1.15850507334844e-11,53.10736966798929
14353,-2240.78699902153,0,0,-2742,28.9719555842093,295.800000000014,127.49426161750799,48.9467837767361
14354,-1992.12512067338,0,0,-2745,-50.4834909346913,512.34062887887,246.299999999997,44.717741382447
14355,-1735.7986215593698,0,0,-2748,31.8544208448345,591.6,348.320800412484,40.4261571833131
14356,-1717.30978426307,0,0,-2751,58.667439605940295,512.340628878884,426.60411390420995,36.078033347895
14357,-2038.2660704861999,0,0,-2754,-87.5605836367525,295.800000000009,475.81506202999395,31.679451120548396
14358,-2144.34066833428,0,0,-2757,92.8227693494676,5.759389476544029e-13,492.6,27.2365623162533
14359,-2522.0274477162898,0,0,-2760,35.201909536949394,-295.799999999979,475.815062029998,22.7555807167407
14360,-2833.29665793005,0,0,-2763,-2.8029163353400697,-512.340628878884,426.60411390420995,18.2427733799633
14361,-2986.27329745928,0,0,-2766,9.30145025318266,-591.6,348.32080041249395,13.704451875044901
14362,-2978.4038667625605,0,0,-2769,47.4897986613422,-512.340628878888,246.30000000001,9.14696345497885
14363,-2912.3795766488897,0,0,-2772,23.349479554197103,-295.800000000015,127.494261617509,4.57668217942238
14364,-2739.93187551302,0,0,-2775,35.0681244869859,-6.95374528942709e-12,2.89504304392477e-12,-2.69965709247982e-13
14365,-2682.6559055199104,0,0,-2778,-68.3849617229842,295.800000000003,-127.494261617503,-4.57668217942205
14366,-2598.04694831647,0,0,-2781,-73.94061374036221,512.340628878864,-246.299999999993,-9.14696345497766
14367,-2520.69866866965,0,0,-2784,33.7265836178761,591.6,-348.32080041248,-13.7044518750446
14368,-2744.09114052197,0,0,-2787,-24.5848821166678,512.340628878874,-426.604113904215,-18.2427733799639
14369,-2971.4354508066303,0,0,-2790,21.335191940083,295.80000000002,-475.81506202999196,-22.755580716740397
14370,-3341.51309776386,0,0,-2793,-28.6765354476235,1.3331551631199802e-11,-492.6,-27.2365623162529
14371,-3666.0714727328004,0,0,-2796,-66.77695958225779,-295.799999999997,-475.815062029995,-31.679451120549
14372,-3650.3557133266295,0,0,-2799,123.667062804351,-512.340628878877,-426.604113904213,-36.0780333478947
14373,-3817.4482653387395,0,0,-2802,-35.1013077429269,-591.6,-348.320800412498,-40.426157183312
14374,-3607.6454224424,0,0,-2805,0.7129478189516241,-512.340628878894,-246.300000000014,-44.7177413824467
14375,-3304.49665825969,0,0,-2808,-24.2556128654585,-295.799999999997,-127.4942616175,-48.9467837767366
14376,-2879.6939945636304,0,0,-2811,-15.586624895613001,-1.97093579729725e-11,-8.20556941978215e-12,-53.107369667989
14377,-2483.2252861578304,0,0,-2814,-35.325867674702295,295.799999999992,127.494261617498,-57.1936801006222
14378,-2219.5286970054,0,0,-2817,-99.969325884249,512.3406288788569,246.299999999988,-61.1999999999998
14379,-1911.8942989421698,0,0,-2820,33.3056268108088,591.6,348.32080041249606,-65.1207261654773
14380,-1973.6901166619698,0,0,-2823,-20.6844843380793,512.34062887888,426.60411390421206,-68.95037510698711
14381,-2097.0703431282395,0,0,-2826,29.998185555929602,295.800000000031,475.815062029991,-72.683590714196
14382,-2417.50202458836,0,0,-2829,-4.786872840841809,-7.54140228330887e-12,492.6,-76.3151517475093
14383,-2709.36817497435,0,0,-2832,22.456742136083196,-295.799999999986,475.815062029997,-79.839979140442
14384,-3001.20388285425,0,0,-2835,2.78577522356058,-512.340628878871,426.604113904216,-83.2531431031602
14385,-3168.6577338760103,0,0,-2838,-0.828664271279198,-591.6,348.32080041250197,-86.54987001723342
14386,-3161.58240650487,0,0,-2841,35.1837714859752,-512.340628878867,246.299999999995,-89.72554911197099
14387,-3169.89560852346,0,0,-2844,-64.8141312279519,-295.800000000008,127.494261617505,-92.77573891300341
14388,-2917.41033064177,0,0,-2847,25.285842812336302,-3.24649706565178e-11,1.35160957956395e-11,-95.69617345408649
14389,-2651.1020579363603,0,0,-2850,129.074971924595,295.799999999981,-127.494261617493,-98.48276824344009
14390,-2636.99699321154,0,0,-2853,51.094003885861596,512.3406288788681,-246.299999999996,-101.131625976278
14391,-2671.98730633064,0,0,-2856,44.372536067392105,591.6,-348.320800412493,-103.639041985542
14392,-2878.04757719697,0,0,-2859,1.21741725156549,512.3406288788871,-426.604113904209,-106.00150942321501
14393,-3156.19534586525,0,0,-2862,-5.96455967026804,295.79999999998404,-475.815062029997,-108.215724164964
14394,-3451.37796559877,0,0,-2865,16.5006238324769,5.2142104002365e-12,-492.6,-110.27858943125601
14395,-3654.2216818200395,0,0,-2868,97.5806003284186,-295.799999999975,-475.815062029998,-112.18722011848499
14396,-3995.7678875710203,0,0,-2871,-71.8841979538824,-512.340628878865,-426.60411390421797,-113.938946834051
14397,-3943.0718758191297,0,0,-2874,-13.619755776887601,-591.6,-348.32080041249606,-115.53131962974399
14398,-3674.35772888766,0,0,-2877,78.2450114194357,-512.340628878873,-246.29999999999902,-116.96211142822399
14399,-3366.8777370985804,0,0,-2880,54.6458456567319,-295.800000000019,-127.49426161751002,-118.22932113778201
14400,-3029.0278418238204,0,0,-2883,-26.6966653726987,-4.5220583340063204e-11,-1.88266221714969e-11,-119.33117645105499
14401,-2620.48741652457,0,0,-2886,-37.5155418183121,295.799999999999,127.494261617501,-120.26613632375499
14402,-2328.97506471402,0,0,-2889,-77.5828004629173,512.340628878861,246.299999999991,-121.032893129956
14403,-2160.54721494255,0,0,-2892,-86.8376408641029,591.6,348.320800412489,-121.630374490933
14404,-2058.2793025014803,0,0,-2895,19.8336994904066,512.340628878876,426.604113904213,-122.057744774976
14405,-2368.66045680413,0,0,-2898,-119.961112568019,295.799999999995,475.81506202999606,-122.31440626610001
14406,-2558.55538961808,0,0,-2901,-27.7553896181026,1.7969823083781898e-11,492.6,-122.4
14407,-2903.8432596705297,0,0,-2904,-57.543915434461795,-295.799999999964,475.815062029999,-122.31440626610001
14408,-3180.33222978985,0,0,-2907,-65.5379700402151,-512.340628878875,426.60411390421405,-122.057744774976
14409,-3282.57969487668,0,0,-2910,-7.67012079824595,-591.6,348.320800412499,-121.630374490933
14410,-3228.86545905543,0,0,-2913,71.20806295339959,-512.340628878879,246.30000000000402,-121.032893129956
14411,-3157.97727677422,0,0,-2916,46.5945979320339,-295.800000000001,127.494261617502,-120.26613632375499
14412,-3055.83904346531,0,0,-2919,-17.5078670142576,9.28093717249946e-12,-3.86391958347975e-12,-119.33117645105499
14413,-2909.4042286180797,0,0,-2922,-37.4806458627926,295.79999999998796,-127.494261617496,-118.22932113778201
14414,-2870.85655533592,0,0,-2925,-94.9350727865625,512.340628878855,-246.299999999986,-116.96211142822399
14415,-2769.04766818823,0,0,-2928,31.204451854008497,591.6,-348.320800412495,-115.53131962974399
14416,-2861.24991675285,0,0,-2931,97.9525151065256,512.340628878883,-426.604113904211,-113.938946834051
14417,-3219.90706357998,0,0,-2934,6.29521856849393,295.800000000006,-475.81506202999395,-112.18722011848499
14418,-3639.3900927553705,0,0,-2937,-99.511503324145,3.0725435767327195e-11,-492.6,-110.27858943125601
14419,-3819.3546618336895,0,0,-2940,0.476124361250716,-295.799999999982,-475.815062029997,-108.215724164964
14420,-3901.3123990187105,0,0,-2943,86.63385318758881,-512.340628878869,-426.604113904217,-106.00150942321501
14421,-4029.79391759924,0,0,-2946,-40.234075201203204,-591.6,-348.320800412493,-103.639041985542
14422,-3740.7636223595396,0,0,-2949,68.00863249560061,-512.340628878869,-246.299999999996,-101.131625976278
14423,-3540.00917614719,0,0,-2952,-66.2321462862782,-295.79999999998296,-127.49426161749399,-98.48276824343999
14424,-3120.8778147618395,0,0,-2955,-70.1816413077013,-3.71032421090999e-11,-1.54471408577946e-11,-95.69617345408692
14425,-2652.07077877738,0,0,-2958,-24.5893014818429,295.799999999977,127.49426161749099,-92.7757389130039
14426,-2361.62856905117,0,0,-2961,-69.5436488180553,512.3406288788659,246.29999999999401,-89.7255491119709
14427,-1984.41157611972,0,0,-2964,126.217493485024,591.6,348.320800412491,-86.54987001723329
14428,-2106.31225709695,0,0,-2967,4.996143223122889,512.3406288788719,426.604113904215,-83.2531431031608
14429,-2269.22280637026,0,0,-2970,9.002110740146302,295.800000000046,475.815062029989,-79.8399791404426
14430,-2672.877164455,0,0,-2973,-116.16201270747,-2.37760847452354e-11,492.6,-76.3151517475093
14431,-2842.15595866838,0,0,-2976,26.512570015792605,-295.799999999971,475.815062029999,-72.6835907141966
14432,-3063.92538330176,0,0,-2979,69.7615067798683,-512.340628878862,426.604113904219,-68.9503751069877
14433,-3385.69097837227,0,0,-2982,-95.29105261928879,-591.6,348.320800412497,-65.1207261654773
14434,-3311.6810131862103,0,0,-2985,0.559615692660029,-512.340628878875,246.30000000000098,-61.199999999999704
14435,-3252.51349363589,0,0,-2988,-39.014075152774,-295.799999999994,127.494261617499,-57.1936801006229
14436,-2987.86393082846,0,0,-2991,56.2434388395576,-4.985885479264529e-11,2.0757667233652e-11,-53.1073696679897
14437,-2805.77998956758,0,0,-2994,68.8610558266491,295.800000000024,-127.494261617513,-48.946783776736495
14438,-2640.71515503724,0,0,-2997,134.961957466339,512.340628878859,-246.299999999989,-44.717741382446604
14439,-2694.96838790052,0,0,-3000,102.17856969528499,591.6,-348.32080041248804,-40.426157183312704
14440,-3019.48870730577,0,0,-3003,-66.147188932538,512.340628878879,-426.604113904213,-36.0780333478954
14441,-3244.8456315201597,0,0,-3006,-27.1511183696158,295.799999999999,-475.815062029995,-31.679451120548897
14442,-3556.3409874630297,0,0,-3009,-27.5044251467628,-1.10204720616901e-11,-492.6,-27.236562316252797
14443,-3765.23667784853,0,0,-3012,41.133964898173794,-295.79999999996,-475.81506203,-22.7555807167412
14444,-4079.55294647745,0,0,-3015,-107.365430314385,-512.3406288788901,-426.604113904208,-18.2427733799638
14445,-3943.67582526933,0,0,-3018,27.9494270182172,-591.6,-348.320800412501,-13.704451875044501
14446,-3728.028477659,0,0,-3021,60.7591146748689,-512.340628878882,-246.30000000000598,-9.14696345497843
14447,-3402.65687404176,0,0,-3024,49.2140697551709,-295.800000000005,-127.49426161750401,-4.57668217942283
14448,-3006.14705381283,0,0,-3027,20.852946187162,4.64266571991737e-12,1.9328745213246203e-12,-1.7987612185876302e-13
14449,-2525.8466152405,0,0,-3030,76.28244096255641,295.80000000001303,127.49426161750799,4.57668217942247
14450,-2302.93224558017,0,0,-3033,-37.719837913980705,512.340628878853,246.299999999985,9.14696345497808
14451,-2125.765202025,0,0,-3036,-43.3904543125323,591.6,348.320800412484,13.704451875044198
14452,-2092.7614764915697,0,0,-3039,-10.948992654628501,512.340628878885,426.60411390420995,18.2427733799634
14453,-2250.06769026734,0,0,-3042,-2.4383330140807797,295.80000000001,475.81506202999395,22.7555807167408
14454,-2427.2116362908,0,0,-3045,97.9518013929426,1.7351406218553202e-12,492.6,27.2365623162525
14455,-2760.8275808724297,0,0,-3048,75.47790597703809,-295.800000000007,475.81506202999395,31.6794511205485
14456,-3257.24093393727,0,0,-3051,-156.582452310495,-512.340628878883,426.604113904211,36.0780333478942
14457,-3270.3741367963103,0,0,-3054,-13.521094392123699,-591.6,348.32080041250504,40.4261571833124
14458,-3326.10258103036,0,0,-3057,-47.779693533928096,-512.340628878888,246.30000000001,44.717741382446206
14459,-3079.7715572944103,0,0,-3060,99.5873973113625,-295.800000000016,127.494261617509,48.946783776736204
14460,-3064.4714207131606,0,0,-3063,-54.5787903811477,-8.11294696362801e-12,3.37765185453276e-12,53.10736966798929
14461,-2790.77484803706,0,0,-3066,49.7257334798217,295.800000000002,-127.494261617503,57.19368010062261
14462,-2740.6761906509196,0,0,-3069,1.08318047021098,512.340628878846,-246.29999999997997,61.1999999999994
14463,-2704.78170840252,0,0,-3072,58.818365844503404,591.6,-348.3208004125,65.120726165477
14464,-2849.8490382420396,0,0,-3075,70.46407167628941,512.340628878891,-426.604113904207,68.9503751069874
14465,-3191.42374728403,0,0,-3078,-6.09227596825537,295.80000000002104,-475.81506202999196,72.6835907141963
14466,-3550.1634787929706,0,0,-3081,-52.878630540497596,1.4490753305400698e-11,-492.6,76.315151747509
14467,-3690.7732624399105,0,0,-3084,85.0018204496448,-295.799999999996,-475.815062029995,79.8399791404417
14468,-3942.13298312837,0,0,-3087,0.558616551564114,-512.340628878877,-426.604113904213,83.2531431031605
14469,-3925.86954222598,0,0,-3090,17.501388169292902,-591.6,-348.320800412508,86.549870017233
14470,-3840.10659602275,0,0,-3093,-78.1915162558702,-512.340628878861,-246.299999999991,89.72554911197071
14471,-3354.7058026488003,0,0,-3096,71.8127200557413,-295.800000000027,-127.494261617514,92.7757389130036
14472,-3093.3733175283,0,0,-3099,-90.06949098235359,-2.08685596471734e-11,-8.68817823039013e-12,95.6961734540867
14473,-2666.3733125858,0,0,-3102,-86.15034244672991,295.799999999991,127.494261617497,98.48276824343979
14474,-2245.3382045000303,0,0,-3105,-0.11045935518375401,512.340628878874,246.3,101.131625976278
14475,-2011.4354478876,0,0,-3108,53.0047097143624,591.6,348.32080041249606,103.639041985542
14476,-2062.02047386441,0,0,-3111,4.03327392927201,512.340628878898,426.604113904205,106.00150942321501
14477,-2225.5005313311603,0,0,-3114,8.66868247390174,295.799999999974,475.815062029998,108.215724164964
14478,-2487.93202488545,0,0,-3117,26.1893856832706,2.72463659889461e-11,492.6,110.27858943125601
14479,-2839.60972952928,0,0,-3120,-11.812011677778,-295.799999999985,475.815062029997,112.18722011848499
14480,-3136.41780502315,0,0,-3123,-41.620236882541,-512.34062887887,426.604113904216,113.93894683405
14481,-3126.11229746404,0,0,-3126,127.635582493724,-591.6,348.32080041249196,115.53131962974399
14482,-3312.16201711779,0,0,-3129,-34.0834996671413,-512.340628878867,246.299999999995,116.962111428223
14483,-3127.43565948667,0,0,-3132,54.640757758066904,-295.800000000038,127.494261617519,118.22932113778201
14484,-2941.6923687299395,0,0,-3135,73.97645481901999,-3.3624172330718803e-11,1.3998704606247502e-11,119.33117645105499
14485,-2859.73057912903,0,0,-3138,-10.3024538352702,295.79999999997995,-127.49426161749201,120.26613632375401
14486,-2836.93463952693,0,0,-3141,-83.00816153575592,512.340628878867,-246.299999999995,121.032893129956
14487,-2705.86048303629,0,0,-3144,73.2299428852742,591.6,-348.32080041249196,121.630374490933
14488,-2903.6586958577504,0,0,-3147,35.547044392622205,512.34062887887,-426.604113904216,122.057744774976
14489,-3203.58153820294,0,0,-3150,4.1191175609746,295.799999999985,-475.815062029997,122.31440626610001
14490,-3580.7039096967296,0,0,-3153,-57.50390969676999,4.00019786724914e-11,-492.6,122.4
14491,-3746.34463481945,0,0,-3156,58.956020944425,-295.799999999974,-475.815062029998,122.31440626610001
14492,-4014.8632505665996,0,0,-3159,-38.9762525584958,-512.340628878864,-426.604113904219,122.057744774976
14493,-4026.58440447717,0,0,-3162,-46.2939785556086,-591.6,-348.32080041249606,121.630374490933
14494,-3645.7903436334796,0,0,-3165,156.817392115434,-512.340628878874,-246.3,121.032893129956
14495,-3377.4194664537395,0,0,-3168,93.6086588400762,-295.800000000049,-127.49426161752399,120.26613632375499
14496,-3017.99929651524,0,0,-3171,33.6695270336768,2.0877348181843897e-11,8.69183714872913e-12,119.33117645105499
14497,-2673.70276226497,0,0,-3174,-41.2263450202031,295.799999999969,127.494261617487,118.22932113778201
14498,-2348.5606146006603,0,0,-3177,-47.1633549077401,512.340628878861,246.299999999991,116.96211142822399
14499,-2219.14128617938,0,0,-3180,-94.5934062216091,591.6,348.320800412489,115.53131962974399
14500,-2103.2986636567002,0,0,-3183,26.8176467261584,512.340628878877,426.604113904213,113.938946834051
14501,-2299.87315531554,0,0,-3186,2.32456253598158,295.799999999996,475.815062029995,112.18722011848499
14502,-2584.24146929475,0,0,-3189,1.87994127394153,5.27575913560368e-11,492.6,110.27858943125601
14503,-2907.7659360311,0,0,-3192,-3.99672222603126,-295.80000000002104,475.81506202999196,108.215724164964
14504,-3152.75205508074,0,0,-3195,21.982950470676304,-512.3406288788581,426.604113904221,106.001509423216
14505,-3411.5990855045698,0,0,-3198,-73.95892790261091,-591.6,348.3208004125,103.639041985542
14506,-3402.7724294767104,0,0,-3201,-36.8634265741177,-512.34062887888,246.30000000000402,101.131625976278
14507,-3290.3814236112,0,0,-3204,-16.5584534721421,-295.800000000002,127.494261617503,98.4827682434403
14508,-3215.1863536562396,0,0,-3207,-103.88252711033,8.12173549829854e-12,-3.3813107728717603e-12,95.6961734540872
14509,-3048.1777622382,0,0,-3210,-99.25923953367581,295.799999999958,-127.494261617482,92.7757389130036
14510,-2831.30192654352,0,0,-3213,25.931895465630397,512.340628878888,-246.30000000001,89.7255491119706
14511,-2828.5318938465803,0,0,-3216,57.639036548667896,591.6,-348.32080041248497,86.5498700172336
14512,-3041.5687532893,0,0,-3219,8.441588632869589,512.340628878883,-426.604113904211,83.2531431031605
14513,-3390.32593859448,0,0,-3222,-68.1508557049332,295.800000000007,-475.81506202999395,79.8399791404423
14514,-3569.1523851263105,0,0,-3225,72.1324631261845,-1.7439291565258602e-12,-492.6,76.315151747509
14515,-3982.3880643085295,0,0,-3228,-55.456592992724296,-295.80000000001,-475.81506202999395,72.683590714197
14516,-4084.54420430336,0,0,-3231,16.450163372724,-512.340628878851,-426.604113904224,68.9503751069874
14517,-4130.751018656661,0,0,-3234,-21.9509444096308,-591.6,-348.32080041250396,65.1207261654776
14518,-3902.6924678522996,0,0,-3237,31.7481610265983,-512.340628878886,-246.300000000009,61.2000000000001
14519,-3573.2223001914294,0,0,-3240,32.878281325471,-295.80000000001303,-127.49426161750799,57.19368010062329
14520,-3229.45835432949,0,0,-3243,-39.56572399746871,-4.63387718524683e-12,-1.92921560298562e-12,53.10736966798929
14521,-2741.8677835745398,0,0,-3246,31.891171031218,295.800000000005,127.49426161750401,48.9467837767361
14522,-2338.36316237209,0,0,-3249,107.27846736657499,512.340628878882,246.30000000000598,44.717741382447
14523,-2291.82275311926,0,0,-3252,-20.1697107150519,591.6,348.320800412481,40.4261571833123
14524,-2225.8931962647002,0,0,-3255,54.0840276043072,512.3406288788901,426.604113904208,36.078033347895
14525,-2487.56686939867,0,0,-3258,-32.861382549229496,295.80000000001803,475.815062029993,31.6794511205485
14526,-2748.3945160296203,0,0,-3261,-7.23107834587965,1.1011683527019501e-11,492.6,27.2365623162533
14527,-3119.97647047399,0,0,-3264,-58.7471132207236,-295.799999999999,475.815062029995,22.7555807167408
14528,-3185.5545061111798,0,0,-3267,148.93923548351998,-512.340628878879,426.604113904213,18.2427733799634
14529,-3454.45065085902,0,0,-3270,45.12409685344439,-591.6,348.32080041248804,13.704451875044999
14530,-3555.9074985538,0,0,-3273,-26.0138331299019,-512.340628878893,246.300000000014,9.14696345497888
14531,-3456.27108185417,0,0,-3276,-16.542025651082998,-295.800000000024,127.494261617513,4.57668217942241
14532,-3342.35573654918,0,0,-3279,-63.35573654917211,-1.7389489868792198e-11,7.239741978842999e-12,-2.3998635560485394e-13
14533,-3050.78961357949,0,0,-3282,67.48133021743921,295.799999999994,-127.494261617499,-4.576682179422019
14534,-2953.1910776877803,0,0,-3285,74.9152568883185,512.340628878875,-246.30000000000098,-9.14696345497763
14535,-2983.3598603211,0,0,-3288,75.0653919664248,591.6,-348.320800412477,-13.7044518750446
14536,-3234.13958489142,0,0,-3291,-10.633326486102,512.340628878862,-426.604113904219,-18.2427733799638
14537,-3467.90688372319,0,0,-3294,28.8637590235136,295.800000000029,-475.815062029991,-22.755580716740397
14538,-3864.68137081739,0,0,-3297,-47.8448085011617,2.3767296210564898e-11,-492.6,-27.2365623162529
14539,-4126.42649618455,0,0,-3300,-23.1319830340164,-295.79999999998796,-475.815062029997,-31.679451120548897
14540,-4256.67935798298,0,0,-3303,21.343418147997397,-512.3406288788719,-426.604113904215,-36.0780333478946
14541,-4325.1989222396505,0,0,-3306,-38.851964643851,-591.6,-348.320800412491,-40.426157183312
14542,-4145.75017104445,0,0,-3309,-33.3918007830871,-512.340628878899,-246.300000000018,-44.717741382446604
14543,-3695.2129136853205,0,0,-3312,89.0281317088862,-295.799999999977,-127.49426161749099,-48.946783776736495
14544,-3467.66833196805,0,0,-3315,-99.56096230001741,-3.01451025523376e-11,-1.2550268354700402e-11,-53.1073696679889
14545,-2901.49884431354,0,0,-3318,50.4005741696025,295.79999999998296,127.49426161749399,-57.1936801006222
14546,-2570.2813287619197,0,0,-3321,53.2780423592179,512.340628878869,246.299999999996,-61.1999999999998
14547,-2462.76422354271,0,0,-3324,-13.564297789727002,591.6,348.320800412493,-65.1207261654773
14548,-2478.61956469508,0,0,-3327,-21.613932371181196,512.340628878869,426.604113904217,-68.95037510698711
14549,-2677.12260441682,0,0,-3330,-46.054075732649096,295.80000000004,475.81506202999003,-72.6835907141966
14550,-2905.8923651306395,0,0,-3333,10.822786616895401,-3.07342243019978e-11,492.6,-76.3151517475093
14551,-3119.2257951156103,0,0,-3336,116.599121994808,-295.799999999977,475.815062029998,-79.839979140442
14552,-3556.8551988716295,0,0,-3339,-48.865540793825204,-512.3406288788659,426.60411390421797,-83.2531431031602
14553,-3613.21326558766,0,0,-3342,58.6158040170821,-591.6,348.320800412495,-86.54987001723329
14554,-3648.7666850208398,0,0,-3345,51.9994929699996,-512.3406288788719,246.29999999999902,-89.7255491119709
14555,-3589.7931163951002,0,0,-3348,19.2883609003953,-295.79999999998796,127.494261617496,-92.7757389130033
14556,-3470.18077720623,0,0,-3351,-23.4846037521164,-4.2900715235883e-11,1.78607947305578e-11,-95.6961734540864
14557,-3376.5887701940997,0,0,-3354,-92.41174033314691,295.799999999972,-127.49426161748899,-98.48276824344009
14558,-3144.78690951803,0,0,-3357,47.30408757938089,512.340628878863,-246.299999999992,-101.131625976278
14559,-3206.5020571762702,0,0,-3360,13.8577852217627,591.6,-348.32080041249003,-103.639041985542
14560,-3428.6758257196398,0,0,-3363,-45.4108312710885,512.340628878875,-426.60411390421405,-106.00150942321501
14561,-3748.90257744363,0,0,-3366,-94.6717912486648,295.79999999999296,-475.81506202999606,-108.215724164964
14562,-3960.03154747813,0,0,-3369,11.847041953146201,-1.79786116184524e-11,-492.6,-110.27858943125601
14563,-4183.02156108439,0,0,-3372,72.7807210640636,-295.799999999966,-475.815062029999,-112.18722011848499
14564,-4455.5442637448705,0,0,-3375,-27.6605741277353,-512.340628878859,-426.60411390422007,-113.938946834051
14565,-4359.3620741504,0,0,-3378,74.09004589184,-591.6,-348.320800412499,-115.53131962974399
14566,-4194.19630879832,0,0,-3381,62.406431508782994,-512.340628878878,-246.30000000000302,-116.96211142822399
14567,-3889.68476736192,0,0,-3384,35.8388153933628,-295.799999999999,-127.494261617501,-118.22932113778201
14568,-3480.55258101971,0,0,-3387,25.7785954314258,-5.5656327919428296e-11,-2.31713211064151e-11,-119.33117645105499
14569,-3121.63620927719,0,0,-3390,-34.664334570967,295.800000000019,127.49426161751002,-120.26613632375499
14570,-2743.0400460024102,0,0,-3393,12.352218248706901,512.340628878856,246.299999999987,-121.032893129956
14571,-2601.63844955995,0,0,-3396,-23.928875481503702,591.6,348.32080041248594,-121.630374490933
14572,-2687.04300517209,0,0,-3399,-104.93000318020799,512.340628878881,426.604113904211,-122.057744774976
14573,-2799.7062124517997,0,0,-3402,-47.0068682157008,295.800000000004,475.81506202999395,-122.31440626610001
14574,-3040.0326686168396,0,0,-3405,-5.23266861683349,-5.22299893490704e-12,492.6,-122.4
14575,-3364.27229167609,0,0,-3408,-13.972947440037698,-295.799999999955,475.815062030001,-122.31440626610001
14576,-3617.44216873511,0,0,-3411,1.35209101454814,-512.3406288788871,426.604113904209,-122.057744774976
14577,-3667.5997633494203,0,0,-3414,111.309810729006,-591.6,348.320800412503,-121.630374490933
14578,-3720.1224109821705,0,0,-3417,83.9511110266619,-512.340628878885,246.300000000008,-121.032893129956
14579,-3704.03332743719,0,0,-3420,4.53854726906332,-295.80000000001,127.49426161750601,-120.26613632375499
14580,-3638.2110889917208,0,0,-3423,-95.8799125406638,-1.1548074068656499e-12,4.80779351438488e-13,-119.33117645105499
14581,-3295.47773644019,0,0,-3426,80.4458463150946,295.800000000008,-127.494261617505,-118.22932113778201
14582,-3341.96647000128,0,0,-3429,-62.0449874519228,512.34062887885,-246.299999999983,-116.96211142822399
14583,-3319.79108382916,0,0,-3432,-15.5389637869128,591.6,-348.32080041250197,-115.53131962974399
14584,-3480.1906306038104,0,0,-3435,-16.9881987444354,512.340628878888,-426.604113904209,-113.938946834051
14585,-3857.97753686115,0,0,-3438,-127.77525471269101,295.800000000015,-475.815062029993,-112.18722011848499
14586,-3962.83718224241,0,0,-3441,81.0414071888382,7.53261374863834e-12,-492.6,-110.27858943125601
14587,-4418.495873433189,0,0,-3444,-94.6650872382262,-295.800000000002,-475.815062029995,-108.215724164964
14588,-4465.82088827272,0,0,-3447,26.125363933586303,-512.34062887888,-426.60411390421206,-106.00150942321501
14589,-4458.03961819371,0,0,-3450,35.5202242043353,-591.6,-348.320800412506,-103.639041985542
14590,-4230.12434724841,0,0,-3453,82.64790760676841,-512.340628878891,-246.300000000012,-101.131625976278
14591,-4064.6330631278,0,0,-3456,-86.8560332668284,-295.80000000002104,-127.494261617511,-98.48276824343999
14592,-3604.8908707926003,0,0,-3459,-50.194697338497896,-1.3910420090411001e-11,-5.79130572729587e-12,-95.696173454087
14593,-3109.6332755077,0,0,-3462,21.8482017878097,295.799999999997,127.4942616175,-92.7757389130039
14594,-2761.27621503133,0,0,-3465,34.8087052017644,512.340628878877,246.30000000000197,-89.7255491119709
14595,-2581.15997090058,0,0,-3468,33.4690987041528,591.6,348.320800412498,-86.54987001723329
14596,-2679.4192636238,0,0,-3471,-64.1108633037359,512.340628878894,426.60411390420603,-83.2531431031608
14597,-2853.4335440907103,0,0,-3474,-71.2086269802835,295.800000000026,475.81506202999196,-79.8399791404426
14598,-3122.65636886428,0,0,-3477,-61.94121711679271,2.02882264321837e-11,492.6,-76.3151517475086
14599,-3330.4900402185604,0,0,-3480,42.1784884656319,-295.799999999991,475.81506202999606,-72.6835907141966
14600,-3636.88755638269,0,0,-3483,0.7993336989547171,-512.340628878874,426.60411390421405,-68.9503751069877
14601,-3819.73273257286,0,0,-3486,-25.332806819892696,-591.6,348.32080041251,-65.1207261654773
14602,-3822.3235494984706,0,0,-3489,-6.0829206196006,-512.340628878864,246.299999999993,-61.199999999999704
14603,-3837.6008470021,0,0,-3492,-120.101428518958,-295.800000000032,127.494261617517,-57.1936801006229
14604,-3538.85953543539,0,0,-3495,9.24783423261241,-2.66660327739564e-11,1.1101832103153198e-11,-53.1073696679897
14605,-3427.785793473,0,0,-3498,-49.144748078749295,295.799999999986,-127.494261617495,-48.946783776736495
14606,-3263.75486413541,0,0,-3501,15.9222483681609,512.340628878871,-246.29999999999802,-44.717741382446604
14607,-3328.4156794659198,0,0,-3504,-27.2687218701088,591.6,-348.32080041249395,-40.426157183312704
14608,-3312.23362558997,0,0,-3507,145.107892783229,512.3406288789009,-426.604113904203,-36.0780333478954
14609,-3682.4311397242295,0,0,-3510,39.263373426339,295.799999999979,-475.815062029998,-31.679451120548897
14610,-3997.9528066146004,0,0,-3513,34.8837557016201,3.3043839115729104e-11,-492.6,-27.2365623162529
14611,-4353.63201804564,0,0,-3516,-43.2613752989215,-295.79999999997995,-475.815062029997,-22.7555807167412
14612,-4497.03855727459,0,0,-3519,-20.851041111539,-512.3406288788681,-426.604113904217,-18.2427733799647
14613,-4521.033635843321,0,0,-3522,-45.4083835557784,-591.6,-348.32080041249395,-13.704451875044501
14614,-4233.91178530657,0,0,-3525,58.8758070272766,-512.34062887887,-246.299999999997,-9.14696345497847
14615,-3895.44663671406,0,0,-3528,60.424307082927506,-295.800000000043,-127.49426161752199,-4.5766821794228605
14616,-3398.55727033592,0,0,-3531,132.44272966404301,2.78354877386063e-11,1.15887096518234e-11,-2.0985547550189003e-13
14617,-3034.83497220504,0,0,-3534,71.2940839980715,295.799999999975,127.49426161748998,4.57668217942244
14618,-2746.41827094273,0,0,-3537,22.794136723435102,512.340628878864,246.299999999993,9.146963454978051
14619,-2653.61267923663,0,0,-3540,-67.23793152416471,591.6,348.320800412491,13.7044518750441
14620,-2613.5898052890802,0,0,-3543,-27.777321452133897,512.340628878873,426.604113904215,18.2427733799634
14621,-2754.8197925350105,0,0,-3546,-3.1904352817388397,295.79999999999,475.81506202999606,22.7555807167408
14622,-2945.4668609831,0,0,-3549,83.69657670060701,4.57994517992745e-11,492.6,27.2365623162525
14623,-3399.3016650050604,0,0,-3552,-58.9961781556365,-295.799999999969,475.815062029999,31.6794511205477
14624,-3521.77338689173,0,0,-3555,82.88509473502009,-512.340628878861,426.60411390422007,36.078033347895
14625,-3762.0962358952397,0,0,-3558,-1.24319349104892,-591.6,348.320800412498,40.4261571833123
14626,-3768.3649671320204,0,0,-3561,13.957920364404302,-512.340628878876,246.30000000000197,44.717741382446206
14627,-3694.16188543988,0,0,-3564,-10.8029308341211,-295.799999999996,127.4942616175,48.9467837767361
14628,-3544.65536027355,0,0,-3567,-30.7627299415461,1.50798750550609e-11,-6.27818327596602e-12,53.10736966798929
14629,-3270.98722465148,0,0,-3570,73.51335686542191,295.799999999964,-127.49426161748501,57.19368010062261
14630,-3267.21913449865,0,0,-3573,-21.459763377517298,512.3406288788581,-246.299999999989,61.1999999999994
14631,-3330.0908559257105,0,0,-3576,-62.49078167870271,591.6,-348.320800412487,65.1207261654769
14632,-3432.37318711061,0,0,-3579,-8.060077192261549,512.34062887888,-426.60411390421206,68.9503751069874
14633,-3660.3379924764795,0,0,-3582,28.993478839313898,295.800000000001,-475.815062029995,72.6835907141963
14634,-4059.4010994984797,0,0,-3585,-58.1162512460499,5.85550644828198e-11,-492.6,76.3151517475083
14635,-4141.0599160714,0,0,-3588,138.715166818171,-295.800000000016,-475.815062029993,79.8399791404417
14636,-4458.52859069963,0,0,-3591,-11.8369910197103,-512.340628878855,-426.604113904222,83.2531431031605
14637,-4491.79947088682,0,0,-3594,-44.4285404915533,-591.6,-348.32080041250197,86.549870017233
14638,-4328.00959346904,0,0,-3597,-62.0945137021195,-512.340628878883,-246.30000000000598,89.7255491119706
14639,-3886.5445285001,0,0,-3600,43.97399420440479,-295.800000000007,-127.494261617505,92.7757389130036
14640,-3511.4460999501002,0,0,-3603,-4.142273404191,2.32426237151553e-12,9.676569001086452e-13,95.6961734540867
14641,-3089.9377846319103,0,0,-3606,-5.7148144927773705,295.799999999953,127.49426161748,98.48276824343979
14642,-2722.04458388567,0,0,-3609,27.1831612591628,512.340628878885,246.300000000008,101.131625976278
14643,-2596.7560871516603,0,0,-3612,-28.315929549683197,591.6,348.320800412483,103.639041985542
14644,-2619.3903004296803,0,0,-3615,-49.336552635994394,512.340628878886,426.604113904209,106.00150942321501
14645,-2734.26986473346,0,0,-3618,3.89934907156946,295.800000000012,475.815062029993,108.215724164964
14646,-3090.32620686984,0,0,-3621,-72.20479630109921,4.05354397025716e-12,492.6,110.27858943125601
14647,-3393.27139775855,0,0,-3624,-61.473679907024604,-295.800000000005,475.81506202999395,112.18722011848499
14648,-3504.82106102773,0,0,-3627,93.9765071128471,-512.3406288788481,426.604113904225,113.93894683405
14649,-3839.7944691406,0,0,-3630,-82.0465891828277,-591.6,348.32080041248497,115.53131962974399
14650,-3733.8732577523206,0,0,-3633,48.2052596983323,-512.340628878889,246.30000000001098,116.96211142822399
14651,-3690.5706744930603,0,0,-3636,-4.49425724833313,-295.80000000001803,127.49426161751002,118.22932113778201
14652,-4742.28169380453,1,0,-3639,74.57235425347629,-1.04313503120298e-11,4.3428694757487295e-12,119.33117645105499
14653,-3291.28862984356,0,0,-3642,62.1394954501925,295.8,-127.494261617502,120.26613632375401
14654,-3358.00357745721,0,0,-3645,-100.077099466044,512.340628878879,-246.30000000000402,121.032893129956
14655,-3259.5820877629803,0,0,-3648,23.5083381585697,591.6,-348.320800412479,121.630374490933
14656,-3521.31274230692,0,0,-3651,-78.1070020565852,512.340628878893,-426.604113904207,122.057744774976
14657,-3727.48697012008,0,0,-3654,-15.786314356212802,295.800000000023,-475.81506202999196,122.31440626610001
14658,-3937.9968239339,0,0,-3657,89.20317606608151,1.68091566538025e-11,-492.6,122.4
14659,-4222.12456229106,0,0,-3660,87.17609347282949,-295.799999999994,-475.81506202999606,122.31440626610001
14660,-4542.0350760478395,0,0,-3663,-62.1480780397324,-512.340628878876,-426.60411390421405,122.057744774976
14661,-4410.91664969429,0,0,-3666,73.3737762272683,-591.6,-348.320800412489,121.630374490933
14662,-4299.07911141144,0,0,-3669,7.5286243375121,-512.340628878896,-246.30000000001598,121.032893129956
14663,-4061.7004056482,0,0,-3672,-86.67228035441441,-295.800000000029,-127.494261617515,120.26613632375499
14664,-3592.0516281651294,0,0,-3675,-36.382804616154,-2.31869629955752e-11,-9.65339585160611e-12,119.33117645105499
14665,-3116.6763320143104,0,0,-3678,19.8000852304195,295.79999999998904,127.494261617496,118.22932113778201
14666,-2729.46585701728,0,0,-3681,75.9314026756248,512.3406288788719,246.29999999999902,116.96211142822399
14667,-2635.60018506205,0,0,-3684,-7.05230510428816,591.6,348.320800412495,115.53131962974399
14668,-2672.0969720456897,0,0,-3687,-37.9806616628261,512.340628878865,426.60411390421797,113.938946834051
14669,-2697.72320833918,0,0,-3690,108.474509512307,295.800000000034,475.815062029991,112.18722011848499
14670,-3043.2567096019297,0,0,-3693,46.8647009667816,2.95647693373479e-11,492.6,110.27858943125601
14671,-3343.61380333008,0,0,-3696,64.155410474938,-295.79999999998296,475.815062029997,108.215724164964
14672,-3658.7676549599105,0,0,-3699,19.967350591524198,-512.340628878869,426.604113904216,106.001509423216
14673,-3862.9080769378206,0,0,-3702,-21.2679193358503,-591.6,348.320800412493,103.639041985542
14674,-3852.49215181195,0,0,-3705,17.4168510906516,-512.340628878902,246.30000000002002,101.131625976278
14675,-3813.37447056816,0,0,-3708,-35.551500429111705,-295.799999999982,127.494261617493,98.4827682434403
14676,-3681.2104501438203,0,0,-3711,-65.90662359788321,-3.59425756791206e-11,1.49639222274635e-11,95.6961734540867
14677,-3348.20047207579,0,0,-3714,104.71805062872,295.799999999978,-127.49426161749099,92.7757389130036
14678,-3425.22162999286,0,0,-3717,-63.987807983703696,512.3406288788659,-246.29999999999401,89.7255491119706
14679,-3430.94438976295,0,0,-3720,-40.773459367688496,591.6,-348.32080041249196,86.5498700172336
14680,-3577.1770604904204,0,0,-3723,-23.1667185682373,512.3406288788719,-426.604113904215,83.2531431031605
14681,-3882.6817329467603,0,0,-3726,-56.5066500572633,295.80000000004503,-475.815062029989,79.8399791404423
14682,-4056.0901285985206,0,0,-3729,89.1947196540009,-2.49367511752148e-11,-492.6,76.315151747509
14683,-4365.01509522681,0,0,-3732,65.9163760889625,-295.799999999972,-475.815062029998,72.683590714197
14684,-4501.04656610815,0,0,-3735,103.94780156794,-512.340628878863,-426.604113904219,68.9503751069874
14685,-4632.115370935449,0,0,-3738,-19.3152966884352,-591.6,-348.320800412497,65.1207261654776
14686,-4292.23767639135,0,0,-3741,146.202952487526,-512.340628878875,-246.30000000000098,61.2000000000001
14687,-4035.62855113336,0,0,-3744,74.47203038350929,-295.79999999999296,-127.494261617498,57.19368010062329
14688,-3676.82048247774,0,0,-3747,17.0721478543403,-4.8698188362665996e-11,-2.0274448603320898e-11,53.10736966798929
14689,-3246.2287620303005,0,0,-3750,31.530192575422898,295.80000000002497,127.494261617513,48.9467837767361
14690,-2953.41339241406,0,0,-3753,-3.77176267535877,512.3406288788599,246.29999999999,44.717741382447
14691,-2647.17411541495,0,0,-3756,128.478926989251,591.6,348.32080041248804,40.4261571833123
14692,-2753.07317372965,0,0,-3759,30.904050139367104,512.340628878878,426.604113904213,36.078033347895
14693,-2859.57857070331,0,0,-3762,99.12691614615031,295.799999999998,475.815062029995,31.6794511205485
14694,-3290.3384995632696,0,0,-3765,-45.1750618795082,-1.2181138491669401e-11,492.6,27.2365623162533
14695,-3629.4187533615996,0,0,-3768,-64.189396108376,-295.799999999961,475.81506203,22.7555807167408
14696,-3857.33650016757,0,0,-3771,-18.8427585729027,-512.3406288788569,426.604113904222,18.2427733799643
14697,-4041.4966399526,0,0,-3774,-37.9218922401459,-591.6,348.320800412501,13.704451875044999
14698,-3994.71094132007,0,0,-3777,39.1827241038252,-512.340628878881,246.30000000000499,9.146963454978911
14699,-3820.28574402734,0,0,-3780,123.443312175742,-295.800000000004,127.494261617503,4.57668217942244
14700,-3747.9662908773903,0,0,-3783,35.0337091226082,5.8033321498967096e-12,-2.4160931516557796e-12,-2.1000700196172697e-13
14701,-3580.3639753711104,0,0,-3786,41.9069684258086,295.800000000014,-127.49426161750799,-4.57668217942199
14702,-3571.1875784754707,0,0,-3789,-39.08124389936071,512.340628878853,-246.299999999985,-9.14696345497847
14703,-3646.8220278788103,0,0,-3792,-84.3967755912785,591.6,-348.320800412484,-13.704451875044501
14704,-3736.06584641855,0,0,-3795,-8.55958801326063,512.340628878884,-426.60411390420995,-18.2427733799638
14705,-4090.40575997299,0,0,-3798,-89.6351172262639,295.800000000009,-475.81506202999395,-22.755580716740305
14706,-4271.24805108056,0,0,-3801,49.588511235694895,5.7447419187598e-13,-492.6,-27.2365623162529
14707,-4560.8495215302,0,0,-3804,46.4449916203015,-295.79999999995,-475.815062030001,-31.6794511205481
14708,-4841.74625102827,0,0,-3807,-59.7234748972836,-512.340628878884,-426.60411390420995,-36.0780333478946
14709,-4694.21903733104,0,0,-3810,96.12792026477742,-591.6,-348.32080041250396,-40.426157183311894
14710,-4647.67649580104,0,0,-3813,-31.318125539700304,-512.340628878888,-246.30000000001,-44.717741382446604
14711,-4182.09454240632,0,0,-3816,106.14650298794399,-295.800000000015,-127.494261617509,-48.946783776736495
14712,-3822.8286762999896,0,0,-3819,49.278693368004,-6.952280533648669e-12,-2.8944332242016e-12,-53.1073696679889
14713,-3424.7249576047902,0,0,-3822,31.174460878327302,295.800000000003,127.494261617503,-57.1936801006222
14714,-3158.97436448318,0,0,-3825,-31.414993362005,512.3406288788469,246.299999999981,-61.199999999999704
14715,-2887.9105759233503,0,0,-3828,65.2893498296293,591.6,348.3208004125,-65.1207261654773
14716,-2974.5902204899703,0,0,-3831,-13.584588166080302,512.340628878891,426.604113904207,-68.950375106987
14717,-3223.4011933101197,0,0,-3834,-88.33266462593929,295.80000000002,475.81506202999196,-72.6835907141966
14718,-3464.38993476965,0,0,-3837,-43.674783022152994,1.33300868754214e-11,492.6,-76.3151517475086
14719,-3799.7211871034,0,0,-3840,-59.896269992956,-295.799999999997,475.815062029995,-79.839979140442
14720,-3946.67422647508,0,0,-3843,65.315431602747,-512.340628878877,426.604113904213,-83.2531431031601
14721,-4169.7863566823,0,0,-3846,6.042712922422121,-591.6,348.320800412508,-86.54987001723329
14722,-4269.957573029021,0,0,-3849,-65.1913950381827,-512.3406288788599,246.29999999999,-89.7255491119709
14723,-4015.44766854064,0,0,-3852,97.6338087548728,-295.800000000026,127.494261617514,-92.7757389130033
14724,-3970.2070628514502,0,0,-3855,-19.5108893973531,-1.9707893217194e-11,8.20495960005898e-12,-95.6961734540864
14725,-3842.77385666495,0,0,-3858,-54.5968268039999,295.799999999992,-127.494261617498,-98.48276824343999
14726,-3693.6574348106606,0,0,-3861,2.43356228674667,512.340628878874,-246.3,-101.131625976278
14727,-3714.75913657711,0,0,-3864,9.60070582093207,591.6,-348.32080041249606,-103.639041985542
14728,-3910.8019198443603,0,0,-3867,-23.5369253958415,512.3406288788971,-426.604113904205,-106.00150942321501
14729,-4134.685497738,0,0,-3870,23.5452884569255,295.800000000031,-475.815062029991,-108.215724164964
14730,-4508.41380449452,0,0,-3873,-32.535215063288305,2.60856995589667e-11,-492.6,-110.27858943125601
14731,-4738.438270042229,0,0,-3876,21.3640121062345,-295.799999999986,-475.815062029997,-112.18722011848499
14732,-5002.59893808562,0,0,-3879,-70.71524846847909,-512.340628878871,-426.604113904216,-113.938946834051
14733,-4870.5761799546,0,0,-3882,66.87594008763601,-591.6,-348.32080041249196,-115.53131962974399
14734,-4721.923245323011,0,0,-3885,38.679494984074104,-512.340628878867,-246.299999999995,-116.96211142822399
14735,-4385.72014437122,0,0,-3888,43.8034383841218,-295.800000000037,-127.494261617519,-118.22932113778201
14736,-3930.23428222976,0,0,-3891,80.0968942213453,-3.2463505900739404e-11,-1.3515485975916401e-11,-119.33117645105499
14737,-3625.6984644673403,0,0,-3894,-34.7265897610612,295.799999999981,127.494261617493,-120.26613632375499
14738,-3309.13116490128,0,0,-3897,-49.738900650191795,512.3406288788681,246.299999999996,-121.032893129956
14739,-3029.1746026056,0,0,-3900,52.5349714728367,591.6,348.320800412493,-121.630374490933
14740,-3099.01606616382,0,0,-3903,-12.903064171951598,512.340628878904,426.60411390420194,-122.057744774976
14741,-3269.3284020643605,0,0,-3906,-12.6290578282393,295.79999999998404,475.815062029997,-122.31440626610001
14742,-3410.34797050601,0,0,-3909,128.452029493948,3.88413122425121e-11,492.6,-122.4
14743,-3864.79782879795,0,0,-3912,-10.4984845618766,-295.799999999975,475.815062029998,-122.31440626610001
14744,-4201.49049255507,0,0,-3915,-78.69623280544751,-512.340628878865,426.60411390421797,-122.057744774976
14745,-4329.14664038636,0,0,-3918,-46.237066307926,-591.6,348.32080041249606,-121.630374490933
14746,-4245.93981436554,0,0,-3921,62.1337076432883,-512.340628878873,246.29999999999902,-121.032893129956
14747,-4209.28476476432,0,0,-3924,3.28710994195484,-295.800000000048,127.49426161752399,-120.26613632375499
14748,-4096.36935341752,0,0,-3927,-50.0381769664775,2.20380146118233e-11,-9.17505577906029e-12,-119.33117645105499
14749,-3877.52833299295,0,0,-3930,2.39524976234857,295.79999999997,-127.49426161748801,-118.22932113778201
14750,-3691.5159497044397,0,0,-3933,92.4055328449123,512.340628878861,-246.299999999991,-116.96211142822399
14751,-3809.8296381503496,0,0,-3936,-1.57751810811832,591.6,-348.320800412489,-115.53131962974399
14752,-3982.0840094322903,0,0,-3939,-14.8815775729503,512.34062887891,-426.604113904199,-113.938946834051
14753,-4234.1776943182895,0,0,-3942,0.0245878301925741,295.799999999995,-475.81506202999606,-112.18722011848499
14754,-4638.9272157563,0,0,-3945,-91.04862632502571,-1.56602082700506e-11,-492.6,-110.27858943125601
14755,-4804.11601338966,0,0,-3948,23.7147728052727,-295.799999999964,-475.815062029999,-108.215724164964
14756,-4938.1421660329,0,0,-3951,57.8040861733946,-512.3406288788581,-426.604113904221,-106.00150942321501
14757,-5039.88825250349,0,0,-3954,-42.3284101054655,-591.6,-348.32080041248,-103.639041985542
14758,-4859.841402244861,0,0,-3957,-43.0691473897,-512.340628878879,-246.30000000000402,-101.131625976278
14759,-4509.51264988802,0,0,-3960,-27.735620027077196,-295.800000000001,-127.494261617502,-98.48276824344009
14760,-4108.80584435161,0,0,-3963,-50.109670897436295,-5.7974731267830205e-11,-2.41365387276311e-11,-95.6961734540875
14761,-3722.75066645552,0,0,-3966,-87.26918915996019,295.79999999995897,127.494261617482,-92.7757389130039
14762,-3242.3226494065,0,0,-3969,57.7622708265745,512.340628878889,246.30000000001098,-89.7255491119709
14763,-3074.8773835984002,0,0,-3972,43.7516860063523,591.6,348.32080041248497,-86.549870017234
14764,-3091.6212568384303,0,0,-3975,27.687143481636,512.340628878883,426.604113904211,-83.2531431031608
14765,-3288.84597724302,0,0,-3978,-2.6210601325817797,295.800000000006,475.81506202999395,-79.839979140442
14766,-3588.6063745778,0,0,-3981,-23.891222830355503,6.435253760960289e-11,492.6,-76.3151517475093
14767,-3990.6560186394204,0,0,-3984,-113.98748995520901,-295.800000000011,475.81506202999395,-72.6835907141966
14768,-4106.104972282829,0,0,-3987,35.5819177988297,-512.340628878885,426.60411390420995,-68.95037510698711
14769,-4173.1625971657,0,0,-3990,125.23732858727502,-591.6,348.320800412503,-65.1207261654773
14770,-4444.4692010491,0,0,-3993,-124.228572170224,-512.340628878886,246.300000000009,-61.1999999999998
14771,-4328.10549267876,0,0,-3996,-106.60607419559601,-295.80000000007004,127.49426161753401,-57.1936801006237
14772,-4047.4792512650397,0,0,-3999,4.6281184029519,-3.4732107552674905e-12,1.44599697265447e-12,-53.1073696679897
14773,-3844.5297898988397,0,0,-4002,38.1112554953969,295.800000000006,-127.49426161750401,-48.946783776736495
14774,-5099.81553668467,1,0,-4005,-18.953199672041197,512.340628878849,-246.299999999982,-44.71774138244739
14775,-3898.79518235159,0,0,-4008,-93.6482247558005,591.6,-348.320800412481,-40.426157183312796
14776,-3896.51759369261,0,0,-4011,64.8239246806537,512.340628878855,-426.604113904222,-36.0780333478946
14777,-4221.04736272922,0,0,-4014,4.64715042130463,295.800000000017,-475.815062029993,-31.679451120548897
14778,-4619.6867656339,0,0,-4017,-82.8502033176598,9.85101709704017e-12,-492.6,-27.2365623162529
14779,-4798.16734455041,0,0,-4020,16.2032981963307,-295.8,-475.815062029995,-22.755580716740397
14780,-4978.87585626681,0,0,-4023,1.3116598962286399,-512.340628878846,-426.604113904226,-18.2427733799638
14781,-5065.4742644242,0,0,-4026,-85.8490121366699,-591.6,-348.320800412487,-13.7044518750446
14782,-4780.44422037415,0,0,-4029,16.3433719597325,-512.340628878892,-246.300000000013,-9.146963454979359
14783,-4425.40372307413,0,0,-4032,34.4672207228299,-295.800000000023,-127.494261617512,-4.57668217942289
14784,-4131.87175395193,0,0,-4035,-96.8717539519104,-1.62288234388129e-11,-6.75652334851184e-12,-2.39834829145018e-13
14785,-3661.3761400051203,0,0,-4038,-51.2470838019509,295.799999999937,127.494261617472,4.57668217942155
14786,-3238.32245828245,0,0,-4041,34.889949383694,512.340628878876,246.30000000000098,9.14696345497802
14787,-3094.6274410593605,0,0,-4044,-4.25269334690147,591.6,348.320800412497,13.704451875044999
14788,-3105.4738933747303,0,0,-4047,-15.6614095377942,512.340628878895,426.60411390420603,18.2427733799634
14789,-3235.8711952471003,0,0,-4050,19.7581620061357,295.800000000028,475.815062029991,22.7555807167408
14790,-2320.18178603773,1,0,-4053,-84.2035728629873,-4.46505034155225e-11,492.6,27.2365623162533
14791,-3837.39537951301,0,0,-4056,6.91010733643906,-295.79999999998904,475.81506202999606,31.6794511205476
14792,-4124.39286020656,0,0,-4059,-15.734378579794098,-512.340628878873,426.604113904215,36.078033347895
14793,-4206.9552695536495,0,0,-4062,57.89777285053061,-591.6,348.320800412511,40.4261571833115
14794,-4243.695740241,0,0,-4065,42.6271472554391,-512.340628878899,246.300000000018,44.717741382446206
14795,-4255.80898481317,0,0,-4068,-68.4500302074233,-295.799999999976,127.49426161748998,48.9467837767361
14796,-3989.36105099157,0,0,-4071,28.531579340460603,-2.89844361223582e-11,1.20670497243692e-11,53.1073696679885
14797,-3911.93406033036,0,0,-4074,-63.4334788134753,295.79999999998404,-127.49426161749399,57.1936801006225
14798,-3669.2720440560706,0,0,-4077,80.4873270650524,512.34062887887,-246.299999999997,61.2000000000001
14799,-3757.3556225282896,0,0,-4080,14.2444517187099,591.6,-348.320800412474,65.1207261654769
14800,-3972.9515216002,0,0,-4083,-44.6384116818341,512.3406288788681,-426.604113904217,68.9503751069874
14801,-4205.7518617531605,0,0,-4086,-12.4203904373411,295.799999999981,-475.815062029997,72.683590714197
14802,-4541.244753661379,0,0,-4089,-35.95990540892289,3.5362242464130896e-11,-492.6,76.3151517475083
14803,-4748.72831701171,0,0,-4092,35.0467658778197,-295.799999999978,-475.815062029998,79.8399791404423
14804,-5032.02652452457,0,0,-4095,-81.3349248446612,-512.3406288788331,-426.604113904232,83.2531431031598
14805,-4988.76006259043,0,0,-4098,-37.3891321951688,-591.6,-348.320800412495,86.549870017233
14806,-4752.22955620437,0,0,-4101,17.6855235625295,-512.340628878871,-246.29999999999802,89.7255491119706
14807,-4546.41535104358,0,0,-4104,-111.896828339016,-295.80000000004503,-127.49426161752301,92.77573891300301
14808,-4083.49612789378,0,0,-4107,-72.1923013478056,-4.17400488059036e-11,-1.7377576100226598e-11,95.6961734540867
14809,-3626.82622628938,0,0,-4110,-38.603256150369,295.800000000031,127.494261617516,98.4827682434403
14810,-3253.76830635402,0,0,-4113,-0.540561209149599,512.340628878863,246.299999999992,101.131625976278
14811,-3105.65883336473,0,0,-4116,-33.2186757627574,591.6,348.32080041249003,103.639041985542
14812,-3059.87329171971,0,0,-4119,14.1804560739882,512.340628878874,426.60411390421405,106.001509423216
14813,-3175.4449948794204,0,0,-4122,66.724218925575,295.800000000051,475.815062029989,108.215724164964
14814,-3524.34324871775,0,0,-4125,-2.22183814898836,-1.91392780484318e-11,492.6,110.27858943125601
14815,-3881.72869529689,0,0,-4128,-45.9309774454107,-295.799999999967,475.815062029999,112.18722011848499
14816,-4005.0227501117297,0,0,-4131,97.77481802885642,-512.3406288788599,426.60411390422007,113.93894683405
14817,-4216.84960997736,0,0,-4134,44.8982699803965,-591.6,348.320800412498,115.53131962974399
14818,-4173.46485626836,0,0,-4137,112.61366118229999,-512.3406288789109,246.300000000027,116.962111428223
14819,-4240.86181537116,0,0,-4140,-50.7853981264408,-295.799999999998,127.494261617501,118.22932113778201
14820,-4039.70775017335,0,0,-4143,-16.0389266244078,1.2761471706659099e-11,-5.31296565475005e-12,119.33117645105499
14821,-3788.4918039925396,0,0,-4146,68.9363213012316,295.799999999962,-127.494261617484,120.26613632375401
14822,-3871.8758559292796,0,0,-4149,-109.94937793810301,512.3406288788569,-246.299999999988,121.032893129956
14823,-3856.43838500284,0,0,-4152,-69.3479590812713,591.6,-348.320800412506,121.630374490933
14824,-3944.74844556094,0,0,-4155,2.4572946894107597,512.340628878881,-426.60411390421206,122.057744774976
14825,-4288.52388447693,0,0,-4158,-72.8232287130422,295.800000000003,-475.815062029995,122.31440626610001
14826,-4505.73672833671,0,0,-4161,25.463271663232998,6.08734678312217e-11,-492.6,122.4
14827,-4889.41584895221,0,0,-4164,-76.11519318835529,-295.799999999956,-475.81506203,122.31440626610001
14828,-5032.23361985178,0,0,-4167,-48.3466218436567,-512.3406288788871,-426.604113904209,122.057744774976
14829,-5001.07366893378,0,0,-4170,-12.7832430122067,-591.6,-348.32080041250197,121.630374490933
14830,-4803.2319164952505,0,0,-4173,7.375819253688871,-512.340628878884,-246.30000000000703,121.032893129956
14831,-4568.85942714978,0,0,-4176,-89.8313018560162,-295.800000000009,-127.49426161750601,120.26613632375401
14832,-4048.75689619058,0,0,-4179,10.911927358462,-6.725127417299441e-11,-2.7998628851941398e-11,119.33117645105499
14833,-3567.2289135831,0,0,-4182,73.2475036616057,295.800000000009,127.49426161750601,118.22932113778201
14834,-3344.8106719562297,0,0,-4185,-35.4134122633464,512.340628878884,246.30000000000703,116.962111428223
14835,-3189.69213344168,0,0,-4188,-57.144253483905004,591.6,348.320800412482,115.53131962974399
14836,-3166.7784599011497,0,0,-4191,-28.6621495183013,512.3406288788871,426.604113904209,113.938946834051
14837,-3329.66859162861,0,0,-4194,-19.4708737771535,295.800000000073,475.81506202998594,112.18722011848499
14838,-3479.54418042539,0,0,-4197,114.57723014335,6.371947318659e-12,492.6,110.27858943125601
14839,-3910.84113042575,0,0,-4200,0.928083379297601,-295.800000000003,475.815062029995,108.215724164964
14840,-4205.97230954949,0,0,-4203,-23.237303998080602,-512.3406288788469,426.604113904226,106.001509423216
14841,-4409.73443182549,0,0,-4206,-64.0942742235402,-591.6,348.320800412506,103.639041985542
14842,-4313.65231687927,0,0,-4209,60.25668602332151,-512.3406288788569,246.299999999988,101.131625976278
14843,-4332.90853735761,0,0,-4212,-51.085567218546,-295.80000000002,127.494261617511,98.4827682434408
14844,-4131.21176720336,0,0,-4215,-11.9079406574422,-1.2749753660431699e-11,5.30808709696471e-12,95.6961734540867
14845,-3923.91840809684,0,0,-4218,33.000114607655,295.799999999998,-127.494261617501,92.7757389130031
14846,-3832.2580026938103,0,0,-4221,32.975819315356105,512.340628878844,-246.29999999997798,89.7255491119712
14847,-3959.38019802924,0,0,-4224,-65.209267633974,591.6,-348.320800412498,86.5498700172337
14848,-3992.02331696911,0,0,-4227,65.9870249530371,512.340628878894,-426.60411390420603,83.2531431031611
14849,-4277.84566672373,0,0,-4230,52.3294161657932,295.80000000002497,-475.81506202999196,79.83997914044241
14850,-4745.70529314888,0,0,-4233,-96.42044489641322,1.9127560002204397e-11,-492.6,76.315151747509
14851,-4965.89107260156,0,0,-4236,-30.959601285822803,-295.799999999934,-475.815062030003,72.683590714197
14852,-5099.3969541965,0,0,-4239,9.59741347960061,-512.340628878874,-426.60411390421405,68.9503751069874
14853,-5047.1470755473,0,0,-4242,69.6529986997093,-591.6,-348.32080041249003,65.120726165477
14854,-4930.177047478621,0,0,-4245,12.263581400296301,-512.3406288788971,-246.30000000001598,61.2000000000009
14855,-4610.73442915591,0,0,-4248,3.36615236101605,-295.800000000031,-127.494261617516,57.19368010062261
14856,-4337.4693571857,0,0,-4251,-139.57672685374501,4.1751766852131e-11,1.73824546580119e-11,53.10736966798861
14857,-3730.74992491034,0,0,-4254,51.009029695443104,295.799999999987,127.494261617496,48.946783776737
14858,-3493.64173039743,0,0,-4257,-40.000100658743,512.340628878871,246.29999999999802,44.7177413824471
14859,-3267.10158861698,0,0,-4260,12.5514537872125,591.6,348.320800412495,40.4261571833124
14860,-3256.60071170594,0,0,-4263,31.376512163064298,512.3406288789,426.60411390420404,36.0780333478951
14861,-3476.25292923854,0,0,-4266,-13.547442389063,295.799999999978,475.815062029998,31.6794511205485
14862,-3760.0289892522705,0,0,-4269,-10.865551568559802,3.18831726857497e-11,492.6,27.2365623162533
14863,-4114.27423438174,0,0,-4272,-45.0448771285014,-295.799999999981,475.815062029997,22.7555807167408
14864,-4434.1228860694,0,0,-4275,-91.629144474712,-512.3406288788681,426.604113904217,18.2427733799634
14865,-4502.30588587902,0,0,-4278,5.268861833419809,-591.6,348.320800412514,13.704451875045901
14866,-4534.56722919616,0,0,-4281,3.32643622773646,-512.34062887887,246.299999999997,9.14696345497894
14867,-4444.39371043222,0,0,-4284,3.3353457708507097,-295.79999999998404,127.49426161749399,4.576682179421599
14868,-4214.6767924204605,0,0,-4287,72.3232075795627,-3.8260979027522395e-11,1.59291398486795e-11,6.896766602517629e-13
14869,-4056.10480171301,0,0,-4290,70.1661420839285,295.799999999976,-127.49426161748998,-4.57668217942197
14870,-3945.50211032755,0,0,-4293,90.60422424854721,512.340628878899,-246.300000000018,-9.14696345497843
14871,-4096.7929671811,0,0,-4296,-30.367714893559498,591.6,-348.320800412491,-13.704451875044501
14872,-4224.27079584751,0,0,-4299,7.235462557797719,512.340628878873,-426.604113904215,-18.2427733799638
14873,-4465.13685286459,0,0,-4302,39.6337898820882,295.800000000047,-475.815062029989,-22.755580716740305
14874,-4816.422880636571,0,0,-4305,8.41368167963912,4.4638785369295105e-11,-492.6,-27.236562316252797
14875,-5084.72743137492,0,0,-4308,26.567081775643395,-295.800000000028,-475.815062029991,-31.679451120548897
14876,-5350.33733647365,0,0,-4311,-64.3145603426727,-512.340628878862,-426.60411390422007,-36.07803334789371
14877,-5267.99256647421,0,0,-4314,26.3543911216007,-591.6,-348.320800412497,-40.426157183311894
14878,-5188.68660850562,0,0,-4317,-68.3282382442969,-512.340628878876,-246.30000000000098,-44.71774138244739
14879,-4748.99976327157,0,0,-4320,43.2412821227462,-295.800000000053,-127.49426161752599,-48.94678377673571
14880,-4432.44043383008,0,0,-4323,-56.333064162113,1.62405414850402e-11,6.76140190629718e-12,-53.1073696679889
14881,-3891.02997273331,0,0,-4326,68.8694457497738,295.800000000023,127.494261617512,-57.1936801006229
14882,-3669.3823739942104,0,0,-4329,-37.823002873055394,512.340628878859,246.299999999989,-61.199999999999704
14883,-3484.12769728632,0,0,-4332,-26.927771533333896,591.6,348.320800412487,-65.1207261654773
14884,-3357.63367613253,0,0,-4335,107.37195619134899,512.340628878913,426.604113904198,-68.950375106987
14885,-3594.5793505566,0,0,-4338,44.4891781275968,295.8,475.815062029995,-72.6835907141966
14886,-4011.2185221016603,0,0,-4341,-86.50337035414391,-9.862735143267562e-12,492.6,-76.3151517475093
14887,-4277.65977059526,0,0,-4344,-33.834853484860304,-295.79999999995897,475.81506203,-79.83997914044129
14888,-4469.79851229748,0,0,-4347,46.1911457803121,-512.340628878855,426.604113904222,-83.2531431031601
14889,-4614.37124033869,0,0,-4350,65.45782926605821,-591.6,348.320800412481,-86.54987001723329
14890,-4665.42082682189,0,0,-4353,43.3453511689588,-512.340628878882,246.30000000000598,-89.7255491119703
14891,-4601.345387682921,0,0,-4356,15.736089612583198,-295.800000000006,127.49426161750401,-92.7757389130033
14892,-4574.75945629268,0,0,-4359,-120.06328283859501,3.4849288014948704e-12,-1.4508755304398e-12,-95.69617345408692
14893,-4290.2288361801,0,0,-4362,1.94819368086932,295.79999999995397,-127.49426161748,-98.48276824343999
14894,-4250.64971318614,0,0,-4365,-50.5587160887389,512.340628878886,-246.300000000009,-101.131625976278
14895,-4200.95981108481,0,0,-4368,27.4000313132157,591.6,-348.320800412483,-103.639041985541
14896,-4343.443363781479,0,0,-4371,47.82163066705729,512.340628878885,-426.60411390420995,-106.00150942321501
14897,-4714.2316033936895,0,0,-4374,-52.000817198743604,295.800000000011,-475.81506202999395,-108.215724164964
14898,-5009.77479954423,0,0,-4377,-29.896210113042898,7.01500107363859e-11,-492.6,-110.27858943125601
14899,-5142.69807726154,0,0,-4380,121.104204886946,-295.800000000006,-475.81506202999395,-112.18722011848499
14900,-5403.28292053289,0,0,-4383,32.6007690842524,-512.340628878883,-426.604113904211,-113.938946834051
14901,-4160.0617040978495,1,0,-4386,-15.7948085646526,-591.6,-348.32080041250504,-115.53131962974399
14902,-5239.05570954016,0,0,-4389,25.547030766967698,-512.340628878889,-246.30000000001098,-116.96211142822399
14903,-5015.28769247307,0,0,-4392,-81.7641097178463,-295.79999999995897,-127.494261617482,-118.22932113778201
14904,-4557.53553038788,0,0,-4395,-43.2043539368143,-9.2706838820505e-12,-3.859650845417581e-12,-119.33117645105499
14905,-4153.18950634125,0,0,-4398,-58.2176316350008,295.800000000001,127.494261617502,-120.26613632375499
14906,-3803.2346591973296,0,0,-4401,-39.842394946203605,512.340628878846,246.29999999997997,-121.032893129956
14907,-3532.79042957215,0,0,-4404,52.9191445063022,591.6,348.32080041248,-121.630374490933
14908,-3549.4353819075604,0,0,-4407,40.6776200843355,512.3406288788581,426.604113904221,-122.057744774976
14909,-3711.50521265341,0,0,-4410,49.1941315826716,295.800000000022,475.81506202999196,-122.31440626610001
14910,-3955.76088072008,0,0,-4413,87.0391192799013,1.56484902238232e-11,492.6,-122.4
14911,-4530.55072088276,0,0,-4416,-172.251376646665,-295.799999999995,475.81506202999606,-122.31440626610001
14912,-4666.402510947721,0,0,-4419,-39.6082511981306,-512.340628878843,426.604113904228,-122.057744774976
14913,-4853.226954414579,0,0,-4422,-66.31738033613361,-591.6,348.320800412489,-121.630374490933
14914,-4833.90259029894,0,0,-4425,-21.8290682901152,-512.340628878861,246.299999999991,-121.032893129956
14915,-4637.98061418082,0,0,-4428,78.59126052544791,-295.800000000028,127.494261617515,-120.26613632375499
14916,-4542.31850732502,0,0,-4431,8.01266912604386,-2.20262965655959e-11,9.17017722127496e-12,-119.33117645105499
14917,-4443.83262241258,0,0,-4434,-59.9090396572572,295.79999999993197,-127.49426161747,-118.22932113778201
14918,-4254.6968747336105,0,0,-4437,33.2246078157425,512.340628878873,-246.29999999999902,-116.96211142822399
14919,-4337.64433324512,0,0,-4440,-25.3922132028796,591.6,-348.32080041249606,-115.53131962974399
14920,-4393.63657351457,0,0,-4443,77.56585834478349,512.340628878898,-426.60411390420404,-113.938946834051
14921,-4671.41801601736,0,0,-4446,66.7842661310813,295.800000000033,-475.815062029991,-112.18722011848499
14922,-5158.27224355754,0,0,-4449,-106.39365412624201,-3.88530302887395e-11,-492.6,-110.27858943125601
14923,-5212.57380368614,0,0,-4452,119.256982508806,-295.79999999998404,-475.815062029997,-108.215724164964
14924,-5472.80608198831,0,0,-4455,27.140170217986803,-512.34062887887,-426.604113904216,-106.00150942321501
14925,-5646.826693565021,0,0,-4458,-145.266851166987,-591.6,-348.320800412493,-103.639041985542
14926,-5316.53138932313,0,0,-4461,4.24086553206821,-512.3406288789009,-246.30000000002002,-101.131625976278
14927,-4988.05898085154,0,0,-4464,-2.28195099062915,-295.799999999981,-127.494261617493,-98.48276824344009
14928,-4605.52958819942,0,0,-4467,-42.8334147452855,-3.47819092491412e-11,-1.44807035971323e-11,-95.6961734540875
14929,-4037.8828797512,0,0,-4470,101.59859754433701,295.799999999979,127.49426161749201,-92.7757389130039
14930,-3779.11450087305,0,0,-4473,24.970419360061697,512.340628878867,246.299999999995,-89.72554911197041
14931,-3694.4235537792297,0,0,-4476,-71.7944841744709,591.6,348.320800412472,-86.549870017234
14932,-3594.76464248355,0,0,-4479,28.543757836526698,512.340628878871,426.604113904216,-83.2531431031608
14933,-3813.7797841240294,0,0,-4482,-23.554867013571897,295.799999999986,475.815062029997,-79.839979140442
14934,-4084.7909148090603,0,0,-4485,-16.075763061589598,4.1159715590913893e-11,492.6,-76.3151517475093
14935,-4346.36624809662,0,0,-4488,34.3022805875465,-295.799999999973,475.815062029998,-72.6835907141967
14936,-4816.77974520057,0,0,-4491,-171.09285511889,-512.3406288788971,426.604113904205,-68.95037510698711
14937,-4796.34544126844,0,0,-4494,6.054484484536929,-591.6,348.32080041249606,-65.1207261654773
14938,-4824.91735904784,0,0,-4497,-0.6767301689718659,-512.340628878874,246.3,-61.1999999999998
14939,-4686.84212268621,0,0,-4500,38.657295796937795,-295.80000000005003,127.49426161752501,-57.1936801006238
14940,-4552.42346483143,0,0,-4503,3.6839048365889,-4.75375219326866e-11,1.97912299729897e-11,-53.1073696679897
14941,-4397.091986040061,0,0,-4506,-10.4509406458372,295.800000000026,-127.494261617514,-48.9467837767366
14942,-4319.32873630629,0,0,-4509,-31.651623802713598,512.3406288788599,-246.29999999999,-44.7177413824475
14943,-4259.84251433006,0,0,-4512,49.304443265742705,591.6,-348.32080041248804,-40.426157183312796
14944,-4463.712709265879,0,0,-4515,1.62880910734691,512.340628878877,-426.604113904213,-36.0780333478947
14945,-4737.9155066021,0,0,-4518,-8.22099345162345,295.80000000005504,-475.81506202998804,-31.679451120549
14946,-5065.45803387805,0,0,-4521,-24.621471561786603,-1.3341804921648699e-11,-492.6,-27.2365623162529
14947,-5302.7158800161105,0,0,-4524,15.654762730640302,-295.80000000002,-475.81506202999196,-22.755580716740397
14948,-5504.8426558221,0,0,-4527,-20.655139659056,-512.3406288788569,-426.604113904221,-18.2427733799639
14949,-5556.33626657413,0,0,-4530,-72.7110142865858,-591.6,-348.3208004125,-13.7044518750446
14950,-5371.96130918036,0,0,-4533,-71.17371684643929,-512.340628878914,-246.300000000029,-9.14696345497939
14951,-4865.9740101322295,0,0,-4536,97.89693366470051,-295.800000000003,-127.494261617503,-4.57668217942292
14952,-4505.61849007632,0,0,-4539,33.3815099236709,6.963998579876049e-12,2.89931178198693e-12,-2.69814182788145e-13
14953,-4091.48804938461,0,0,-4542,22.6410068185282,295.799999999957,127.494261617482,4.57668217942151
14954,-3800.8555149889794,0,0,-4545,-23.6431073227989,512.340628878854,246.299999999986,9.14696345497799
14955,-3618.44393770159,0,0,-4548,-24.069189989139105,591.6,348.32080041250396,13.704451875044901
14956,-3721.2838634356394,0,0,-4551,-127.47137959870199,512.340628878884,426.60411390420995,18.2427733799633
14957,-3896.7596338184794,0,0,-4554,-137.130276565219,295.800000000008,475.81506202999395,22.7555807167407
14958,-4089.95789597373,0,0,-4557,-52.7944582899866,-5.861922381033609e-13,492.6,27.2365623162533
14959,-4397.15276151621,0,0,-4560,-48.847274666805,-295.79999999995096,475.815062030001,31.679451120548396
14960,-4751.74744480201,0,0,-4563,-139.088963175231,-512.340628878884,426.60411390420995,36.078033347895
14961,-4755.30926728212,0,0,-4566,13.5437751220649,-591.6,348.32080041250396,40.4261571833115
14962,-4717.5651962618895,0,0,-4569,72.757691234545,-512.3406288788871,246.300000000009,44.7177413824461
14963,-4679.653728253739,0,0,-4572,11.705226352031099,-295.800000000014,127.49426161750799,48.9467837767361
14964,-4500.32410491995,0,0,-4575,21.5685254121071,-7.30487472997774e-11,3.04122827247045e-11,53.1073696679885
14965,-4264.34560961067,0,0,-4578,88.1549719062072,295.800000000004,-127.494261617503,57.1936801006225
14966,-4237.07954990188,0,0,-4581,16.679821219245998,512.340628878881,-246.30000000000499,61.2000000000001
14967,-4358.34685552741,0,0,-4584,-82.7467812804035,591.6,-348.320800412481,65.1207261654769
14968,-4348.70029402712,0,0,-4587,83.6128158912127,512.3406288788901,-426.604113904208,68.9503751069874
14969,-4636.64633635476,0,0,-4590,60.685134961084096,295.799999999961,-475.81506203,72.68359071419691
14970,-5003.742092760421,0,0,-4593,5.542755492058059,1.2169420445442e-11,-492.6,76.3151517475083
14971,-5391.47210460507,0,0,-4596,-103.69702171551799,-295.799999999998,-475.815062029995,79.8399791404423
14972,-5495.89010720603,0,0,-4599,-41.198507526117,-512.340628878844,-426.604113904227,83.2531431031598
14973,-5420.22815278456,0,0,-4602,35.1427776107128,-591.6,-348.320800412508,86.549870017233
14974,-5249.790358371451,0,0,-4605,24.124721395425702,-512.3406288788599,-246.29999999999,89.7255491119706
14975,-5091.47871964385,0,0,-4608,-152.96019693931402,-295.80000000002497,-127.494261617513,92.77573891300301
14976,-4450.0851720304,0,0,-4611,65.218654515536,-1.85472267872147e-11,-7.72174096972782e-12,95.6961734540867
14977,-4010.3276872276397,0,0,-4614,81.8952829114248,295.79999999999296,127.494261617498,98.4827682434403
14978,-3639.87403935687,0,0,-4617,117.35370578803699,512.340628878841,246.299999999976,101.131625976278
14979,-3648.68748169221,0,0,-4620,-72.2473240902533,591.6,348.320800412497,103.639041985542
14980,-3664.5013988168103,0,0,-4623,-86.44765102311091,512.340628878863,426.604113904219,106.001509423216
14981,-3700.58692057126,0,0,-4626,45.5822932337541,295.80000000002997,475.815062029991,108.215724164964
14982,-3983.28338640971,0,0,-4629,42.838024159004895,2.4925033128987398e-11,492.6,110.27858943125601
14983,-4351.85031892739,0,0,-4632,-12.0526010759455,-295.799999999929,475.81506203000396,112.18722011848499
14984,-4543.30801049585,0,0,-4635,63.4895576447533,-512.3406288788719,426.604113904215,113.93894683405
14985,-4732.48941307633,0,0,-4638,33.2584668814376,-591.6,348.32080041249196,115.53131962974399
14986,-4801.99510939363,0,0,-4641,-11.916591942975,-512.3406288789,246.300000000019,116.962111428223
14987,-4694.27862995478,0,0,-4644,-0.20221271003989896,-295.800000000036,127.494261617518,118.22932113778201
14988,-4649.98293936802,0,0,-4647,-122.31411581909799,3.5954293725348e-11,-1.4968800785248798e-11,119.33117645105499
14989,-4408.92141781897,0,0,-4650,-47.493292525213604,295.799999999982,-127.494261617493,120.26613632375401
14990,-4260.06109691084,0,0,-4653,5.8653810803340996,512.3406288788681,-246.299999999996,121.032893129956
14991,-4358.36447874709,0,0,-4656,-67.274052825532,591.6,-348.320800412493,121.630374490933
14992,-4318.8059227023905,0,0,-4659,132.39981754793,512.340628878903,-426.60411390420194,122.057744774976
14993,-4696.21130730664,0,0,-4662,23.489348457277604,295.79999999998296,-475.815062029997,122.31440626610001
14994,-4994.07621120372,0,0,-4665,41.123788796246295,3.768064581253279e-11,-492.6,122.4
14995,-5291.76151920215,0,0,-4668,25.539136561722398,-295.799999999976,-475.815062029998,122.31440626610001
14996,-5416.6728417041495,0,0,-4671,71.2141563039554,-512.340628878865,-426.60411390421797,122.057744774976
14997,-5514.882229423471,0,0,-4674,-22.591803501889,-591.6,-348.32080041251504,121.630374490933
14998,-5282.36834874569,0,0,-4677,32.2393870032237,-512.3406288788719,-246.29999999999902,121.032893129956
14999,-5014.2762865532595,0,0,-4680,-31.248161259534,-295.79999999998904,-127.494261617496,120.26613632375401
15000,-4586.32978747006,0,0,-4683,-22.6609639210542,-4.40584521543054e-11,-1.8342793721442604e-11,119.33117645105499
15001,-4119.51366774511,0,0,-4686,24.9627494996472,295.799999999971,127.49426161748801,118.22932113778201
15002,-3869.3375039890702,0,0,-4689,-55.9402442962093,512.340628878896,246.30000000001598,116.962111428223
15003,-3618.6416164721204,0,0,-4692,17.9062634856483,591.6,348.320800412489,115.53131962974399
15004,-3631.76311156156,0,0,-4695,10.3531988212959,512.340628878876,426.60411390421405,113.938946834051
15005,-3778.0515342997296,0,0,-4698,36.14618355173889,295.80000000005197,475.81506202998804,112.18722011848499
15006,-4043.1128999033003,0,0,-4701,55.008510665389394,5.04362584960781e-11,492.6,110.27858943125601
15007,-4446.02926515993,0,0,-4704,-30.2600513548649,-295.800000000023,475.81506202999196,108.215724164964
15008,-4639.33924366466,0,0,-4707,47.395761886764795,-512.340628878859,426.604113904221,106.001509423216
15009,-4799.4540162841495,0,0,-4710,50.1861413178086,-591.6,348.320800412499,103.639041985542
15010,-4909.52964457962,0,0,-4713,-31.6206416770183,-512.340628878879,246.30000000000402,101.131625976278
15011,-4821.14451156576,0,0,-4716,-35.321541426671295,-295.800000000058,127.49426161752899,98.4827682434403
15012,-4671.80188886681,0,0,-4719,-48.4980623209001,1.0443068358257198e-11,-4.34774803353407e-12,95.6961734540867
15013,-4501.80648964066,0,0,-4722,-40.887966936168795,295.80000000001803,-127.49426161751002,92.7757389130031
15014,-4399.83114028707,0,0,-4725,-30.597318277909604,512.340628878856,-246.299999999987,89.7255491119713
15015,-4365.69585129887,0,0,-4728,32.4750790963798,591.6,-348.32080041248497,86.5498700172337
15016,-4589.49884023378,0,0,-4731,-27.4884983116609,512.340628878916,-426.604113904197,83.25314310316121
15017,-4843.41136680978,0,0,-4734,-9.23628392023594,295.800000000005,-475.81506202999395,79.83997914044241
15018,-5101.74113658558,0,0,-4737,51.54371166691689,-4.06526201648454e-12,-492.6,76.315151747509
15019,-5443.764990168161,0,0,-4740,-4.83351885240271,-295.79999999995397,-475.815062030001,72.683590714197
15020,-5686.207345200811,0,0,-4743,-73.2129775247234,-512.340628878852,-426.604113904223,68.9503751069875
15021,-5680.47340387005,0,0,-4746,-59.6733296230384,-591.6,-348.320800412483,65.120726165477
15022,-5469.3198534053,0,0,-4749,-22.8792245264113,-512.340628878885,-246.300000000008,61.2000000000009
15023,-5119.69706237552,0,0,-4752,-1.59648085862705,-295.800000000011,-127.494261617507,57.19368010062261
15024,-4648.43810165026,0,0,-4755,53.4545286817544,-2.31254432528815e-12,-9.6277834232331e-13,53.10736966798861
15025,-4416.42035021406,0,0,-4758,-130.661395608221,295.799999999949,127.494261617478,48.946783776737
15026,-3934.53812809185,0,0,-4761,23.1035016468123,512.340628878883,246.30000000000598,44.7177413824471
15027,-3913.36730869029,0,0,-4764,-129.714266286083,591.6,348.320800412482,40.4261571833132
15028,-3858.4742812383297,0,0,-4767,-66.4970573693261,512.340628878888,426.604113904208,36.0780333478951
15029,-3951.46664469508,0,0,-4770,15.238842154361699,295.800000000016,475.815062029993,31.679451120548602
15030,-4246.62156858529,0,0,-4773,6.54186909837615,7.594748386316891e-11,492.6,27.2365623162534
15031,-4539.90147354317,0,0,-4776,33.3278837100997,-295.800000000001,475.815062029995,22.7555807167408
15032,-4775.8787046486295,0,0,-4779,70.6150369460768,-512.34062887888,426.60411390421206,18.242773379963502
15033,-4950.7215043167,0,0,-4782,60.853243395744705,-591.6,348.320800412507,13.704451875045901
15034,-5042.01745211224,0,0,-4785,-0.123786688335966,-512.340628878892,246.300000000013,9.14696345497811
15035,-4905.37304390384,0,0,-4788,46.3560122992165,-295.799999999964,127.49426161748501,4.5766821794216295
15036,-4698.14385236563,0,0,-4791,92.856147634382,-1.50681570088335e-11,6.27330471818069e-12,7.196560138948901e-13
15037,-4630.59444462484,0,0,-4794,-0.323500827919109,295.799999999996,-127.4942616175,-4.57668217942194
15038,-4464.43518232326,0,0,-4797,75.6711522528557,512.340628878843,-246.29999999997798,-9.146963454977538
15039,-4563.80653078961,0,0,-4800,6.61872149791174,591.6,-348.32080041247804,-13.704451875044501
15040,-4720.86858306016,0,0,-4803,14.6376753451653,512.340628878861,-426.60411390422007,-18.2427733799638
15041,-5023.45929330869,0,0,-4806,-14.6886505619845,295.800000000027,-475.81506202999196,-22.755580716740305
15042,-5442.1046509608395,0,0,-4809,-113.268088644612,2.14459633506062e-11,-492.6,-27.236562316252797
15043,-5573.19486044386,0,0,-4812,42.0996527066795,-295.79999999999,-475.81506202999606,-31.679451120548897
15044,-5925.51830140617,0,0,-4815,-135.49552527521,-512.34062887884,-426.604113904229,-36.07803334789371
15045,-5735.686418623921,0,0,-4818,62.6605389718853,-591.6,-348.320800412491,-40.426157183311894
15046,-5632.098864431371,0,0,-4821,-7.74049417006893,-512.340628878864,-246.299999999993,-44.71774138244739
15047,-5252.8954358847905,0,0,-4824,43.3456095094944,-295.800000000033,-127.494261617517,-48.94678377673571
15048,-4928.36079818954,0,0,-4827,-48.253428521512696,-2.78237696923789e-11,-1.1583831094038099e-11,-53.1073696679888
15049,-4419.5850092325,0,0,-4830,44.3144092507319,295.799999999926,127.494261617468,-57.1936801006221
15050,-4165.49478050762,0,0,-4833,-29.935409386492,512.34062887887,246.299999999997,-61.199999999999704
15051,-3970.18965292701,0,0,-4836,-8.98972717403068,591.6,348.32080041249395,-65.1207261654772
15052,-3975.1607728435206,0,0,-4839,-6.1551405196336795,512.3406288789009,426.604113904203,-68.950375106987
15053,-4137.36374644056,0,0,-4842,5.70478224360304,295.800000000038,475.81506202999003,-72.6835907141966
15054,-4312.087704605,0,0,-4845,116.62744714253999,-3.3055557161956504e-11,492.6,-76.3151517475093
15055,-4799.25273423472,0,0,-4848,-51.42781712429729,-295.799999999979,475.815062029998,-79.83997914044129
15056,-6296.82716491399,1,0,-4851,20.347717672873102,-512.340628878867,426.604113904217,-83.2531431031601
15057,-5162.1807317722605,0,0,-4854,21.6483378324824,-591.6,348.32080041249395,-86.5498700172339
15058,-5177.44760091375,0,0,-4857,35.318577077101395,-512.340628878904,246.300000000022,-89.7255491119703
15059,-5084.18829534063,0,0,-4860,36.893181954858704,-295.799999999986,127.494261617495,-92.7757389130033
15060,-4924.000180084439,0,0,-4863,34.695993369671804,-4.05793823759243e-11,1.68943574698954e-11,-95.6961734540864
15061,-4761.70214507402,0,0,-4866,34.4748847869404,295.799999999974,-127.49426161748899,-98.48276824343999
15062,-4685.59938016768,0,0,-4869,18.491616929732498,512.340628878864,-246.299999999993,-101.131625976278
15063,-4760.8986547774,0,0,-4872,-28.5388123793929,591.6,-348.320800412471,-103.639041985542
15064,-4823.989124163079,0,0,-4875,71.2758702854782,512.340628878874,-426.604113904215,-106.00150942321501
15065,-5208.53542293769,0,0,-4878,-42.3046367427188,295.799999999991,-475.81506202999606,-108.215724164964
15066,-5524.762513184521,0,0,-4881,-40.8839237533136,4.6957188717697e-11,-492.6,-110.27858943125601
15067,-5813.708322477621,0,0,-4884,-45.9060403291681,-295.799999999968,-475.815062029999,-112.18722011848499
15068,-5939.49143423722,0,0,-4887,0.3922553799287629,-512.340628878894,-426.60411390420603,-113.938946834051
15069,-6050.13098501134,0,0,-4890,-104.678864969096,-591.6,-348.320800412498,-115.53131962974399
15070,-5805.16771288917,0,0,-4893,-36.5649725820669,-512.340628878877,-246.30000000000197,-116.96211142822399
15071,-5445.58267845039,0,0,-4896,-8.05909569502202,-295.80000000005504,-127.494261617527,-118.22932113778201
15072,-5030.49862145867,0,0,-4899,-12.167445007536699,-5.33349950594696e-11,-2.22048838457528e-11,-119.33117645105499
15073,-4553.12219970193,0,0,-4902,45.8496750042897,295.80000000002104,127.494261617511,-120.26613632375401
15074,-4204.260153414671,0,0,-4905,63.132110836437796,512.3406288788569,246.299999999988,-121.032893129956
15075,-4125.11831696905,0,0,-4908,-35.4087428906087,591.6,348.320800412487,-121.630374490933
15076,-4223.0302236473,0,0,-4911,-128.917221655411,512.34062887888,426.60411390421206,-122.057744774976
15077,-4292.955498183621,0,0,-4914,-28.2561539475725,295.80000000006,475.815062029987,-122.31440626610001
15078,-4609.42827386712,0,0,-4917,-62.6282738671151,-7.544331794865721e-12,492.6,-122.4
15079,-4867.214287136379,0,0,-4920,-4.91494290025822,-295.800000000015,475.815062029993,-122.31440626610001
15080,-5107.00802184919,0,0,-4923,23.7862379004203,-512.340628878854,426.604113904223,-122.057744774976
15081,-5348.50167187601,0,0,-4926,-57.592097797579,-591.6,348.32080041250197,-121.630374490933
15082,-5301.06635010026,0,0,-4929,15.0071719085817,-512.340628878917,246.30000000003102,-121.032893129956
15083,-5153.61884191447,0,0,-4932,66.9530327917868,-295.800000000008,127.494261617505,-120.26613632375499
15084,-5076.6803160698,0,0,-4935,-22.349139618749103,1.1665254530930301e-12,-4.85657909223823e-13,-119.33117645105499
15085,-4922.69606856414,0,0,-4938,-34.7724858088259,295.79999999995204,-127.494261617479,-118.22932113778201
15086,-4823.54299986546,0,0,-4941,-31.621517316101,512.340628878851,-246.299999999983,-116.96211142822399
15087,-4795.7551609944,0,0,-4944,20.496959047850602,591.6,-348.320800412503,-115.53131962974399
15088,-4931.3268018137,0,0,-4947,43.875630045675294,512.3406288788871,-426.604113904209,-113.938946834051
15089,-5255.51683079302,0,0,-4950,-13.3145486445571,295.80000000001303,-475.815062029993,-112.18722011848499
15090,-5556.61381845327,0,0,-4953,-0.7352290220178929,5.21128088867966e-12,-492.6,-110.27858943125601
15091,-5787.8400097513095,0,0,-4956,47.99077644360229,-295.799999999946,-475.81506203000197,-108.215724164964
15092,-6012.96591166302,0,0,-4959,-9.019659456712699,-512.340628878881,-426.604113904211,-106.00150942321501
15093,-6214.5531330133,0,0,-4962,-208.993290615255,-591.6,-348.320800412506,-103.639041985542
15094,-5782.99830077954,0,0,-4965,41.77395407564,-512.3406288788901,-246.30000000001098,-101.131625976278
15095,-5481.199787985421,0,0,-4968,8.577241875550321,-295.800000000019,-127.49426161751002,-98.48276824344009
15096,-5046.85081460154,0,0,-4971,19.8453588526591,-7.88462204265604e-11,-3.2825936597467604e-11,-95.6961734540876
15097,-4559.308093460139,0,0,-4974,84.1733838353624,295.799999999999,127.494261617501,-92.7757389130039
15098,-4282.7010859108,0,0,-4977,25.383834322290202,512.340628878878,246.30000000000302,-89.72554911197041
15099,-4116.67761058446,0,0,-4980,9.951459020291448,591.6,348.320800412479,-86.549870017234
15100,-4184.40814239276,0,0,-4983,-57.0997420726983,512.340628878893,426.60411390420603,-83.25314310316091
15101,-4280.789337704171,0,0,-4986,13.435579406310598,295.799999999966,475.815062029999,-79.8399791404421
15102,-4500.50556251274,0,0,-4989,72.2095892347503,1.7966893572225e-11,492.6,-76.3151517475094
15103,-4793.70622565499,0,0,-4992,90.9623030292073,-295.79999999999296,475.81506202999606,-72.6835907141967
15104,-5171.90493789467,0,0,-4995,-22.218047813018103,-512.340628878875,426.60411390421405,-68.95037510698711
15105,-5246.0215017583505,0,0,-4998,60.3784239946165,-591.6,348.320800412509,-65.1207261654774
15106,-5348.27153953147,0,0,-5001,-20.030910652597,-512.340628878863,246.299999999992,-61.1999999999998
15107,-5301.930121598421,0,0,-5004,-72.4307031152796,-295.80000000002997,127.494261617516,-57.1936801006238
15108,-5038.05874555605,0,0,-5007,22.0486241119541,-2.4344699913997698e-11,1.01353948424909e-11,-53.1073696679898
15109,-4886.3859450792,0,0,-5010,4.255100315044,295.79999999998796,-127.494261617496,-48.94678377673579
15110,-4878.25980796872,0,0,-5013,-86.5826954651319,512.340628878838,-246.29999999997398,-44.7177413824475
15111,-4821.4646640028795,0,0,-5016,-8.31770640706933,591.6,-348.320800412495,-40.426157183312796
15112,-4931.24177868128,0,0,-5019,38.0997396919706,512.3406288788659,-426.60411390421797,-36.0780333478947
15113,-5208.5429822206,0,0,-5022,25.151530929905896,295.800000000035,-475.815062029991,-31.679451120549
15114,-5525.40469173718,0,0,-5025,19.4318705790457,3.07225062557704e-11,-492.6,-27.236562316253
15115,-5924.37218805224,0,0,-5028,-102.00154530546999,-295.80000000004,-475.81506202999003,-22.755580716740397
15116,-5985.688332446961,0,0,-5031,2.49918371608651,-512.340628878869,-426.604113904217,-18.2427733799639
15117,-6010.85369747652,0,0,-5034,-23.228445188984498,-591.6,-348.320800412493,-13.7044518750446
15118,-5731.86967674809,0,0,-5037,72.91791558581109,-512.340628878903,-246.30000000002102,-9.146963454979419
15119,-5472.170056799079,0,0,-5040,-4.29911300209661,-295.800000000041,-127.494261617521,-4.57668217942295
15120,43.2228342093602,0,0,-1,44.2228342093602,0.0,0.0,0.0
15121,451.91925680554,0,0,-2,45.455808540634095,272.25,123.22374737331002,12.989700891595499
15122,751.909561222081,0,0,-3,19.3474943495307,471.550832360627,238.05,25.9612345119238
15123,927.93791140873,0,0,-4,11.887913887526,544.5,336.653538522915,38.896458998289205
15124,987.905534631611,0,0,-5,57.2627242596095,471.550832360627,412.314694741771,51.777283269603004
15125,839.402745645658,0,0,-6,48.689767421035796,272.25,459.877285896225,64.5856923283965
15126,506.471468885842,0,0,-7,-39.932303570581496,6.66820182135734e-14,476.1,77.3037724564236
15127,155.113091712569,0,0,-8,-114.427930452272,-272.25,459.877285896225,89.91373626861571
15128,85.9373658100761,0,0,-9,51.7755558385833,-471.550832360627,412.314694741771,102.397947590348
15129,-156.322078704782,0,0,-10,-53.2145633509223,-544.5,336.653538522915,114.738946123225
15130,-61.982248786760906,0,0,-11,55.599111708980296,-471.550832360627,238.05,126.91947186488599
15131,-48.69227279186,0,0,-12,-26.588509413847998,-272.25,123.22374737331002,138.922489248678
15132,206.64267168643397,0,0,-13,68.91146071699471,-1.33364036427147e-13,5.83054341074055e-14,150.73121096943999
15133,244.304760668568,0,0,-14,-53.05061342018371,272.25,-123.22374737331002,162.329121462062
15134,400.74871193753404,0,0,-15,8.54787957690757,471.550832360627,-238.05,173.7
15135,463.057036147365,0,0,-16,86.38263128885241,544.5,-336.653538522915,184.82794338142799
15136,235.68217144988702,0,0,-17,-2.25135434027129,471.550832360627,-412.314694741771,195.69738817130198
15137,-60.0362594848089,0,0,-18,-60.7021060568179,272.25,-459.877285896225,206.29313246823503
15138,-246.783999219967,0,0,-19,31.7156436143085,2.0004605464071998e-13,-476.1,216.60035716572398
15139,-527.00853599434,0,0,-20,-1.4858967761345199,-272.25,-459.877285896225,226.60464667801898
15140,-676.791436079318,0,0,-21,-8.21791807853744,-471.550832360627,-412.314694741771,236.29200910161703
15141,-712.9149552360831,0,0,-22,-55.4103124973745,-544.5,-336.653538522915,245.648895784207
15142,-482.284720159198,0,0,-23,-4.34610807225199,-471.550832360627,-238.05,254.66222027368198
15143,-113.948250185291,0,0,-24,42.2061205672895,-272.25000000000097,-123.223747373311,263.31937662073
15144,194.581610837473,0,0,-25,-52.0266461719204,-2.66728072854294e-13,-1.1661086821481098e-13,271.608257009394
15145,628.0928515459719,0,0,-26,-20.898164518279604,272.25,123.22374737331002,279.517268690941
15146,1008.0568745911901,0,0,-27,38.420692033184096,471.550832360627,238.05,287.035350197377
15147,1072.5286325275802,0,0,-28,-74.7768928072386,544.5,336.653538522915,294.151986811906
15148,1205.5429674703098,0,0,-29,49.82021509320111,471.550832360627,412.314694741771,300.85722527471404
15149,976.350112491663,0,0,-30,-32.9188611080643,272.25,459.877285896225,307.141687703501
15150,805.675995843025,0,0,-31,47.57941113372271,1.3006363901213002e-12,476.1,312.9965847093
15151,470.65649933871697,0,0,-32,-3.38451424673883,-272.24999999999903,459.877285896225,318.41372768923
15152,232.95540048923098,0,0,-33,1.80599782908882,-471.550832360626,412.31469474177203,323.385540278997
15153,143.728041885646,0,0,-34,57.669434413604,-544.5,336.653538522915,327.905068949127
15154,45.154626230767605,0,0,-35,-18.3105341387109,-471.550832360627,238.05,331.96599273010503
15155,96.52646563327342,0,0,-36,-54.00991379285911,-272.25,123.22374737331002,335.562632052822
15156,444.76973433154603,0,0,-37,143.07977763958098,-4.0009210928143996e-13,1.74916302322216e-13,338.689956691966
15157,542.403882226051,0,0,-38,90.0340367981176,272.24999999999903,-123.22374737331002,341.34359280124403
15158,618.9617525521289,0,0,-39,80.9410911608926,471.550832360626,-238.05,343.51982903061
15159,479.01594587919095,0,0,-40,-34.0461373148061,544.5,-336.653538522915,345.215621716912
15160,403.322898568079,0,0,-41,38.6581618084819,471.550832360627,-412.314694741771,346.42859914074205
15161,37.3099496970731,0,0,-42,-80.2198292501932,272.250000000002,-459.877285896225,347.15706484349
15162,-135.994582212915,0,0,-43,35.7054177870845,4.66774127495014e-13,-476.1,347.4
15163,-444.069217063878,0,0,-44,-15.0989960111428,-272.24999999999903,-459.877285896225,347.15706484349
15164,-625.876303337371,0,0,-45,-43.4393753757152,-471.550832360626,-412.31469474177203,346.42859914074205
15165,-579.708932604123,0,0,-46,2.22898420187995,-544.5,-336.653538522915,345.215621716912
15166,-334.130134836467,0,0,-47,78.95086849355171,-471.55083236062796,-238.05000000000098,343.51982903061
15167,-108.879238470459,0,0,-48,-6.749083898392861,-272.25,-123.22374737331002,341.34359280124403
15168,285.20174999349604,0,0,-49,-4.4882066984687805,-5.334561457085871e-13,-2.3322173642962196e-13,338.689956691966
15169,624.7133834169181,0,0,-50,-56.32299600921289,272.24999999999903,123.22374737331002,335.562632052822
15170,1007.6683760841802,0,0,-51,17.1015509934515,471.550832360627,238.05,331.96599273010503
15171,1055.40792326904,0,0,-52,-101.650684203,544.5,336.653538522915,327.905068949127
15172,1131.3931668407001,0,0,-53,-22.8579005406907,471.550832360627,412.314694741771,323.385540278997
15173,1038.7525889956598,0,0,-54,42.2115754102055,272.25,459.877285896225,318.41372768923
15174,708.834371007336,0,0,-55,-25.262213701965102,6.0013816392216e-13,476.1,312.9965847093
15175,461.71698798929395,0,0,-56,22.9480143895681,-272.25000000000097,459.877285896225,307.141687703501
15176,63.1838662418619,0,0,-57,-121.43722141399799,-471.550832360626,412.31469474177203,300.85722527471404
15177,40.6837758694249,0,0,-58,12.378250534603099,-544.5,336.653538522916,294.151986811906
15178,-18.3447482424245,0,0,-59,-12.8792660791744,-471.550832360627,238.05,287.035350197377
15179,51.114819551812495,0,0,-60,-19.376196512438103,-272.25,123.22374737331002,279.517268690941
15180,312.763650365439,0,0,-61,102.155393356047,-2.60127278024261e-12,1.13725066177549e-12,271.608257009394
15181,386.912440326554,0,0,-62,36.566811079134,272.24999999999903,-123.22374737331002,263.31937662073
15182,491.232028205543,0,0,-63,66.0689755712344,471.550832360626,-238.04999999999902,254.66222027368198
15183,513.823822252101,0,0,-64,124.32846499081002,544.5,-336.653538522915,245.648895784207
15184,273.428951438989,0,0,-65,42.9008047185141,471.55083236062796,-412.314694741771,236.29200910161703
15185,-96.1303302315232,0,0,-66,-69.1076910133176,272.25,-459.877285896225,226.60464667801898
15186,-378.43113259860297,0,0,-67,-51.9314897643261,-1.2009503977575702e-12,-476.1,216.60035716572398
15187,-670.493126502392,0,0,-68,-76.6589730744018,-272.24999999999903,-459.87728589622594,206.29313246823398
15188,-763.13781418606,0,0,-69,-5.96967525496427,-471.550832360627,-412.314694741771,195.69738817130198
15189,-737.684239770848,0,0,-70,28.6413553706398,-544.5,-336.653538522916,184.82794338142799
15190,-589.079177704931,0,0,-71,17.821654655696,-471.550832360627,-238.05,173.7
15191,-348.50357635714,0,0,-72,-43.3589504458932,-272.24999999999903,-123.22374737331002,162.329121462062
15192,68.4541166666075,0,0,-73,-9.27709430283108,-8.001842185628809e-13,-3.4983260464443296e-13,150.73121096943999
15193,500.953641815347,0,0,-74,40.5574051933628,272.249999999997,123.223747373309,138.922489248678
15194,768.008089288664,0,0,-75,6.487785063153121,471.550832360626,238.04999999999902,126.91947186488599
15195,897.463065739882,0,0,-76,-22.429418906258697,544.5,336.653538522915,114.738946123225
15196,960.295882545193,0,0,-77,51.0324078524459,471.55083236062796,412.314694741771,102.397947590348
15197,855.722208070804,0,0,-78,111.68118590596201,272.25,459.877285896225,89.91373626861579
15198,564.24257314985,0,0,-79,89.8388006934238,2.8013188348833302e-12,476.1,77.3037724564237
15199,320.392954192356,0,0,-80,148.179975967732,-272.24999999999903,459.87728589622594,64.5856923283965
15200,-134.139407574367,0,0,-81,-45.680553225114295,-471.550832360627,412.314694741771,51.7772832696031
15201,-172.957202686759,0,0,-82,77.9927997920355,-544.5,336.653538522916,38.896458998289205
15202,-272.29129965220903,0,0,-83,18.248298196494602,-471.550832360629,238.05000000000197,25.961234511923898
15203,-168.574888046458,0,0,-84,51.46166368863621,-272.24999999999903,123.22374737331002,12.989700891595499
15204,-87.3060443451616,0,0,-85,-2.30604434516108,-9.335482549900268e-13,4.0813803875183794e-13,4.2544229802379094e-14
15205,-4.0646152158968505,0,0,-86,-54.1011669509915,272.25000000000097,-123.22374737331002,-12.989700891595499
15206,91.2079414053746,0,0,-87,-29.3316564433283,471.550832360626,-238.04999999999902,-25.9612345119237
15207,50.2173445508385,0,0,-88,-30.732657927958304,544.5,-336.653538522914,-38.896458998289106
15208,-34.8616044706402,0,0,-89,46.679541180105495,471.55083236062796,-412.314694741771,-51.7772832696029
15209,-311.11106398375597,0,0,-90,31.101914240865604,272.25000000000097,-459.877285896225,-64.5856923283966
15210,-587.0491515673571,0,0,-91,57.354620889067405,-9.342223249032721e-13,-476.1,-77.3037724564236
15211,-1005.05766991185,0,0,-92,-91.0166477470104,-272.24999999999903,-459.87728589622594,-89.91373626861571
15212,-1098.58340132902,0,0,-93,-19.319926636275802,-471.550832360625,-412.31469474177203,-102.397947590348
15213,-1106.35815021737,0,0,-94,-16.4656655712272,-544.5,-336.653538522916,-114.738946123225
15214,-867.8855448660099,0,0,-95,63.634759359502404,-471.550832360627,-238.05,-126.91947186488599
15215,-1728.7349780874802,1,0,-96,86.0503315930009,-272.24999999999903,-123.22374737331002,-138.922489248678
15216,-320.152226352248,0,0,-97,-72.4210153828065,-1.0669122914171702e-12,-4.664434728592439e-13,-150.73121096943999
15217,185.002546632573,0,0,-98,49.857920721328405,272.249999999997,123.223747373309,-162.329121462062
15218,516.285602346674,0,0,-99,79.38476998604891,471.550832360626,238.04999999999902,-173.7
15219,552.744050623447,0,0,-100,-43.5815445180406,544.5,336.653538522915,-184.82794338142799
15220,501.32799431263,0,0,-101,-85.8401446184655,471.550832360626,412.31469474177203,-195.69738817130198
15221,488.560982805607,0,0,-102,64.72682937761539,272.25000000000097,459.877285896225,-206.29313246823398
15222,257.61259216647204,0,0,-103,101.112949332193,3.06804690773762e-12,476.1,-216.60035716572398
15223,-135.023695353163,0,0,-104,7.9536654286297,-272.24999999999903,459.87728589622594,-226.60464667801898
15224,-370.652612238418,0,0,-105,29.875534482055002,-471.550832360627,412.314694741771,-236.29200910161703
15225,-555.292681598026,0,0,-106,4.20267566326584,-544.5,336.653538522915,-245.648895784207
15226,-599.3490902764611,0,0,-107,-4.186037642152161,-471.550832360627,238.05,-254.66222027368198
15227,-438.23528565013703,0,0,-108,82.1103435972848,-272.250000000002,123.223747373311,-263.31937662073
15228,-452.574407890166,0,0,-109,-71.9661508807713,-1.20027632784432e-12,5.247489069666489e-13,-271.608257009394
15229,-179.29053487492803,0,0,-110,61.2004811893239,272.249999999997,-123.223747373309,-279.517268690941
15230,-236.06704610297797,0,0,-111,-71.53252826622851,471.55083236062796,-238.05000000000098,-287.035350197377
15231,-185.829996782668,0,0,-112,12.475528552152698,544.5,-336.653538522915,-294.151986811906
15232,-385.628313737295,0,0,-113,-31.0072260814387,471.55083236062796,-412.314694741771,-300.85722527471404
15233,-529.6181889584919,0,0,-114,79.1507846412337,272.25000000000097,-459.877285896225,-307.141687703501
15234,-937.314084818806,0,0,-115,-33.2175001095089,3.20141094416477e-12,-476.1,-312.9965847093
15235,-1209.24577775392,0,0,-116,-42.7047641684674,-272.250000000002,-459.877285896225,-318.41372768923
15236,-1341.4206434800699,0,0,-117,-17.1695760986726,-471.550832360627,-412.314694741771,-323.385540278997
15237,-1348.25395207973,0,0,-118,-21.195344607685,-544.5,-336.653538522916,-327.905068949127
15238,-1208.5243820560001,0,0,-119,-47.9575569652707,-471.550832360627,-238.05,-331.96599273010503
15239,-811.279315355547,0,0,-120,39.7570640705891,-272.250000000003,-123.223747373311,-335.562632052822
15240,-436.92230231627406,0,0,-121,22.767654375699,-5.2025455604852095e-12,-2.2745013235509702e-12,-338.689956691966
15241,-42.061615552564895,0,0,-122,25.808229875369,272.25,123.22374737331002,-341.34359280124403
15242,308.537943665528,0,0,-123,65.4569403355121,471.550832360626,238.04999999999902,-343.51982903061
15243,355.78959942046305,0,0,-124,-56.1483173855381,544.5,336.653538522914,-345.215621716912
15244,492.116100810319,0,0,-125,79.6791728486622,471.55083236062796,412.314694741771,-346.42859914074205
15245,296.4492897693,0,0,-126,37.4790687165635,272.25000000000097,459.877285896225,-347.15706484349
15246,-0.176676318952635,0,0,-127,-1.87667631895211,-5.34130215621832e-13,476.1,-347.4
15247,-311.903355319467,0,0,-128,-24.3735763722005,-272.250000000002,459.877285896225,-347.15706484349
15248,-538.098413361129,0,0,-129,-3.43367660153427,-471.550832360625,412.31469474177203,-346.42859914074205
15249,-688.999442116243,0,0,-130,-5.93735892224678,-544.5,336.653538522916,-345.215621716912
15250,-779.709332482902,0,0,-131,-71.68867109166571,-471.550832360627,238.05,-343.51982903061
15251,-621.508974653618,0,0,-132,0.8608707743155091,-272.24999999999903,123.22374737331002,-341.34359280124403
15252,-572.213090827339,0,0,-133,-100.523134135375,2.40190079551513e-12,-1.05008720729546e-12,-338.689956691966
15253,-298.967092612451,0,0,-134,21.5692868136832,272.249999999997,-123.223747373309,-335.562632052822
15254,-1404.72812244568,1,0,-135,13.126110982295499,471.550832360626,-238.04999999999902,-331.96599273010503
15255,-272.089381736166,0,0,-136,-16.0307742641239,544.5,-336.653538522915,-327.905068949127
15256,-451.891712249611,0,0,-137,-50.7423095894692,471.550832360626,-412.31469474177203,-323.385540278997
15257,-557.759704753707,0,0,-138,86.281308831751,272.249999999998,-459.87728589622594,-318.41372768923
15258,-954.0287216690269,0,0,-139,-25.9321369597299,3.4681390170190598e-12,-476.1,-312.9965847093
15259,-1138.30738502751,0,0,-140,40.9615885722201,-272.249999999998,-459.87728589622594,-307.141687703502
15260,-1295.40314855968,0,0,-141,30.3196038174369,-471.550832360627,-412.314694741771,-300.85722527471404
15261,-1274.11836942576,0,0,-142,43.187155909062206,-544.5,-336.65353852291696,-294.151986811906
15262,-1084.24121824414,0,0,-143,55.3949643138652,-471.550832360625,-238.04999999999902,-287.035350197377
15263,-775.239577033111,0,0,-144,43.751439031143704,-272.250000000003,-123.223747373311,-279.517268690941
15264,-458.675965705698,0,0,-145,-42.0677086963019,-1.6003684371257598e-12,-6.996652092888659e-13,-271.608257009394
15265,-33.455856122141,0,0,-146,-19.610226874720603,272.25,123.22374737331002,-263.319376620731
15266,244.583359096245,0,0,-147,-63.3552529906946,471.550832360624,238.04999999999802,-254.66222027368198
15267,535.888687795318,0,0,-148,48.384045056608294,544.5,336.653538522916,-245.648895784207
15268,580.9588951827279,0,0,-149,82.3853771819461,471.55083236062796,412.314694741771,-236.29200910161703
15269,364.99705983971495,0,0,-150,9.47442062150741,272.25000000000097,459.877285896225,-226.60464667801898
15270,87.9687893019592,0,0,-151,-20.5308535323164,-2.67402142767538e-13,476.1,-216.60035716572398
15271,-158.93230552496598,0,0,-152,11.7335410470379,-272.249999999995,459.87728589622594,-206.29313246823503
15272,-374.90840332593103,0,0,-153,33.0251224642236,-471.550832360625,412.31469474177203,-195.69738817130298
15273,-488.311859453741,0,0,-154,58.3625454047706,-544.5,336.653538522916,-184.82794338142799
15274,-571.875758450004,0,0,-155,-9.67492608937721,-471.550832360627,238.05,-173.7
15275,-538.920825174289,0,0,-156,-71.56545108553809,-272.25,123.22374737331002,-162.329121462062
15276,-408.303217604348,0,0,-157,-100.572006634905,-5.602637669766651e-12,2.44941762587319e-12,-150.73121096943999
15277,-80.2035601607073,0,0,-158,67.6926764612828,272.249999999997,-123.22374737330799,-138.922489248678
15278,-120.745988672509,0,0,-159,-68.3273491682496,471.550832360626,-238.04999999999902,-126.91947186488599
15279,-118.96371346738998,0,0,-160,-52.071228821249896,544.5,-336.653538522915,-114.738946123225
15280,-245.708296425215,0,0,-161,-41.5464864537219,471.550832360626,-412.314694741771,-102.397947590348
15281,-357.847407542786,0,0,-162,81.69361462205029,272.250000000005,-459.877285896225,-89.91373626861571
15282,-707.8950524620441,0,0,-163,8.50871999437588,3.73486708987335e-12,-476.1,-77.3037724564237
15283,-1040.47000520849,0,0,-164,-79.7570269838743,-272.249999999998,-459.87728589622594,-64.5856923283967
15284,-1034.86385876559,0,0,-165,65.7789516064114,-471.550832360623,-412.314694741773,-51.7772832696033
15285,-1076.1637128474001,0,0,-166,9.886284673806749,-544.5,-336.65353852291696,-38.896458998289496
15286,-807.8357056586909,0,0,-167,94.726361213857,-471.550832360625,-238.04999999999902,-25.9612345119237
15287,-613.7601724122741,0,0,-168,-37.2967241473737,-272.249999999996,-123.22374737330799,-12.989700891595499
15288,-228.847599446869,0,0,-169,-59.8475994468667,-1.86709650998005e-12,-8.16276077503677e-13,-8.50884596047581e-14
15289,326.411741962146,0,0,-170,87.9482936972407,272.25,123.22374737331002,12.9897008915956
15290,662.906249730923,0,0,-171,98.34418285837108,471.55083236062796,238.05000000000098,25.9612345119238
15291,871.896672380109,0,0,-172,123.846674858906,544.5,336.653538522914,38.896458998289106
15292,718.076404660516,0,0,-173,-44.5664057114859,471.55083236062796,412.314694741771,51.7772832696028
15293,627.6801136188,0,0,-174,4.96713539417688,272.25000000000097,459.877285896225,64.5856923283962
15294,377.810051735645,0,0,-175,-0.593720720785895,7.73713632251425e-12,476.1,77.3037724564235
15295,123.892644063822,0,0,-176,22.3516218989751,-272.249999999995,459.87728589622594,89.9137362686155
15296,-193.307057186022,0,0,-177,-59.4688671575177,-471.550832360625,412.31469474177203,102.397947590348
15297,-199.566820043986,0,0,-178,71.540695309875,-544.5,336.653538522914,114.738946123225
15298,-320.732773977766,0,0,-179,-35.1514134820243,-471.55083236062796,238.05000000000098,126.91947186488599
15299,-412.601972336168,0,0,-180,-222.49820895815603,-272.25,123.22374737331002,138.922489248678
15300,-122.859417460422,0,0,-181,-92.59062842986309,1.8684446498065402e-12,-8.16865470865836e-13,150.73121096943999
15301,91.1621272619173,0,0,-182,-38.1932468268323,272.249999999996,-123.22374737330799,162.329121462062
15302,255.45424761385502,0,0,-183,31.253415253228802,471.550832360625,-238.04999999999902,173.7
15303,136.656179973885,0,0,-184,-72.018224884628,544.5,-336.653538522915,184.82794338142799
15304,-9.97486879347449,0,0,-185,-79.9083945836374,471.55083236062995,-412.31469474177004,195.69738817130198
15305,-148.484566676294,0,0,-186,18.8495867516921,272.250000000005,-459.877285896225,206.29313246823398
15306,-447.721713681159,0,0,-187,-1.22207084688689,4.0015951627276494e-12,-476.1,216.60035716572398
15307,-683.049386256858,0,0,-188,10.4732529613519,-272.250000000005,-459.877285896225,226.60464667801898
15308,-874.76818653828,0,0,-189,-38.1946685374995,-471.550832360626,-412.314694741771,236.29200910161703
15309,-880.784780305133,0,0,-190,-55.280137566425104,-544.5,-336.653538522915,245.648895784207
15310,-689.003335442252,0,0,-191,-43.0647233553088,-471.550832360626,-238.04999999999902,254.66222027368198
15311,-332.89600105763,0,0,-192,-8.74163030504516,-272.250000000003,-123.223747373312,263.31937662073
15312,46.7964780292983,0,0,-193,-31.8117789800922,-2.13382458283435e-12,-9.328869457184878e-13,271.608257009394
15313,557.354272618659,0,0,-194,76.36325655440929,272.25,123.22374737331002,279.51726869094
15314,782.9831748916099,0,0,-195,-18.653007666387104,471.550832360623,238.049999999997,287.035350197376
15315,1087.06291161937,0,0,-196,107.757386284555,544.5,336.653538522914,294.151986811906
15316,894.317725864198,0,0,-197,-93.4050265129145,471.550832360629,412.31469474177004,300.85722527471404
15317,827.799205283666,0,0,-198,-13.469768316068098,272.250000000008,459.877285896224,307.141687703501
15318,541.990112259661,0,0,-199,-48.1064724496396,2.66054002941049e-13,476.1,312.996584709301
15319,346.91020864415395,0,0,-200,40.8691950587005,-272.25000000000097,459.877285896225,318.41372768923
15320,21.1888239938346,0,0,-201,-41.9605786663043,-471.55083236062796,412.314694741771,323.385540278997
15321,-82.81683821241771,0,0,-202,-0.8754456844608891,-544.5,336.653538522916,327.905068949127
15322,-217.483089723654,0,0,-203,-112.948250093132,-471.55083236062796,238.05000000000098,331.96599273010503
15323,-47.6383649669884,0,0,-204,-30.174744393121,-272.25,123.22374737331002,335.562632052822
15324,186.040429155713,0,0,-205,52.3504724637512,-6.13609381547524e-12,2.68263936230281e-12,338.689956691966
15325,326.61369508250704,0,0,-206,42.243849654574795,272.249999999996,-123.22374737330799,341.34359280124403
15326,290.94856868929503,0,0,-207,-79.0720927019407,471.550832360625,-238.04999999999902,343.51982903061
15327,294.327319350825,0,0,-208,-50.7347638431752,544.5,-336.653538522912,345.215621716912
15328,189.6852487418,0,0,-209,-6.97948801779696,471.550832360627,-412.314694741771,346.42859914074205
15329,143.579413800178,0,0,-210,194.049634852915,272.249999999998,-459.87728589622594,347.15706484349
15330,-348.428502771315,0,0,-211,-8.72850277131176,-3.46948715684555e-12,-476.1,347.4
15331,-571.866216885075,0,0,-212,25.1040041676582,-272.249999999998,-459.87728589622594,347.15706484349
15332,-641.72129355509,0,0,-213,108.71563440656601,-471.550832360626,-412.31469474177203,346.42859914074205
15333,-697.394338534941,0,0,-214,52.54357827106179,-544.5,-336.653538522915,345.215621716912
15334,-537.9330479250129,0,0,-215,43.147955405009,-471.55083236062995,-238.05000000000197,343.51982903061
15335,-301.08151840647,0,0,-216,-30.951363834398602,-272.250000000004,-123.223747373312,341.34359280124403
15336,131.74872919750402,0,0,-217,10.058772505541901,-2.40055265568864e-12,-1.0494978139333001e-12,338.689956691966
15337,529.354331018202,0,0,-218,16.3179515920807,272.249999999993,123.223747373307,335.562632052822
15338,826.2896673597161,0,0,-219,3.7228422689901697,471.550832360623,238.049999999997,331.96599273010503
15339,1019.00961045401,0,0,-220,29.9510029819699,544.5,336.653538522916,327.905068949127
15340,1056.05976556061,0,0,-221,69.8086981792147,471.550832360625,412.31469474177203,323.385540278997
15341,803.493303624604,0,0,-222,-25.047709960852497,272.250000000002,459.877285896225,318.41372768923
15342,608.549678445675,0,0,-223,42.453093736374505,5.32782075795342e-13,476.1,312.9965847093
15343,227.528757160301,0,0,-224,-43.2402164394249,-272.25000000000097,459.877285896225,307.141687703502
15344,56.1900969055513,0,0,-225,39.569009249689,-471.550832360624,412.31469474177203,300.85722527471404
15345,-258.023619300622,0,0,-226,-118.329144635444,-544.5,336.653538522916,294.151986811906
15346,-174.207497968002,0,0,-227,-0.742015804751848,-471.55083236062796,238.05000000000098,287.035350197377
15347,-151.276741114805,0,0,-228,-53.767757179052495,-272.250000000007,123.223747373314,279.517268690941
15348,37.013739073587296,0,0,-229,-5.5945179358027195,-6.402821888329531e-12,2.79925023051762e-12,271.608257009394
15349,160.144634683173,0,0,-230,-22.2009945642449,272.249999999996,-123.22374737330799,263.319376620731
15350,341.790627280337,0,0,-231,84.62757464602821,471.550832360629,-238.05000000000197,254.662220273681
15351,164.16674805205298,0,0,-232,-57.328609209239104,544.5,-336.653538522915,245.648895784207
15352,-6.23744262519554,0,0,-233,-68.7655893456685,471.550832360627,-412.314694741771,236.29200910161703
15353,-213.910486476001,0,0,-234,-18.887847257793897,272.24999999999903,-459.87728589622594,226.60464667801898
15354,-429.042133904001,0,0,-235,65.4575089302706,4.53505130843623e-12,-476.1,216.60035716572398
15355,-710.545737685527,0,0,-236,51.2884157424611,-272.249999999997,-459.87728589622594,206.29313246823503
15356,-955.178640157879,0,0,-237,-30.0105012267836,-471.550832360626,-412.31469474177203,195.69738817130298
15357,-1089.92076144309,0,0,-238,-155.595166301603,-544.5,-336.65353852291804,184.82794338142799
15358,-673.673850918094,0,0,-239,101.22698144253799,-471.55083236062995,-238.05000000000197,173.7
15359,-531.123961688779,0,0,-240,-57.9793357775254,-272.250000000004,-123.223747373312,162.329121462062
15360,-46.8179131738365,0,0,-241,43.450875856738605,-1.0405091120970401e-11,-4.54900264710195e-12,150.73121096943999
15361,336.311889582537,0,0,-242,43.915652960550204,272.24999999999903,123.22374737331002,138.922489248678
15362,532.93622113631,0,0,-243,-60.5840830892023,471.550832360627,238.05,126.91947186488501
15363,733.8874239774291,0,0,-244,-18.0050606687123,544.5,336.653538522916,114.738946123225
15364,679.596557386473,0,0,-245,-61.6669173062741,471.550832360629,412.31469474177004,102.397947590348
15365,578.401181192133,0,0,-246,2.36015902728965,272.250000000002,459.877285896225,89.91373626861579
15366,423.48113828776496,0,0,-247,117.07736583133301,8.53732054107713e-12,476.1,77.3037724564238
15367,25.900162327817803,0,0,-248,21.6871841031965,-272.25000000000097,459.877285896225,64.5856923283967
15368,-229.398091133653,0,0,-249,27.060763215595003,-471.550832360624,412.31469474177203,51.7772832696033
15369,-398.737402560795,0,0,-250,20.2125999179964,-544.5,336.653538522919,38.8964589982896
15370,-452.38478279831804,0,0,-251,6.154815050384741,-471.55083236062796,238.05000000000098,25.9612345119243
15371,-387.610333614429,0,0,-252,0.426218120662341,-272.24999999999403,123.223747373307,12.989700891595499
15372,-256.557056433846,0,0,-253,-3.55705643384641,1.06826043124366e-12,-4.67032866221403e-13,1.27632689407137e-13
15373,-150.127731590979,0,0,-254,-32.1642833260716,272.249999999996,-123.22374737330799,-12.989700891595302
15374,-79.6018053341199,0,0,-255,-32.1414031828237,471.550832360629,-238.05000000000197,-25.9612345119235
15375,-139.61985617645598,0,0,-256,-52.5698586552518,544.5,-336.653538522915,-38.8964589982893
15376,-247.101865470085,0,0,-257,2.4392801806562,471.55083236063103,-412.314694741769,-51.7772832696031
15377,-494.400930128143,0,0,-258,15.8120480964798,272.24999999999903,-459.87728589622594,-64.5856923283965
15378,-916.8816985586129,0,0,-259,-104.477926102195,4.80177938129053e-12,-476.1,-77.3037724564235
15379,-1042.5511085856301,0,0,-260,39.4899135792054,-272.249999999991,-459.877285896227,-89.9137362686155
15380,-1237.8729653488301,0,0,-261,9.39050934391384,-471.550832360626,-412.31469474177203,-102.397947590348
15381,-1306.5522602378599,0,0,-262,-48.6597755917145,-544.5,-336.65353852291804,-114.738946123225
15382,-1242.27118702084,0,0,-263,-142.750882795331,-471.550832360626,-238.04999999999902,-126.91947186488599
15383,-793.640320623333,0,0,-264,4.75591599866125,-272.250000000004,-123.223747373312,-138.922489248678
15384,-393.536377582673,0,0,-265,22.194833386759896,4.80380159103026e-12,2.10017441459092e-12,-150.73121096943999
15385,59.7138778218874,0,0,-266,92.5692519106406,272.24999999999903,123.22374737331002,-162.329121462062
15386,238.953855172263,0,0,-267,-29.946977188357803,471.550832360623,238.049999999997,-173.7
15387,470.322778532399,0,0,-268,41.99718339091039,544.5,336.653538522916,-184.82794338142799
15388,316.35668047641497,0,0,-269,-102.81145845468201,471.550832360629,412.31469474177004,-195.69738817130198
15389,338.714606130823,0,0,-270,82.8804527028243,272.250000000009,459.877285896224,-206.29313246823398
15390,28.849310485780503,0,0,-271,40.349667651503296,1.0662382215039301e-12,476.1,-216.60035716572398
15391,-303.286044701688,0,0,-272,7.691316080098519,-272.24999999999403,459.87728589622594,-226.60464667801898
15392,-531.676709830219,0,0,-273,36.8514368902559,-471.55083236062796,412.314694741771,-236.292009101618
15393,-586.186263892897,0,0,-274,141.309093368393,-544.5,336.65353852291696,-245.648895784207
15394,-709.870008817133,0,0,-275,53.293043817175,-471.550832360624,238.04999999999802,-254.66222027368198
15395,-694.034652321562,0,0,-276,-5.68902307414134,-272.25000000000097,123.22374737331002,-263.31937662073
15396,-502.310172072607,0,0,-277,46.298084936790104,-6.9362780340381196e-12,3.0324719669472403e-12,-271.608257009394
15397,-399.565931247833,0,0,-278,8.92508481641638,272.250000000002,-123.223747373311,-279.51726869094
15398,-365.32090889781404,0,0,-279,-32.7863910610642,471.550832360625,-238.04999999999902,-287.035350197376
15399,-426.80722466127196,0,0,-280,-60.501699326453505,544.5,-336.653538522912,-294.151986811906
15400,-546.772275339439,0,0,-281,-24.1511876835813,471.550832360627,-412.314694741771,-300.85722527471404
15401,-710.780818872128,0,0,-282,65.9881547275925,272.25000000000597,-459.877285896225,-307.141687703501
15402,-1031.00068129718,0,0,-283,41.095903412108896,1.28063178465723e-11,-476.1,-312.9965847093
15403,-1376.19693504724,0,0,-284,-41.655921461783,-272.249999999997,-459.87728589622594,-318.41372768923
15404,-1491.20104482643,0,0,-285,1.05002255496896,-471.55083236062995,-412.31469474177004,-323.385540278997
15405,-1537.09850543647,0,0,-286,-42.0398979644269,-544.5,-336.653538522915,-327.905068949127
15406,-1367.0359272418302,0,0,-287,-38.4691021510932,-471.55083236062995,-238.05000000000197,-331.96599273010503
15407,-954.762056557551,0,0,-288,64.2743228685775,-272.249999999997,-123.223747373309,-335.562632052822
15408,-536.0501933063659,0,0,-289,91.6397633856041,-3.2007368742515196e-12,-1.39933041857773e-12,-338.689956691966
15409,-246.230167421117,0,0,-290,-10.360321993171,272.249999999992,123.22374737330601,-341.34359280124403
15410,180.13723476319402,0,0,-291,105.05623143317699,471.550832360627,238.05,-343.51982903061
15411,144.747716448218,0,0,-292,-99.190200357783,544.5,336.65353852291304,-345.215621716912
15412,347.937614490633,0,0,-293,103.500686528973,471.550832360633,412.314694741769,-346.42859914074205
15413,104.06622738378,0,0,-294,13.096006331041801,272.250000000003,459.877285896225,-347.15706484349
15414,-267.97617273370497,0,0,-295,-101.67617273369801,-6.404844098069269e-12,476.1,-347.4
15415,-372.21132628727,0,0,-296,83.31845265999479,-272.25,459.877285896225,-347.15706484349
15416,-743.845926459857,0,0,-297,-41.1811897002641,-471.550832360624,412.314694741773,-346.42859914074205
15417,-948.6614715114849,0,0,-298,-97.5993883174865,-544.5,336.653538522914,-345.215621716912
15418,-841.758499235261,0,0,-299,34.2621621559761,-471.55083236062796,238.05000000000098,-343.51982903061
15419,-813.100720047896,0,0,-300,-22.730874619958,-272.250000000008,123.223747373314,-341.34359280124403
15420,-632.850332140541,0,0,-301,6.83962455142434,5.34804285535077e-13,-2.3381112979178104e-13,-338.689956691966
15421,-506.540337492481,0,0,-302,-18.003958066345803,272.249999999995,-123.22374737330799,-335.562632052822
15422,-372.756068646916,0,0,-303,28.709091722564,471.55083236062103,-238.049999999996,-331.96599273010503
15423,-472.37123544433297,0,0,-304,-48.3126279722912,544.5,-336.653538522915,-327.905068949127
15424,-614.639050331846,0,0,-305,-45.489647671711204,471.55083236063103,-412.314694741769,-323.385540278997
15425,-823.408777295652,0,0,-306,-11.367763710195801,272.24999999999903,-459.877285896225,-318.41372768923
15426,-1228.15392496878,0,0,-307,-132.057340259489,5.335235526999121e-12,-476.1,-312.996584709301
15427,-1467.7234009257902,0,0,-308,-120.454427326059,-272.250000000004,-459.877285896225,-307.141687703502
15428,-1459.1341258132998,0,0,-309,34.5886265638145,-471.550832360626,-412.31469474177203,-300.85722527471404
15429,-1560.11796244211,0,0,-310,-74.8124371072884,-544.5,-336.65353852291804,-294.151986811906
15430,-1304.91259405084,0,0,-311,2.7235885071596404,-471.550832360626,-238.05,-287.035350197377
15431,-913.010138609956,0,0,-312,73.9808774543013,-272.250000000004,-123.223747373312,-279.517268690941
15432,-583.504016512439,0,0,-313,1.10424049697079,-1.1205275339533301e-11,-4.89883525174638e-12,-271.608257009394
15433,-194.016489104702,0,0,-314,-12.170859857279599,272.249999999998,123.223747373309,-263.319376620731
15434,90.2451365481735,0,0,-315,-49.6934755387644,471.550832360623,238.049999999997,-254.66222027368198
15435,264.639428048363,0,0,-316,-54.865214690346406,544.5,336.653538522916,-245.648895784207
15436,296.62408441633,0,0,-317,-33.9494335844517,471.550832360629,412.31469474177004,-236.29200910161703
15437,157.212339162189,0,0,-318,-30.310300056013798,272.249999999996,459.87728589622594,-226.60464667801898
15438,-47.805230441252,0,0,-319,11.695126724470502,1.59969436721252e-12,476.1,-216.60035716572398
15439,-364.07625302600405,0,0,-320,-25.4104064540024,-272.249999999993,459.87728589622594,-206.29313246823503
15440,-609.219944924224,0,0,-321,-33.2864191340646,-471.55083236062796,412.314694741771,-195.69738817130298
15441,-767.9368277769929,0,0,-322,-53.262422918481704,-544.5,336.65353852291696,-184.82794338142799
15442,-684.5041140923059,0,0,-323,45.6967182683224,-471.550832360632,238.05000000000402,-173.7
15443,-611.286877662552,0,0,-324,24.0684964262002,-272.25000000000097,123.223747373311,-162.329121462062
15444,-328.665844534276,0,0,-325,147.065366435168,-7.46973417974671e-12,3.26569370337687e-12,-150.73121096943999
15445,-241.437111362407,0,0,-326,74.4591252595879,272.249999999988,-123.22374737330401,-138.922489248678
15446,-206.843144494117,0,0,-327,13.5754950101423,471.550832360625,-238.04999999999802,-126.91947186488599
15447,-219.39786830071498,0,0,-328,15.4946163454264,544.5,-336.65353852291696,-114.738946123225
15448,-400.203453841343,0,0,-329,-28.041643869861804,471.550832360635,-412.31469474176805,-102.397947590349
15449,-649.370999793248,0,0,-330,-41.8299776284135,272.25000000000597,-459.877285896225,-89.91373626861579
15450,-864.162407132278,0,0,-331,20.241365324132897,1.33397739922809e-11,-476.1,-77.30377245642441
15451,-1130.50624145384,0,0,-332,-1.79326322921604,-272.249999999997,-459.87728589622594,-64.5856923283968
15452,-1306.6597469671901,0,0,-333,-38.016936595185705,-471.550832360629,-412.31469474177004,-51.7772832696028
15453,-1262.33442962148,0,0,-334,-8.28443210027756,-544.5,-336.653538522916,-38.8964589982896
15454,-1110.35430527107,0,0,-335,-39.792238398527005,-471.550832360623,-238.049999999997,-25.9612345119237
15455,-787.696845371337,0,0,-336,-43.233397106414,-272.25000000001097,-123.223747373316,-12.9897008915956
15456,-304.579186144245,0,0,-337,32.4208138557609,-3.73419301996011e-12,-1.6325521550073501e-12,-1.70176919209516e-13
15457,80.1736143965836,0,0,-338,9.710166131690901,272.249999999991,123.22374737330601,12.989700891595199
15458,503.030709579219,0,0,-339,106.468642706669,471.550832360627,238.05,25.961234511924
15459,598.0324524760131,0,0,-340,17.982454954810397,544.5,336.65353852291304,38.8964589982887
15460,657.886953347933,0,0,-341,63.24414297593229,471.550832360625,412.31469474177203,51.777283269603004
15461,534.481460385045,0,0,-342,79.76848216040929,272.250000000016,459.877285896223,64.58569232839591
15462,256.830677873899,0,0,-343,46.426905417466095,9.604232832494301e-12,476.1,77.3037724564235
15463,-101.45261559407301,0,0,-344,-34.9936377589148,-272.25,459.877285896225,89.913736268616
15464,-271.596395626323,0,0,-345,30.241794402180098,-471.550832360624,412.314694741773,102.397947590348
15465,-382.098855906867,0,0,-346,57.008659446993,-544.5,336.653538522914,114.738946123225
15466,-464.315900368315,0,0,-347,-10.7345398725729,-471.55083236062796,238.05000000000098,126.91947186488501
15467,-328.747172135705,0,0,-348,29.3565912423042,-272.249999999995,123.22374737330799,138.922489248678
15468,-232.919478023517,0,0,-349,-34.6506889929483,-1.54742726450285e-11,6.76519853654552e-12,150.73121096943999
15469,-80.28821125078171,0,0,-350,-41.6435853395303,272.249999999995,-123.22374737330799,162.329121462061
15470,15.205485215123199,0,0,-351,-40.995347145501796,471.55083236062103,-238.049999999995,173.7
15471,40.758054951158705,0,0,-352,0.0836500926450621,544.5,-336.653538522914,184.82794338142799
15472,-127.271044934011,0,0,-353,-29.2045707241748,471.55083236063103,-412.314694741769,195.69738817130198
15473,-279.364055357797,0,0,-354,55.970098070194396,272.25,-459.877285896225,206.29313246823398
15474,-580.106823478498,0,0,-355,34.3928193557872,-9.606929112147279e-12,-476.1,216.60035716572398
15475,-874.0019280571299,0,0,-356,-12.479288838933199,-272.24999999999,-459.877285896227,226.60464667801898
15476,-1017.9904013734599,0,0,-357,-13.4168833726814,-471.550832360625,-412.31469474177203,236.292009101618
15477,-1043.2652872610902,0,0,-358,-49.7606445223736,-544.5,-336.65353852291804,245.64889578420602
15478,-695.449780589419,0,0,-359,118.488831497526,-471.550832360627,-238.05,254.66222027368198
15479,-404.74581503973604,0,0,-360,87.4085557128518,-272.250000000005,-123.223747373313,263.31937662073
15480,-182.82404087506802,0,0,-361,-93.43229788446699,3.736889299613089e-12,1.63373094173167e-12,271.608257009393
15481,327.553088956674,0,0,-362,14.562072892446,272.249999999985,123.223747373303,279.51726869094
15482,633.415486039364,0,0,-363,-0.220696518631709,471.550832360623,238.049999999997,287.035350197376
15483,953.899021820923,0,0,-364,142.593496486102,544.5,336.653538522916,294.151986811906
15484,846.779112452679,0,0,-365,27.0563600755649,471.550832360629,412.31469474177004,300.85722527471404
15485,564.5006371568251,0,0,-366,-108.768336442899,272.249999999997,459.87728589622594,307.141687703501
15486,261.758419210201,0,0,-367,-160.338165499101,2.1331505129211e-12,476.1,312.9965847093
15487,86.8853777507913,0,0,-368,-51.1556358346568,-272.25000000000597,459.877285896225,318.41372768923
15488,-140.467058397334,0,0,-369,-35.616461057485,-471.55083236062006,412.31469474177396,323.385540278996
15489,-217.97481885419998,0,0,-370,31.9665736737559,-544.5,336.65353852291696,327.905068949127
15490,-371.019699953351,0,0,-371,-98.4848603228278,-471.550832360632,238.05000000000402,331.96599273010503
15491,-245.370825078587,0,0,-372,-59.9072045047184,-272.250000000002,123.223747373311,335.562632052822
15492,25.0296554658344,0,0,-373,59.3396987738735,-8.00319032545529e-12,3.49891543980649e-12,338.689956691965
15493,92.1661833259363,0,0,-374,-24.2036621019985,272.25000000000097,-123.223747373311,341.34359280124403
15494,130.86604002163202,0,0,-375,-71.1546213696057,471.550832360632,-238.05000000000402,343.51982903061
15495,64.3107749428905,0,0,-376,-112.75130825111,544.5,-336.653538522912,345.215621716912
15496,59.4018861153996,0,0,-377,30.7371493558008,471.55083236062796,-412.314694741771,346.42859914074205
15497,-174.59853141596,0,0,-378,43.8716896367685,272.250000000007,-459.877285896225,347.15706484349
15498,-546.684900479791,0,0,-379,-38.984900479789204,-1.6023906468654998e-12,-476.1,347.4
15499,-637.33573305254,0,0,-380,127.634488000192,-272.249999999996,-459.87728589622594,347.15706484349
15500,-959.571536639942,0,0,-381,-41.1346086782841,-471.550832360629,-412.31469474177004,346.42859914074205
15501,-879.705953557934,0,0,-382,38.2319632480735,-544.5,-336.65353852292003,345.215621716913
15502,-725.731374088651,0,0,-383,23.349629241372398,-471.55083236063103,-238.05000000000302,343.51982903061
15503,-442.153210085645,0,0,-384,-4.02305551356148,-272.250000000012,-123.223747373316,341.34359280124403
15504,31.764470581214102,0,0,-385,78.07451388925459,-4.2676491656687e-12,-1.8657738914369797e-12,338.689956691966
15505,343.14172821403304,0,0,-386,-1.89465121210623,272.250000000004,123.223747373312,335.562632052822
15506,771.206354178716,0,0,-387,116.639529087985,471.550832360626,238.05,331.96599273010503
15507,770.752023061353,0,0,-388,-50.30658441069139,544.5,336.65353852291804,327.905068949127
15508,867.4469323494451,0,0,-389,49.1958649680466,471.550832360634,412.31469474176805,323.385540278997
15509,666.0324226867331,0,0,-390,5.491409101274621,272.250000000004,459.877285896225,318.41372768923
15510,427.69248885244696,0,0,-391,29.595904143136202,1.01376889782029e-11,476.1,312.996584709301
15511,78.1686707187753,0,0,-392,-24.6003028809525,-272.24999999999903,459.877285896225,307.141687703502
15512,-94.48216496940269,0,0,-393,56.8967473747336,-471.550832360623,412.314694741773,300.85722527471404
15513,-359.124901216162,0,0,-394,-51.430426550982,-544.5,336.653538522915,294.151986811906
15514,-406.988795640393,0,0,-395,-65.5233134771407,-471.550832360636,238.05000000000703,287.035350197377
15515,-248.024094143338,0,0,-396,17.4848897924157,-272.250000000009,123.223747373314,279.517268690941
15516,-99.2472003260953,0,0,-397,26.1445426645117,-5.32108005882098e-13,2.3263234306746303e-13,271.608257009393
15517,-93.2270821763056,0,0,-398,-107.57271142372299,272.24999999999403,-123.223747373307,263.319376620731
15518,101.922526733762,0,0,-399,12.759474099453499,471.55083236062796,-238.05000000000098,254.66222027368198
15519,126.720861842401,0,0,-400,73.22550458110841,544.5,-336.653538522914,245.648895784207
15520,-176.818094945744,0,0,-401,-71.34624166621309,471.550832360624,-412.314694741773,236.29200910161703
15521,-412.09352957157404,0,0,-402,-49.070890353383895,272.250000000014,-459.877285896224,226.60464667802003
15522,-697.475122598452,0,0,-403,-34.9754797641825,6.40214781841629e-12,-476.1,216.60035716572398
15523,-899.7029978422279,0,0,-404,30.1311555857537,-272.24999999998903,-459.877285896227,206.29313246823503
15524,-1036.12718991459,0,0,-405,57.040949016506204,-471.550832360625,-412.31469474177203,195.69738817130298
15525,-1126.12845127704,0,0,-406,-23.802856135553103,-544.5,-336.65353852291804,184.82794338142799
15526,-975.520829339678,0,0,-407,-32.6199969790514,-471.550832360627,-238.05,173.7
15527,-742.489503659765,0,0,-408,-101.344877748529,-272.249999999992,-123.22374737330601,162.329121462062
15528,-380.82576620552595,0,0,-409,-122.556977174949,-1.22721876309505e-11,-5.36527872460562e-12,150.73121096943999
15529,105.31907370696,0,0,-410,-19.0771629150237,272.249999999997,123.223747373309,138.922489248678
15530,425.979781033098,0,0,-411,0.459476807593421,471.55083236062205,238.049999999997,126.91947186488599
15531,1790.80144505738,1,0,-412,22.5198873527388,544.5,336.653538522915,114.738946123225
15532,633.905524454507,0,0,-413,60.6420497617582,471.55083236062995,412.31469474177004,102.397947590349
15533,453.34523870391297,0,0,-414,45.3042165390739,272.249999999997,459.87728589622594,89.91373626861579
15534,90.1250267058769,0,0,-415,-48.278745750565605,1.81422274434847e-11,476.1,77.30377245642441
15535,-156.443115482162,0,0,-416,7.34390629320704,-272.249999999992,459.87728589622594,64.5856923283968
15536,-376.26007017904,0,0,-417,48.198784170212704,-471.550832360627,412.314694741771,51.7772832696028
15537,-517.0350396536061,0,0,-418,69.9149628251874,-544.5,336.65353852291696,38.8964589982897
15538,-533.365681333904,0,0,-419,93.1739165147989,-471.550832360625,238.04999999999902,25.9612345119238
15539,-468.400187302345,0,0,-420,87.63636443275058,-272.250000000002,123.223747373311,12.9897008915956
15540,-494.35958684391,0,0,-421,-73.35958684391409,6.9389743136911e-12,-3.0336507536715604e-12,2.1272114901189498e-13
15541,-264.89794400497897,0,0,-422,21.065504259933,272.249999999987,-123.22374737330401,-12.989700891595199
15542,-121.43651205539899,0,0,-423,94.0238900958988,471.550832360624,-238.04999999999802,-25.961234511924
15543,-382.118478416531,0,0,-424,-127.06848089533001,544.5,-336.653538522912,-38.8964589982886
15544,-406.845634843444,0,0,-425,10.6955108073016,471.55083236062796,-412.314694741771,-51.777283269603004
15545,-729.581001517508,0,0,-426,-51.36802329289479,272.250000000007,-459.877285896225,-64.5856923283958
15546,-997.086362771469,0,0,-427,-16.6825903150445,-1.0689345011569102e-12,-476.1,-77.3037724564234
15547,-1254.2592692333699,0,0,-428,-4.2182470685209195,-272.250000000009,-459.877285896224,-89.913736268616
15548,-1412.1031400632698,0,0,-429,3.1603346294749906,-471.55083236062103,-412.31469474177396,-102.397947590348
15549,-1475.1459638419,0,0,-430,-49.253479195756796,-544.5,-336.653538522916,-114.738946123225
15550,-1198.42540341769,0,0,-431,69.0949008078263,-471.55083236063103,-238.05000000000302,-126.91947186488599
15551,-909.355401464655,0,0,-432,57.0408351573312,-272.24999999999903,-123.22374737331002,-138.922489248678
15552,-568.3745281659819,0,0,-433,15.356682803464198,-4.80110531137728e-12,-2.0989956278666002e-12,-150.73121096943999
15553,-172.029166838914,0,0,-434,28.8262072498312,272.250000000004,123.223747373312,-162.329121462061
15554,197.08443461268902,0,0,-435,96.18360225207711,471.55083236061796,238.04999999999401,-173.7
15555,242.171270901311,0,0,-436,-18.154324240174198,544.5,336.65353852291304,-184.827943381427
15556,248.898367042386,0,0,-437,-2.26977188871405,471.550832360634,412.31469474176805,-195.69738817130198
15557,34.0191340853046,0,0,-438,-53.8150193426903,272.250000000004,459.877285896225,-206.29313246823398
15558,-238.106903831479,0,0,-439,-58.606546665749796,-4.80447566094351e-12,476.1,-216.60035716572398
15559,-506.304903748965,0,0,-440,-27.327542967172498,-272.24999999999903,459.87728589622594,-226.60464667802003
15560,-666.383935303827,0,0,-441,70.1442114166524,-471.55083236063103,412.314694741769,-236.292009101618
15561,-959.596291822128,0,0,-442,-64.1009345608408,-544.5,336.65353852292003,-245.648895784207
15562,-898.426464669332,0,0,-443,32.736587964977105,-471.550832360629,238.05000000000197,-254.66222027368198
15563,-785.100849012554,0,0,-444,71.2447802348708,-272.250000000009,123.22374737331499,-263.31937662073
15564,-722.088473567944,0,0,-445,-5.480216558549889,-1.06556415159068e-12,4.658540794970839e-13,-271.608257009393
15565,-612.1337190921649,0,0,-446,-35.6427030279115,272.24999999999403,-123.223747373307,-279.51726869094
15566,-495.76409500908096,0,0,-447,4.770422827668599,471.55083236062796,-238.05000000000098,-287.035350197376
15567,-443.26540570185,0,0,-448,91.04011963296541,544.5,-336.653538522909,-294.151986811906
15568,-747.165933829801,0,0,-449,-56.544846173950205,471.550832360632,-412.314694741769,-300.85722527471404
15569,-1011.8304769722599,0,0,-450,-67.06150337252971,272.25000000000097,-459.877285896225,-307.141687703502
15570,-1266.0195159975,0,0,-451,-25.922931288205298,6.935603964124881e-12,-476.1,-312.9965847093
15571,-1478.6343339884602,0,0,-452,23.9066795969984,-272.250000000002,-459.877285896225,-318.41372768923
15572,-1632.1057326997302,0,0,-453,28.1453346816641,-471.550832360625,-412.31469474177203,-323.385540278997
15573,-1731.4470007477498,0,0,-454,-68.3883932757063,-544.5,-336.653538522914,-327.905068949127
15574,-1472.41123392961,0,0,-455,24.155591161138396,-471.550832360635,-238.05000000000598,-331.96599273010503
15575,-1121.64819068004,0,0,-456,65.3881887460973,-272.25000000000597,-123.223747373313,-335.562632052822
15576,-802.965068154993,0,0,-457,-7.275111463009139,-1.28056437766591e-11,-5.59850046103525e-12,-338.689956691966
15577,-422.91517949359,0,0,-458,-19.045334065650998,272.249999999997,123.223747373309,-341.34359280124403
15578,-36.0776091081314,0,0,-459,56.8413875618599,471.55083236062205,238.049999999996,-343.51982903061
15579,144.62391941023398,0,0,-460,68.6860026042311,544.5,336.653538522915,-345.215621716912
15580,66.85282866990089,0,0,-461,-9.584099291752619,471.55083236062205,412.314694741773,-346.42859914074205
15581,-48.6030283536136,0,0,-462,28.4267505936412,272.25000000001097,459.877285896224,-347.15706484349
15582,-300.345085414619,0,0,-463,33.954914585377495,3.20006280433828e-12,476.1,-347.4
15583,-719.425173492,0,0,-464,-95.89539454474492,-272.249999999992,459.877285896227,-347.15706484349
15584,-870.0619584376641,0,0,-465,0.6027783219335899,-471.550832360627,412.314694741771,-346.42859914074205
15585,-1092.00235862554,0,0,-466,-72.9402754315399,-544.5,336.65353852291696,-345.215621716912
15586,-1088.65996681864,0,0,-467,-44.639305427406796,-471.550832360625,238.04999999999902,-343.51982903061
15587,-1022.9731137978599,0,0,-468,-64.6032683699154,-272.250000000016,123.223747373318,-341.34359280124403
15588,-745.2412124975881,0,0,-469,62.4487441943825,-9.070102616872472e-12,3.96535891266573e-12,-338.689956691966
15589,-647.092431279476,0,0,-470,9.44394814666289,272.249999999987,-123.22374737330401,-335.562632052822
15590,-471.17640218269304,0,0,-471,98.28875818678591,471.550832360624,-238.04999999999802,-331.96599273010503
15591,-641.192759276418,0,0,-472,-49.13415180437429,544.5,-336.653538522916,-327.905068949127
15592,-831.691028811281,0,0,-473,-94.5416261511422,471.55083236062796,-412.314694741771,-323.385540278997
15593,-1086.9025618088401,0,0,-474,-106.86154822338001,272.24999999999403,-459.87728589622594,-318.41372768923
15594,-1219.20277674847,0,0,-475,44.8938079608144,1.49401424294067e-11,-476.1,-312.996584709301
15595,-1609.29859425602,0,0,-476,-94.0296206562991,-272.249999999995,-459.87728589622594,-307.141687703501
15596,-1642.1799216080099,0,0,-477,19.5428307690998,-471.55083236062103,-412.31469474177396,-300.857225274715
15597,-1660.48761707097,0,0,-478,-7.1820917361445495,-544.5,-336.653538522916,-294.151986811906
15598,-1453.56540399051,0,0,-479,22.0707785674967,-471.55083236063103,-238.05000000000302,-287.035350197377
15599,-1075.94278627151,0,0,-480,79.0482297927399,-272.24999999999903,-123.22374737331002,-279.517268690941
15600,-808.8760387240351,0,0,-481,-56.2677817146113,-2.0810182241940896e-11,-9.09800529420389e-12,-271.608257009394
15601,-312.316218039536,0,0,-482,37.529411207898995,272.24999999999,123.223747373305,-263.319376620731
15602,-12.424876596977,0,0,-483,15.636511316080101,471.550832360626,238.04999999999902,-254.66222027368198
15603,108.385572189843,0,0,-484,-43.119070548862105,544.5,336.65353852291304,-245.648895784207
15604,185.34757427337502,0,0,-485,22.7740562725946,471.550832360626,412.31469474177203,-236.29200910161703
15605,45.1955673065909,0,0,-486,25.6729280883815,272.250000000004,459.877285896225,-226.60464667802003
15606,-29.8270356668521,0,0,-487,197.673321498876,-4.27101951523492e-12,476.1,-216.60035716572398
15607,-506.693837489915,0,0,-488,-0.0279909179224058,-272.249999999985,459.877285896227,-206.29313246823503
15608,-777.157536594298,0,0,-489,-33.2240108041459,-471.550832360623,412.314694741773,-195.69738817130198
15609,-796.2608261879891,0,0,-490,86.41357867052031,-544.5,336.65353852292003,-184.82794338142898
15610,-931.641842209242,0,0,-491,-33.4410098486141,-471.550832360629,238.05000000000197,-173.7
15611,-701.764036185302,0,0,-492,101.591337903447,-272.249999999996,123.22374737330799,-162.329121462062
15612,-635.900891971253,0,0,-493,7.830318998196349,-1.70746410821543e-11,7.46486374583438e-12,-150.73121096943999
15613,-462.516902238179,0,0,-494,21.379334383813102,272.249999999993,-123.223747373307,-138.922489248678
15614,-391.38324448635495,0,0,-495,-2.9646049820955698,471.55083236062796,-238.05000000000098,-126.91947186488599
15615,-437.193489518398,0,0,-496,-34.3010048722541,544.5,-336.653538522919,-114.738946123226
15616,-543.180524457155,0,0,-497,-3.01871448566969,471.550832360632,-412.314694741769,-102.397947590349
15617,-814.1333581061231,0,0,-498,-38.5923359412839,272.25000000000097,-459.877285896225,-89.91373626861531
15618,-1144.70474990539,0,0,-499,-92.3009774489851,2.2944680894688397e-11,-476.1,-77.3037724564245
15619,-1250.5297918097501,0,0,-500,46.183186414866505,-272.249999999988,-459.877285896227,-64.5856923283963
15620,-1482.9292217586099,0,0,-501,-46.2864113866081,-471.550832360625,-412.31469474177203,-51.7772832696041
15621,-1391.42664088612,0,0,-502,30.623356635078302,-544.5,-336.653538522914,-38.896458998289106
15622,-1326.89680893641,0,0,-503,-88.334742063871,-471.55083236062006,-238.049999999995,-25.9612345119238
15623,-996.0478766699541,0,0,-504,-83.5844284050389,-272.25000000000597,-123.223747373313,-12.9897008915957
15624,-594.105271105866,0,0,-505,-89.10527110586858,2.13652086248733e-12,9.34065732442807e-13,-2.55265378814274e-13
15625,-0.577159980150626,0,0,-506,96.9593917549691,272.249999999983,123.223747373302,12.989700891595199
15626,241.45144722743598,0,0,-507,12.889380354894302,471.55083236062205,238.049999999996,25.961234511923298
15627,440.24839566222397,0,0,-508,28.198398141020604,544.5,336.653538522915,38.8964589982886
15628,350.830572103405,0,0,-509,-75.8122382685926,471.550832360623,412.314694741773,51.7772832696023
15629,293.46262250257,0,0,-510,6.74964427793923,272.25000000001097,459.877285896224,64.5856923283958
15630,-31.173428205673197,0,0,-511,-73.577200662101,3.73351895004686e-12,476.1,77.303772456424
15631,-259.37347070236,0,0,-512,-24.914492867224897,-272.249999999978,459.87728589622805,89.91373626861478
15632,-466.275628784786,0,0,-513,3.56256124370946,-471.550832360619,412.314694741775,102.397947590348
15633,-565.115202351185,0,0,-514,41.9923130026721,-544.5,336.65353852291696,114.738946123225
15634,-679.326482000242,0,0,-515,-57.7451215045008,-471.550832360625,238.04999999999902,126.91947186488599
15635,-533.170767639663,0,0,-516,-7.0670042616565,-272.24999999999,123.223747373305,138.922489248678
15636,-300.915955575037,0,0,-517,65.3528334555285,-9.60355876258106e-12,4.19858064909535e-12,150.731210969439
15637,-234.462499915433,0,0,-518,-27.817874004184603,272.25,-123.22374737331002,162.329121462061
15638,-41.9143638709947,0,0,-519,69.8848037683816,471.55083236061597,-238.049999999992,173.7
15639,-240.375919706459,0,0,-520,-113.050324564975,544.5,-336.653538522911,184.827943381427
15640,-297.088906467629,0,0,-521,-31.022432257789102,471.55083236062796,-412.314694741771,195.69738817130198
15641,-342.225452144266,0,0,-522,161.108701283732,272.249999999995,-459.87728589622594,206.29313246823398
15642,-765.0406758877381,0,0,-523,17.458966946523198,1.5473598575115198e-11,-476.1,216.600357165723
15643,-1050.0702609304499,0,0,-524,-20.5476217122459,-272.249999999995,-459.87728589622594,226.60464667801898
15644,-1173.6566560004198,0,0,-525,-1.0831379996424,-471.55083236062796,-412.314694741771,236.292009101618
15645,-1172.7028470386801,0,0,-526,-11.198204299969401,-544.5,-336.653538522921,245.648895784207
15646,-917.030020166908,0,0,-527,64.90859192004521,-471.55083236063103,-238.05000000000302,254.66222027368198
15647,-738.176610064581,0,0,-528,-78.0222393120017,-272.25,-123.22374737331002,263.31937662073
15648,-313.802644878698,0,0,-529,-56.410901888104895,9.60760318206052e-12,4.20034882918183e-12,271.608257009393
15649,165.970087397723,0,0,-530,20.9790713334884,272.24999999999,123.223747373305,279.51726869094
15650,485.639988881511,0,0,-531,20.0038063235103,471.550832360625,238.04999999999902,287.035350197376
15651,677.109110493683,0,0,-532,33.8035851588696,544.5,336.653538522908,294.151986811906
15652,636.352270170946,0,0,-533,-15.370482206170301,471.550832360634,412.31469474176805,300.85722527471404
15653,501.15250726529604,0,0,-534,-4.116466334434859,272.250000000005,459.877285896225,307.141687703501
15654,226.44613218111698,0,0,-535,-27.650452528179002,-3.73756336952633e-12,476.1,312.9965847093
15655,-83.502808789057,0,0,-536,-53.5438223744994,-272.25000000001097,459.877285896224,318.41372768923
15656,-218.218711639084,0,0,-537,54.631885700768606,-471.550832360623,412.314694741773,323.385540278997
15657,-469.037909059379,0,0,-538,-51.0965165314208,-544.5,336.653538522915,327.905068949127
15658,-484.312952772859,0,0,-539,-43.778113142334696,-471.550832360637,238.050000000008,331.96599273010503
15659,-316.66257128221,0,0,-540,36.801049291662295,-272.25000000001,123.22374737331499,335.562632052822
15660,-214.53558479408298,0,0,-541,-12.225541486047401,-2.1324764430078602e-12,9.32297552356328e-13,338.689956691966
15661,-62.2662416422273,0,0,-542,-10.636087070164699,272.25000000000597,-123.223747373313,341.34359280124403
15662,99.71182943392651,0,0,-543,65.6911680426919,471.55083236062006,-238.049999999995,343.51982903061
15663,47.30126307754029,0,0,-544,38.2391798835417,544.5,-336.653538522914,345.215621716912
15664,-32.6583959478122,0,0,-545,106.676867292593,471.550832360625,-412.31469474177203,346.42859914074205
15665,-477.15080737155404,0,0,-546,-90.68058631883541,272.250000000015,-459.877285896223,347.15706484349
15666,-604.968085438567,0,0,-547,70.7319145614249,8.002516255542049e-12,-476.1,347.4
15667,-887.321013202132,0,0,-548,45.6492078506043,-272.25000000000097,-459.877285896225,347.15706484349
15668,-1005.9281577364699,0,0,-549,80.5087702251914,-471.550832360632,-412.314694741769,346.42859914074205
15669,-1105.23741892097,0,0,-550,-19.2995021149659,-544.5,-336.653538522919,345.215621716912
15670,-860.969882081965,0,0,-551,56.1111212480531,-471.55083236062796,-238.05000000000098,343.51982903061
15671,-605.337026498025,0,0,-552,0.793128074070872,-272.25000000002,-123.22374737332,341.34359280124403
15672,-234.52320088087998,0,0,-553,-20.213157572826,-1.3872556068076199e-11,-6.06494393389449e-12,338.689956691966
15673,189.70903902544498,0,0,-554,12.6726595993185,272.249999999996,123.22374737330799,335.562632052822
15674,507.124943590276,0,0,-555,20.5581184995395,471.550832360629,238.05000000000197,331.96599273010503
15675,677.990257497902,0,0,-556,24.931650025855603,544.5,336.65353852292003,327.905068949127
15676,681.074066292669,0,0,-557,30.8229989112722,471.55083236063103,412.31469474177004,323.385540278997
15677,467.47147657104205,0,0,-558,-25.069537014411896,272.249999999998,459.87728589622594,318.41372768923
15678,222.86641881689,0,0,-559,-7.23016589243012,1.97425958806104e-11,476.1,312.996584709301
15679,-94.9400375093022,0,0,-560,-29.709011109039196,-272.249999999991,459.877285896227,307.141687703501
15680,-344.912560587413,0,0,-561,-25.533648243273102,-471.550832360626,412.31469474177203,300.857225274715
15681,-459.35419023814904,0,0,-562,16.340284427032,-544.5,336.65353852291304,294.151986811906
15682,-529.636464116598,0,0,-563,-20.1709819533466,-471.550832360634,238.05000000000499,287.035350197377
15683,-425.703281689806,0,0,-564,7.805702245945049,-272.250000000004,123.223747373312,279.517268690941
15684,-306.40083414269,0,0,-565,-13.0090911520695,-2.56126356931446e-11,1.11975903154327e-11,271.608257009394
15685,-16.189967255400802,0,0,-566,137.464403497186,272.249999999986,-123.223747373303,263.319376620731
15686,-131.99201031824498,0,0,-567,-53.1550629525521,471.550832360623,-238.049999999997,254.662220273681
15687,-151.745205978504,0,0,-568,-37.2405632397954,544.5,-336.653538522916,245.648895784207
15688,-278.13364947482,0,0,-569,-4.6617961952841105,471.55083236062103,-412.31469474177396,236.29200910161703
15689,-496.12379206816297,0,0,-570,34.8988471500323,272.250000000009,-459.877285896224,226.60464667802003
15690,-855.144211503694,0,0,-571,-24.644568669417897,5.31433935968853e-13,-476.1,216.60035716572398
15691,-996.730575225892,0,0,-572,101.103578202081,-272.249999999981,-459.87728589622805,206.29313246823503
15692,-1270.39178730035,0,0,-573,-9.22364836925933,-471.55083236062006,-412.31469474177396,195.69738817130198
15693,-1199.79387284529,0,0,-574,70.53172229619442,-544.5,-336.653538522916,184.82794338142898
15694,-1017.1228624452699,0,0,-575,93.77796991534979,-471.550832360624,-238.04999999999802,173.7
15695,-885.06874387034,0,0,-576,-75.924117959071,-272.250000000014,-123.223747373317,162.329121462062
15696,-407.953599852602,0,0,-577,18.3151891779676,-6.401473748503039e-12,-2.79866083715546e-12,150.73121096943999
15697,-36.064802870854294,0,0,-578,7.53896050715342,272.250000000003,123.223747373311,138.922489248678
15698,1478.72590667625,1,0,-579,36.8165293922542,471.55083236061796,238.049999999993,126.91947186488599
15699,472.42943374665197,0,0,-580,56.536949100514704,544.5,336.653538522912,114.738946123224
15700,414.219453158674,0,0,-581,8.95597846592745,471.550832360627,412.314694741771,102.397947590349
15701,118.38190276666799,0,0,-582,-121.65911939816601,272.249999999992,459.877285896227,89.91373626861531
15702,-7.18789745172031,0,0,-583,22.4083300918428,1.2271513561037198e-11,476.1,77.3037724564245
15703,-351.40144720429396,0,0,-584,-19.6144254289189,-272.249999999997,459.87728589622594,64.5856923283963
15704,-507.228092298782,0,0,-585,85.2307620504522,-471.550832360615,412.314694741777,51.7772832696041
15705,-770.754632596452,0,0,-586,-15.804630117660999,-544.5,336.65353852292003,38.896458998289106
15706,-757.4186513953019,0,0,-587,37.1209464534009,-471.55083236062995,238.05000000000197,25.961234511925102
15707,-783.999872474702,0,0,-588,-59.96332073960979,-272.249999999997,123.223747373309,12.9897008915957
15708,-617.015391445804,0,0,-589,-28.0153914458113,1.2809688196138501e-11,-5.60026864112172e-12,2.9780960861665304e-13
15709,-416.050815668353,0,0,-590,37.9126325965564,272.249999999992,-123.22374737330601,-12.989700891595099
15710,-380.25032790472505,0,0,-591,3.21007424657138,471.550832360627,-238.05,-25.961234511923298
15711,-496.57953930028503,0,0,-592,-73.5295417790875,544.5,-336.653538522909,-38.8964589982886
15712,-564.823658643018,0,0,-593,20.7174870077213,471.550832360633,-412.314694741769,-51.7772832696035
15713,-929.248998947954,0,0,-594,-83.0360207233348,272.250000000002,-459.877285896225,-64.5856923283957
15714,-1088.80535198843,0,0,-595,59.5984204680005,-6.93964838360434e-12,-476.1,-77.3037724564239
15715,-1504.44559419979,0,0,-596,-86.40457203496089,-272.249999999987,-459.877285896227,-89.91373626861478
15716,-1667.00849740988,0,0,-597,-83.7450227171307,-471.550832360624,-412.31469474177203,-102.397947590348
15717,-1556.4787293620498,0,0,-598,37.4137552840992,-544.5,-336.653538522924,-114.738946123224
15718,-1489.3152336875303,0,0,-599,-53.7949294620055,-471.550832360636,-238.05000000000703,-126.91947186488599
15719,-1077.81313165593,0,0,-600,56.5831049660674,-272.250000000007,-123.223747373314,-138.922489248678
15720,-676.085389287137,0,0,-601,75.64582168230129,1.06960857107015e-12,4.67622259583563e-13,-150.731210969439
15721,-324.027570873112,0,0,-602,44.827803215626105,272.250000000009,123.22374737331499,-162.329121462061
15722,-91.39758497445801,0,0,-603,-24.2984173350754,471.55083236062103,238.049999999996,-173.7
15723,153.567765010635,0,0,-604,61.2421698691475,544.5,336.653538522915,-184.827943381427
15724,79.3109041874209,0,0,-605,-3.85723474368219,471.55083236063905,412.31469474176595,-195.69738817130198
15725,-133.687729998292,0,0,-606,-53.5218834262928,272.250000000012,459.877285896224,-206.29313246823503
15726,-307.943059953511,0,0,-607,39.5572972122072,4.8004312414640404e-12,476.1,-216.600357165723
15727,-646.344935623116,0,0,-608,0.632425158682805,-272.250000000004,459.877285896225,-226.60464667801898
15728,-836.04001893828,0,0,-609,68.4881277821799,-471.55083236061796,412.314694741775,-236.29200910161703
15729,-1000.05371896416,0,0,-610,63.4416382971286,-544.5,336.65353852291804,-245.648895784207
15730,-1044.88529492899,0,0,-611,54.2777577053193,-471.550832360626,238.04999999999902,-254.66222027368198
15731,-1044.62238672124,0,0,-612,-20.2767574738068,-272.250000000017,123.223747373319,-263.31937662073
15732,-967.315249194606,0,0,-613,-82.7069921852067,-1.06704710539982e-11,4.6650241219546e-12,-271.608257009393
15733,-835.155842887404,0,0,-614,-90.6648268231526,272.24999999999903,-123.22374737331002,-279.51726869094
15734,-643.468228125139,0,0,-615,25.0662897116093,471.55083236063103,-238.05000000000302,-287.035350197376
15735,-676.536034584141,0,0,-616,25.769490750675203,544.5,-336.653538522911,-294.151986811906
15736,-892.09493294851,0,0,-617,-33.4738452926548,471.550832360629,-412.31469474177004,-300.85722527471404
15737,-1133.31042848331,0,0,-618,-20.5414548836115,272.250000000022,-459.877285896222,-307.141687703501
15738,-1356.9208312644698,0,0,-619,51.1757534448125,1.6540510866532398e-11,-476.1,-312.996584709301
15739,-1704.32342015531,0,0,-620,-33.7824065698597,-272.24999999999403,-459.87728589622594,-318.41372768923
15740,-1880.61807151728,0,0,-621,-52.3670041358809,-471.55083236062796,-412.314694741771,-323.385540278997
15741,-1764.4645625891699,0,0,-622,66.5940448828638,-544.5,-336.653538522912,-327.905068949127
15742,-1589.52972935481,0,0,-623,75.03709573592991,-471.550832360632,-238.05000000000402,-331.96599273010503
15743,-1356.08463209515,0,0,-624,-1.04825266902037,-272.25000000000097,-123.22374737331002,-335.562632052822
15744,-944.5667190965199,0,0,-625,19.1232375954779,-2.2410550679066603e-11,-9.79767050349276e-12,-338.689956691966
15745,-582.785314928637,0,0,-626,-10.9154695006859,272.24999999998903,123.223747373305,-341.34359280124403
15746,-286.515821227809,0,0,-627,-25.5968245578231,471.550832360625,238.04999999999902,-343.51982903061
15747,-63.47212341799629,0,0,-628,28.5899597759991,544.5,336.65353852291696,-345.215621716912
15748,-142.060982865193,0,0,-629,-50.49791082685329,471.550832360635,412.31469474176805,-346.42859914074205
15749,-236.08084683579602,0,0,-630,8.9489321114635,272.25000000000597,459.877285896225,-347.15706484349
15750,-490.277090523469,0,0,-631,12.022909476534199,-2.6706510781091602e-12,476.1,-347.4
15751,-831.7265831049741,0,0,-632,-40.1968041577284,-272.249999999984,459.87728589622805,-347.15706484349
15752,-1001.0119431003999,0,0,-633,37.6527936591942,-471.55083236062205,412.314694741773,-346.42859914074205
15753,-1128.13422448407,0,0,-634,58.9278587099244,-544.5,336.653538522915,-345.215621716912
15754,-1284.13004104892,0,0,-635,-72.1093796576888,-471.55083236062205,238.049999999997,-343.51982903061
15755,-1275.7926530444,0,0,-636,-149.422807616456,-272.25000000001097,123.22374737331499,-341.34359280124403
15756,-1005.11674907553,0,0,-637,-29.4267923835673,-3.19938873442503e-12,1.3987410252155702e-12,-338.689956691966
15757,-888.243940272594,0,0,-638,-63.7075608464503,272.24999999997897,-123.2237473733,-335.562632052822
15758,-699.8083804259219,0,0,-639,37.656779943558504,471.550832360619,-238.04999999999401,-331.96599273010503
15759,-699.9444309012159,0,0,-640,60.114176570824796,544.5,-336.65353852291304,-327.905068949127
15760,-807.117241783508,0,0,-641,98.0321608766352,471.550832360625,-412.31469474177203,-323.385540278997
15761,-1153.07662845247,0,0,-642,-5.03561486700511,272.24999999998903,-459.877285896227,-318.41372768923
15762,-1383.05864245037,0,0,-643,49.0379422589168,9.069428546959221e-12,-476.1,-312.996584709301
15763,-1770.77452641387,0,0,-644,-87.50555281414749,-272.25,-459.877285896225,-307.141687703501
15764,-1874.89110325815,0,0,-645,-45.168350881048696,-471.55083236061597,-412.31469474177595,-300.85722527471404
15765,-1865.89590046505,0,0,-646,-44.5903751302217,-544.5,-336.653538522919,-294.151986811906
15766,-1653.7401836703302,0,0,-647,-10.1040011123201,-471.55083236062796,-238.05000000000098,-287.035350197377
15767,-1236.36830790468,0,0,-648,86.62270815956239,-272.24999999999403,-123.223747373307,-279.517268690941
15768,-934.3527277934129,0,0,-649,-13.7444707839976,-1.49394683594934e-11,-6.53138740675373e-12,-271.608257009394
15769,-535.015165187447,0,0,-650,-17.169535940019,272.249999999995,123.22374737330799,-263.319376620731
15770,-138.661413932709,0,0,-651,57.3999739803699,471.550832360613,238.04999999999,-254.66222027368198
15771,-13.598535995475302,0,0,-652,2.8968212658221297,544.5,336.65353852291,-245.648895784207
15772,60.416023746691295,0,0,-653,65.8425057459089,471.55083236063103,412.314694741769,-236.292009101618
15773,-138.547992013019,0,0,-654,9.92936876877499,272.24999999999903,459.877285896225,-226.60464667801898
15774,-398.076496066912,0,0,-655,-2.5761389011776,-1.01417333976824e-11,476.1,-216.60035716572398
15775,-759.287518312489,0,0,-656,-84.62167174049009,-272.24999999999,459.877285896227,-206.29313246823503
15776,-875.1058858831129,0,0,-657,36.8276399070219,-471.55083236060995,412.31469474177806,-195.69738817130298
15777,-1035.28843073043,0,0,-658,15.3859741280829,-544.5,336.65353852291304,-184.82794338142799
15778,-1096.61015067016,0,0,-659,-30.409318309533898,-471.550832360634,238.05000000000499,-173.7
15779,-976.948861887187,0,0,-660,-5.5934877984329106,-272.250000000004,123.223747373312,-162.329121462062
15780,-784.966692159247,0,0,-661,26.764518810209196,-2.66795479845618e-11,1.16640337882919e-11,-150.731210969441
15781,-690.798849379966,0,0,-662,-38.9026127579833,272.250000000012,-123.223747373316,-138.922489248678
15782,-473.389805509478,0,0,-663,83.0288339947827,471.550832360623,-238.049999999997,-126.91947186488599
15783,-630.542481150299,0,0,-664,-59.6499965041673,544.5,-336.653538522906,-114.738946123226
15784,-732.799926637957,0,0,-665,-24.638116666456998,471.55083236062103,-412.31469474177396,-102.397947590348
15785,-1010.6301972851401,0,0,-666,-67.089175120309,272.250000000009,-459.877285896224,-89.9137362686154
15786,-1177.54573106839,0,0,-667,42.8580413880358,1.5983462273860301e-12,-476.1,-77.30377245642458
15787,-1556.9546027637803,0,0,-668,-92.2416245391776,-272.24999999998,-459.87728589622805,-64.5856923283976
15788,-1519.90658793171,0,0,-669,84.7362224402977,-471.550832360635,-412.31469474176805,-51.7772832696029
15789,-1535.0861135143698,0,0,-670,54.9638840068406,-544.5,-336.65353852291696,-38.896458998289205
15790,-1400.06828884686,0,0,-671,6.493778025712731,-471.55083236064,-238.05000000001,-25.961234511923898
15791,-1125.4718696284401,0,0,-672,-45.008421363510294,-272.250000000015,-123.223747373317,-12.989700891597
15792,-671.848378866164,0,0,-673,1.1516211338467701,-7.46838603992022e-12,-3.26510431001471e-12,-3.40353838419032e-13
15793,-264.752059447785,0,0,-674,0.7844922873073371,272.250000000002,123.223747373311,12.989700891595099
15794,103.99347833738399,0,0,-675,43.4314114648514,471.550832360617,238.049999999993,25.961234511923198
15795,170.216561791701,0,0,-676,-73.8334357295106,544.5,336.65353852292196,38.8964589982897
15796,303.513567027393,0,0,-677,44.870756655391205,471.550832360627,412.314694741771,51.7772832696035
15797,89.7196297368465,0,0,-678,-28.9933484877917,272.25000000002,459.877285896223,64.5856923283957
15798,-77.93720514330629,0,0,-679,47.659022400257705,1.3338425852454402e-11,476.1,77.3037724564227
15799,-360.886062215541,0,0,-680,41.5729156196136,-272.249999999997,459.87728589622594,89.9137362686159
15800,-621.043799870602,0,0,-681,16.794390157909,-471.550832360629,412.31469474177004,102.397947590348
15801,-703.863881196426,0,0,-682,71.2436341574296,-544.5,336.65353852292003,114.738946123224
15802,-786.909353062756,0,0,-683,2.67200743299103,-471.550832360646,238.050000000014,126.91947186488399
15803,-617.155976407132,0,0,-684,76.94778697087949,-272.249999999998,123.223747373309,138.922489248678
15804,-560.620010915821,0,0,-685,-26.3512218852495,-1.9208465664988602e-11,8.39775069155287e-12,150.731210969439
15805,-373.883893222825,0,0,-686,0.7607326884285129,272.249999999991,-123.22374737330601,162.329121462061
15806,-287.275357922222,0,0,-687,-7.47619028284984,471.550832360627,-238.05,173.70000000000098
15807,-263.260471441977,0,0,-688,32.0651236995133,544.5,-336.65353852291804,184.827943381427
15808,-472.782258379904,0,0,-689,-38.7157841700708,471.550832360633,-412.314694741769,195.69738817130198
15809,-666.749092840744,0,0,-690,4.58506058721397,272.25000000002996,-459.877285896222,206.29313246823398
15810,-964.568463089106,0,0,-691,-14.0688202548247,-5.872736092187169e-12,-476.1,216.60035716572398
15811,-1187.5644387919199,0,0,-692,9.958200426276118,-272.249999999986,-459.877285896227,226.60464667801898
15812,-1339.51650198561,0,0,-693,1.05701601516814,-471.550832360624,-412.314694741773,236.29200910161703
15813,-1330.83231612319,0,0,-694,-1.32767338446998,-544.5,-336.653538522924,245.64889578420602
15814,-1124.30431592722,0,0,-695,25.6342961597122,-471.55083236062103,-238.049999999995,254.66222027368198
15815,-866.6972690841251,0,0,-696,-38.542898331532896,-272.250000000008,-123.223747373314,263.31937662073
15816,-390.86031258520796,0,0,-697,34.5314304054428,-3.0948545290057e-11,-1.3530397073091e-11,271.608257009393
15817,-26.494147437894696,0,0,-698,-3.48516350215796,272.250000000008,123.223747373314,279.517268690941
15818,397.686000505735,0,0,-699,100.049817947742,471.55083236062103,238.049999999995,287.035350197376
15819,578.9297446649871,0,0,-700,103.62421933016701,544.5,336.653538522914,294.151986811906
15820,539.994496830073,0,0,-701,56.2717444529538,471.55083236063905,412.31469474176595,300.85722527471404
15821,380.62168692142404,0,0,-702,43.3527133217085,272.249999999986,459.877285896227,307.141687703502
15822,-104.945396015083,0,0,-703,-191.041980724389,5.86734353288121e-12,476.1,312.996584709301
15823,-151.677816210764,0,0,-704,46.28117020375421,-272.249999999976,459.877285896229,318.413727689229
15824,-486.139974881155,0,0,-705,-45.2893775413089,-471.55083236061796,412.314694741775,323.385540278996
15825,-478.157342228888,0,0,-706,107.784050299068,-544.5,336.65353852291804,327.905068949127
15826,-709.978441438082,0,0,-707,-101.44360180756,-471.550832360627,238.05,331.96599273010503
15827,-490.67066656751,0,0,-708,30.792954006367303,-272.250000000018,123.223747373319,335.562632052822
15828,-388.931754737984,0,0,-709,-18.621711429960698,1.9213858224294603e-11,-8.400108265001511e-12,338.689956691966
15829,-296.12532568992197,0,0,-710,-76.49517111785559,272.249999999998,-123.223747373309,341.34359280124403
15830,-233.844719487047,0,0,-711,-99.8653808782805,471.550832360615,-238.049999999991,343.51982903061
15831,-102.150724121773,0,0,-712,56.7871926842257,544.5,-336.653538522911,345.215621716912
15832,-280.91030125787,0,0,-713,26.4249619825286,471.550832360629,-412.31469474177004,346.42859914074205
15833,-545.1905988384581,0,0,-714,9.279622214281881,272.249999999997,-459.87728589622594,347.15706484349
15834,-829.0545523356931,0,0,-715,14.6454476642893,1.76074231579496e-11,-476.1,347.4
15835,-1073.95532857882,0,0,-716,27.014892473931,-272.25000000002,-459.877285896223,347.15706484349
15836,-1188.17411409274,0,0,-717,66.2628138689131,-471.550832360627,-412.314694741771,346.42859914074205
15837,-1351.9236857375802,0,0,-718,-97.9857689315719,-544.5,-336.65353852292196,345.215621716912
15838,-1108.17182462992,0,0,-719,-23.090821299890298,-471.550832360632,-238.05000000000402,343.51982903061
15839,-827.9108709448669,0,0,-720,-53.7807163727989,-272.250000000002,-123.223747373311,341.34359280124403
15840,-430.419599515026,0,0,-721,-48.109556207002,7.473778599226179e-12,3.26746188346335e-12,338.689956691966
15841,-80.5836059357475,0,0,-722,-89.61998536186209,272.249999999988,123.22374737330401,335.562632052822
15842,292.42623202174804,0,0,-723,-26.1405930689533,471.550832360609,238.049999999986,331.96599273010503
15843,441.239016168359,0,0,-724,-43.819591303684795,544.5,336.65353852291696,327.905068949127
15844,473.287667532061,0,0,-725,-8.96339984933837,471.550832360635,412.31469474176805,323.385540278997
15845,416.745554561943,0,0,-726,92.204540976482,272.250000000007,459.877285896225,318.41372768923
15846,58.3214084311335,0,0,-727,-3.77517627816525,-1.60373878669198e-12,476.1,312.9965847093
15847,-303.58271200890704,0,0,-728,-70.3516856086227,-272.250000000009,459.877285896224,307.141687703501
15848,-402.15051225947997,0,0,-729,85.22840008465421,-471.55083236062103,412.31469474177396,300.85722527471404
15849,-593.8207866719259,0,0,-730,49.8736879932421,-544.5,336.653538522925,294.151986811907
15850,-665.688417634939,0,0,-731,11.777064528310499,-471.550832360623,238.049999999997,287.035350197377
15851,-606.64204442272,0,0,-732,-5.13306048696453,-272.250000000012,123.223747373316,279.517268690941
15852,-405.815598492139,0,0,-733,55.5761444984696,-4.26630102584221e-12,1.86518449807482e-12,271.608257009394
15853,-250.368015850057,0,0,-734,71.2863549025332,272.249999999978,-123.223747373299,263.319376620731
15854,-278.025357955426,0,0,-735,-31.188410589735398,471.550832360634,-238.05000000000499,254.662220273681
15855,-264.05334868187,0,0,-736,18.451294056836396,544.5,-336.65353852291304,245.648895784207
15856,-419.370596398088,0,0,-737,22.1012568814175,471.55083236064104,-412.314694741765,236.292009101618
15857,-782.9303074590069,0,0,-738,-83.90766824078909,272.24999999999,-459.877285896227,226.60464667801898
15858,-948.5930662750329,0,0,-739,49.90657655923321,1.01363408383764e-11,-476.1,216.60035716572398
15859,-1320.31196808332,0,0,-740,-54.4778146553312,-272.24999999999903,-459.877285896225,206.29313246823503
15860,-1389.8609454809198,0,0,-741,39.3071934501645,-471.55083236061597,-412.31469474177595,195.69738817130298
15861,-1435.7546425309602,0,0,-742,2.5709526105200697,-544.5,-336.65353852291,184.82794338142799
15862,-1269.0917852961802,0,0,-743,9.809047064452761,-471.550832360629,-238.05000000000098,173.7
15863,-831.2143247868299,0,0,-744,145.930301124451,-272.250000000022,-123.223747373321,162.329121462062
15864,-616.424052221204,0,0,-745,-22.1552631906222,-1.6006380650910598e-11,-6.99783087961298e-12,150.731210969441
15865,-244.642025007969,0,0,-746,-33.0382616299478,272.24999999999403,123.223747373307,138.922489248677
15866,81.3584389092265,0,0,-747,-8.16186531628901,471.55083236062796,238.05000000000098,126.91947186488599
15867,269.120865051858,0,0,-748,21.2283804057232,544.5,336.653538522909,114.738946123226
15868,249.690183283907,0,0,-749,12.4267085911676,471.55083236061597,412.31469474177595,102.397947590348
15869,101.955130774412,0,0,-750,29.9141086095708,272.25,459.877285896225,89.9137362686154
15870,-247.037421537639,0,0,-751,-49.441193994085296,2.1876420463444803e-11,476.1,77.30377245642458
15871,-524.957248862539,0,0,-752,-25.1702270871748,-272.24999999998903,459.877285896227,64.5856923283976
15872,-661.689077408534,0,0,-753,98.7697769407164,-471.550832360625,412.31469474177203,51.777283269603004
15873,-918.343311313833,0,0,-754,4.60669116496409,-544.5,336.65353852291304,38.896458998289205
15874,-999.612581233107,0,0,-755,-37.0729833844023,-471.550832360635,238.05000000000598,25.961234511924
15875,-865.591788665616,0,0,-756,26.444763069493398,-272.250000000032,123.22374737332599,12.989700891597
15876,-796.6239636242509,0,0,-757,-39.6239636242527,3.2047812937309903e-12,-1.4010985986642099e-12,3.8289806822141206e-13
15877,-765.081827327934,0,0,-758,-143.118379063021,272.249999999984,-123.223747373302,-12.989700891595
15878,-544.6538477864799,0,0,-759,6.80655436481721,471.55083236062205,-238.049999999997,-25.961234511923198
15879,-512.568150815154,0,0,-760,78.48184670605059,544.5,-336.653538522915,-38.8964589982897
15880,-766.8517550744459,0,0,-761,-13.310609423690801,471.55083236062205,-412.314694741773,-51.777283269603394
15881,-954.574091050452,0,0,-762,59.638887174157,272.25000000001,-459.877285896224,-64.58569232839561
15882,-1362.10358215513,0,0,-763,-45.6998096987376,3.36165000885132e-11,-476.1,-77.30377245642259
15883,-1766.18204174755,0,0,-764,-180.141019582705,-272.25000000000597,-459.877285896225,-89.91373626861579
15884,-1794.15323650077,0,0,-765,-42.8897618080232,-471.550832360619,-412.314694741775,-102.397947590348
15885,-1756.6946799810698,0,0,-766,5.197804665075981,-544.5,-336.65353852291696,-114.738946123224
15886,-1561.4717454409,0,0,-767,42.048558784636505,-471.55083236064,-238.05000000001,-126.91947186488399
15887,-1308.4351282150599,0,0,-768,-6.03889159308449,-272.24999999998903,-123.223747373305,-138.922489248678
15888,-897.6934471361,0,0,-769,22.037763833351804,-8.53529833133739e-12,-3.7315477828739505e-12,-150.731210969439
15889,-481.408572444104,0,0,-770,55.446801644685706,272.24999999997397,123.223747373297,-162.329121462061
15890,-257.14137154251,0,0,-771,-22.042203903144998,471.550832360632,238.05000000000402,-173.70000000000098
15891,-104.836125843809,0,0,-772,-29.1617209852925,544.5,336.653538522912,-184.82794338142799
15892,-52.9950728669714,0,0,-773,31.8367882019314,471.55083236062796,412.314694741771,-195.69738817130198
15893,-264.672798865876,0,0,-774,-16.5069522938858,272.25000000002103,459.877285896223,-206.29313246823398
15894,-471.702273110885,0,0,-775,43.7980840548561,-1.65459034258384e-11,476.1,-216.60035716572398
15895,-890.164003776974,0,0,-776,-75.186642995185,-272.249999999996,459.87728589622594,-226.60464667801898
15896,-982.530224093996,0,0,-777,89.99792262645741,-471.55083236061404,412.314694741777,-236.29200910161703
15897,-1254.2977813851599,0,0,-778,-22.802424123877,-544.5,336.653538522921,-245.64889578420602
15898,-1269.08889875422,0,0,-779,-1.9258461199072001,-471.55083236063103,238.05000000000302,-254.66222027368198
15899,-1303.63253503945,0,0,-780,-111.28690579203199,-272.24999999999903,123.22374737331002,-263.31937662073
15900,-1035.61766233818,0,0,-781,16.9905946712265,-2.02753779564058e-11,8.86419416441211e-12,-271.608257009393
15901,-941.2143953255521,0,0,-782,-28.7233792613096,272.250000000017,-123.223747373319,-279.517268690941
15902,-647.4130105789129,0,0,-783,189.12150725783698,471.550832360626,-238.04999999999902,-287.035350197376
15903,-850.6963141382249,0,0,-784,19.609211196589197,544.5,-336.653538522908,-294.151986811906
15904,-1010.42910796886,0,0,-785,16.191979686985,471.550832360634,-412.31469474176805,-300.85722527471404
15905,-1271.35922787862,0,0,-786,9.409745721101071,272.250000000004,-459.877285896225,-307.141687703502
15906,-1540.3059525526,0,0,-787,35.790632156701,-4.80582380077e-12,-476.1,-312.996584709301
15907,-1840.0673333085501,0,0,-788,-1.52631972310953,-272.249999999985,-459.877285896227,-318.413727689229
15908,-1998.75676453387,0,0,-789,-2.50569715248779,-471.550832360608,-412.31469474178,-323.385540278996
15909,-1969.3308604580398,0,0,-790,29.727747014000002,-544.5,-336.653538522915,-327.905068949127
15910,-1710.8385071573098,0,0,-791,121.728317933442,-471.550832360637,-238.050000000008,-331.96599273010503
15911,-1514.5092249437803,0,0,-792,8.52715448236471,-272.250000000009,-123.22374737331499,-335.562632052822
15912,-1098.65185052643,0,0,-793,33.0381061655339,-1.0642160117641998e-12,-4.65264686134925e-13,-338.689956691966
15913,-732.8160169972141,0,0,-794,7.05382843070964,272.250000000007,123.223747373314,-341.34359280124403
15914,-350.261663583701,0,0,-795,78.6573330862939,471.55083236062006,238.049999999995,-343.51982903061
15915,-300.227089146736,0,0,-796,-40.1650059527284,544.5,336.653538522904,-345.215621716912
15916,-226.78786899805598,0,0,-797,32.7752030402891,471.550832360624,412.31469474177203,-346.42859914074205
15917,-345.155239766682,0,0,-798,67.87453918057041,272.250000000014,459.877285896224,-347.15706484349
15918,-626.355978122258,0,0,-799,43.94402187773561,6.93425582429839e-12,476.1,-347.4
15919,-993.8257254640711,0,0,-800,-34.295946516834995,-272.249999999975,459.877285896229,-347.15706484349
15920,-1169.13622579593,0,0,-801,37.528510963677704,-471.550832360633,412.314694741769,-346.42859914074205
15921,-1271.30706679553,0,0,-802,83.75501639846429,-544.5,336.65353852291804,-345.215621716912
15922,-1394.04988513248,0,0,-803,-14.02922374124,-471.550832360643,238.050000000012,-343.51982903061
15923,-1171.06314959687,0,0,-804,123.30669583106399,-272.249999999992,123.22374737330601,-341.34359280124403
15924,-1243.363767403,0,0,-805,-99.6738107110262,-1.28042956368326e-11,5.59791106767309e-12,-338.689956691966
15925,-1058.65887126587,0,0,-806,-66.122491839734,272.249999999997,-123.223747373309,-335.562632052822
15926,-892.098793359722,0,0,-807,13.3663670097594,471.55083236061404,-238.049999999991,-331.96599273010503
15927,-946.828760622796,0,0,-808,-18.770153150749397,544.5,-336.65353852292003,-327.905068949127
15928,-1101.58816220459,0,0,-809,-28.438759544453696,471.55083236062995,-412.31469474177004,-323.385540278997
15929,-1419.0192882007998,0,0,-810,-102.97827461536801,272.250000000024,-459.877285896222,-318.41372768923
15930,-1503.12563513078,0,0,-811,96.97094957850679,1.8674335449366802e-11,-476.1,-312.996584709301
15931,-1730.02505401082,0,0,-812,121.2439195889,-272.249999999992,-459.877285896227,-307.141687703501
15932,-2040.2377780461102,0,0,-813,-42.5150256689989,-471.550832360627,-412.314694741771,-300.85722527471404
15933,-1947.98737734465,0,0,-814,41.31814799017629,-544.5,-336.65353852292196,-294.151986811907
15934,-1895.6440926820899,0,0,-815,-84.00791012410491,-471.55083236061796,-238.049999999993,-287.035350197377
15935,-1458.75123127199,0,0,-816,32.2397847922612,-272.250000000003,-123.223747373311,-279.517268690941
15936,-1156.40649968245,0,0,-817,-67.798242673018,-2.4544375261901e-11,-1.07305574492112e-11,-271.608257009394
15937,-767.5437567705991,0,0,-818,-81.69812752315809,272.249999999987,123.22374737330401,-263.319376620732
15938,-310.061417975195,0,0,-819,53.9999699378641,471.550832360624,238.04999999999802,-254.662220273681
15939,-205.44999736978698,0,0,-820,-20.9546401084963,544.5,336.653538522916,-245.648895784207
15940,-172.6771935498,0,0,-821,0.749288449415217,471.550832360636,412.31469474176697,-236.292009101618
15941,-306.625214169067,0,0,-822,9.8521466126976,272.250000000034,459.877285896221,-226.60464667802003
15942,-460.320117043772,0,0,-823,103.180240121952,-5.368264952748111e-13,476.1,-216.60035716572398
15943,-807.774903046772,0,0,-824,34.8909435252161,-272.249999999982,459.87728589622805,-206.29313246823398
15944,-1119.0604442920599,0,0,-825,-39.1269185019143,-471.55083236062103,412.31469474177396,-195.69738817130298
15945,-1272.5782576882302,0,0,-826,-53.903852829721295,-544.5,336.653538522916,-184.82794338142799
15946,-1239.28071453539,0,0,-827,-5.07988217476224,-471.550832360623,238.049999999997,-173.7
15947,-1125.37407207987,0,0,-828,13.981302008889001,-272.250000000013,123.223747373316,-162.329121462062
15948,-1011.65577605623,0,0,-829,-31.924565086770002,-3.6284454886969294e-11,1.58632038307494e-11,-150.731210969441
15949,-900.571841191493,0,0,-830,-80.67560456950709,272.250000000004,-123.223747373312,-138.922489248677
15950,-802.368522105161,0,0,-831,-77.9498826008995,471.55083236061796,-238.049999999993,-126.91947186488599
15951,-647.7811719919799,0,0,-832,91.1113126541584,544.5,-336.65353852291304,-114.738946123226
15952,-934.837838884777,0,0,-833,-58.6760289132841,471.550832360626,-412.31469474177203,-102.397947590348
15953,-1132.7343021252,0,0,-834,-21.193279960353397,272.249999999991,-459.877285896227,-89.9137362686154
15954,-1420.32506908501,0,0,-835,-31.921296628596696,1.12032531297936e-11,-476.1,-77.30377245642458
15955,-1715.9726114768698,0,0,-836,-83.2596332522729,-272.249999999972,-459.877285896229,-64.5856923283977
15956,-1729.7337762379,0,0,-837,42.9090341340981,-471.55083236063103,-412.31469474177004,-51.777283269603004
15957,-1704.5534825403101,0,0,-838,53.496514980902504,-544.5,-336.65353852292003,-38.8964589982893
15958,-1523.58085199677,0,0,-839,50.98121487578071,-471.550832360629,-238.05000000000197,-25.961234511924
15959,-1305.95598554998,0,0,-840,-57.49253728504001,-272.250000000023,-123.223747373321,-12.9897008915971
15960,-782.8304413300509,0,0,-841,58.1695586699296,1.38779486273822e-11,6.06730150734313e-12,-4.2544229802379107e-13
15961,-491.037104627092,0,0,-842,-57.50055289198689,272.249999999993,123.223747373307,12.989700891595
15962,25.985328172274297,0,0,-843,133.42326129975,471.55083236061205,238.049999999989,25.961234511923198
15963,-10.41057516695,0,0,-844,-86.46057268815831,544.5,336.653538522919,38.8964589982897
15964,66.4145448702926,0,0,-845,-24.228265501712,471.550832360632,412.314694741769,51.777283269603394
15965,-23.264755892521702,0,0,-846,26.022265882856303,272.25000000000097,459.877285896225,64.58569232839561
15966,-262.786988173408,0,0,-847,30.809239370146297,2.2943332754862e-11,476.1,77.30377245642259
15967,-522.249748973057,0,0,-848,48.2092288621187,-272.250000000015,459.877285896223,89.91373626861579
15968,-707.129952880994,0,0,-849,98.7082371475103,-471.550832360625,412.31469474177203,102.397947590348
15969,-873.4527679931931,0,0,-850,69.6547473606585,-544.5,336.653538522923,114.738946123225
15970,-947.9370731727802,0,0,-851,9.644287322964491,-471.550832360635,238.05000000000598,126.91947186488399
15971,-926.873830622888,0,0,-852,-64.77006724487251,-272.25000000000597,123.223747373313,138.922489248678
15972,-694.0489732130881,0,0,-853,8.219815817471781,2.1378690023138204e-12,-9.346551258049659e-13,150.731210969439
15973,-573.747175971641,0,0,-854,-31.102550060383898,272.249999999983,-123.223747373302,162.329121462061
15974,-437.384344467686,0,0,-855,10.4148231716841,471.550832360637,-238.050000000008,173.70000000000098
15975,-412.65235626847505,0,0,-856,50.67323887301129,544.5,-336.653538522915,184.82794338142799
15976,-592.784286877493,0,0,-857,9.28218733233226,471.55083236063797,-412.31469474176595,195.69738817130298
15977,-836.947258303156,0,0,-858,2.3868951248231096,272.25000000001097,-459.877285896224,206.29313246823398
15978,-1180.0919436099,0,0,-859,-61.592300775631706,3.732170810220379e-12,-476.1,216.60035716572398
15979,-1379.13221294155,0,0,-860,-13.609573723341802,-272.250000000005,-459.877285896225,226.60464667801799
15980,-1458.1124690301901,0,0,-861,50.4610489705864,-471.550832360619,-412.314694741775,236.29200910161703
15981,-1488.70679401819,0,0,-862,8.79784872053101,-544.5,-336.653538522927,245.64889578420602
15982,-1348.06603853411,0,0,-863,-30.127426447167803,-471.550832360625,-238.04999999999902,254.662220273681
15983,-942.170619113204,0,0,-864,53.983751639401206,-272.250000000016,-123.223747373318,263.319376620729
15984,-623.364776800849,0,0,-865,-29.9730338102287,-9.602210622754571e-12,-4.1979912557332004e-12,271.608257009393
15985,-184.80923891041698,0,0,-866,6.19974502533259,272.25,123.22374737331002,279.517268690941
15986,0.271047426530657,0,0,-867,-129.36513513148,471.55083236063103,238.05000000000302,287.035350197376
15987,350.168489486709,0,0,-868,42.8629641518909,544.5,336.653538522911,294.151986811906
15988,366.264841741113,0,0,-869,50.542089363991394,471.550832360644,412.314694741764,300.85722527471404
15989,119.439338137663,0,0,-870,-49.829635462059095,272.249999999995,459.87728589622594,307.141687703502
15990,-112.97727017201599,0,0,-871,-31.073854881331897,1.54722504352888e-11,476.1,312.9965847093
15991,-474.16221631353204,0,0,-872,-108.203229898993,-272.249999999995,459.87728589622594,318.41372768923
15992,-590.815078713358,0,0,-873,18.035518626481103,-471.550832360613,412.314694741777,323.385540278996
15993,-699.4844184841189,0,0,-874,54.4569740438429,-544.5,336.653538522911,327.905068949127
15994,-792.7825629064799,0,0,-875,-16.2477232759568,-471.55083236063103,238.05000000000302,331.96599273010503
15995,-705.868795874904,0,0,-876,-16.4051753010228,-272.250000000027,123.22374737332301,335.562632052822
15996,-511.08824237855004,0,0,-877,27.221800929478803,9.60895132188701e-12,-4.20093822254399e-12,338.689956691966
15997,-442.105898929139,0,0,-878,-54.4757443570681,272.24999999999,-123.223747373305,341.34359280124403
15998,-274.316462864574,0,0,-879,27.6628757441894,471.550832360625,-238.04999999999902,343.51982903061
15999,-339.835912865307,0,0,-880,-12.897996059312,544.5,-336.653538522908,345.215621716912
16000,-555.378873087508,0,0,-881,-80.0436098470939,471.550832360619,-412.314694741775,346.42859914074205
16001,-771.542332224747,0,0,-882,-49.072111172017095,272.250000000005,-459.877285896225,347.15706484349
16002,-987.354948495001,0,0,-883,24.3450515049718,2.72123300603571e-11,-476.1,347.4
16003,-1270.8772016687599,0,0,-884,-1.9069806160408402,-272.249999999985,-459.877285896227,347.15706484349
16004,-1457.6512494542499,0,0,-885,-35.214321492597996,-471.550832360623,-412.314694741773,346.42859914074205
16005,-1440.62763978075,0,0,-886,-18.6897229747515,-544.5,-336.653538522915,345.215621716913
16006,-1229.09309060144,0,0,-887,23.987912728593397,-471.550832360637,-238.050000000008,343.51982903061
16007,-969.438390948831,0,0,-888,-27.3082363767898,-272.249999999983,-123.223747373302,341.34359280124403
16008,-348.28325784962095,0,0,-889,202.026785458416,-2.13112830318137e-12,-9.31708158994169e-13,338.689956691966
16009,-147.428517353515,0,0,-890,11.5351032203827,272.24999999997897,123.2237473733,335.562632052823
16010,285.543231282918,0,0,-891,134.976406192198,471.55083236062006,238.049999999995,331.96599273010503
16011,318.23665234219,0,0,-892,1.17804487014994,544.5,336.653538522914,327.905068949127
16012,318.564804952805,0,0,-893,4.31373757141158,471.550832360625,412.31469474177203,323.385540278997
16013,180.839123747108,0,0,-894,24.2981101616399,272.250000000015,459.877285896223,318.41372768923
16014,-56.8934635555579,0,0,-895,49.0099517351023,3.89524096854255e-11,476.1,312.996584709301
16015,-422.06488983436094,0,0,-896,-20.8338634340868,-272.25000000000097,459.877285896225,307.141687703501
16016,-607.369946639564,0,0,-897,48.0089657045619,-471.550832360617,412.31469474177595,300.857225274715
16017,-705.810340593768,0,0,-898,105.88413407140699,-544.5,336.653538522919,294.151986811906
16018,-888.391367575085,0,0,-899,-42.925885411834294,-471.55083236062796,238.05000000000098,287.035350197376
16019,-668.977350684255,0,0,-900,100.53163325149099,-272.249999999993,123.223747373307,279.517268690941
16020,-588.686140465903,0,0,-901,40.7056025247102,-1.3871207928249802e-11,6.06435454053233e-12,271.608257009395
16021,-457.070489593943,0,0,-902,32.583881158652396,272.24999999996896,-123.223747373295,263.319376620731
16022,-455.46620539778803,0,0,-903,-40.6292580320966,471.550832360629,-238.05000000000197,254.662220273681
16023,-451.953016204562,0,0,-904,-1.44837346585933,544.5,-336.65353852291,245.648895784207
16024,-573.742870773533,0,0,-905,35.7289825059892,471.55083236063103,-412.31469474177004,236.29200910161703
16025,-962.103982104769,0,0,-906,-95.0813428865922,272.250000000025,-459.877285896222,226.60464667802003
16026,-1105.4689753458902,0,0,-907,61.030667488396,-1.1209993828926e-11,-476.1,216.60035716572398
16027,-1607.26229086211,0,0,-908,-173.42813743412603,-272.249999999991,-459.877285896227,206.29313246823503
16028,-1578.02556255545,0,0,-909,19.1425763756367,-471.55083236061097,-412.31469474177806,195.69738817130198
16029,-1714.67908687583,0,0,-910,-108.35349173434099,-544.5,-336.65353852291304,184.827943381427
16030,-1464.5766127675,0,0,-911,-17.6757804068651,-471.550832360634,-238.05000000000499,173.7
16031,-1192.46416623214,0,0,-912,-47.319540320891,-272.250000000004,-123.223747373312,162.329121462063
16032,-688.376711653129,0,0,-913,73.8920773774676,-2.56112875533181e-11,-1.11970009220705e-11,150.73121096943999
16033,-346.857084679578,0,0,-914,32.746678698415195,272.250000000013,123.223747373316,138.922489248677
16034,-120.097573705163,0,0,-915,-41.617877930670204,471.550832360623,238.049999999997,126.91947186488599
16035,15.1048518537063,0,0,-916,-64.7876327924272,544.5,336.653538522907,114.73894612322701
16036,23.327016094709503,0,0,-917,-45.936458598043096,471.550832360636,412.31469474176697,102.397947590349
16037,-179.735879454472,0,0,-918,-83.7769016193208,272.250000000009,459.877285896224,89.9137362686155
16038,-364.01252133865404,0,0,-919,1.5837062049208999,5.30085796142363e-13,476.1,77.30377245642471
16039,-711.881941048468,0,0,-920,-44.0949192731118,-272.249999999981,459.87728589622805,64.5856923283965
16040,-959.28211779887,0,0,-921,-30.8232634496032,-471.550832360636,412.31469474176697,51.777283269601895
16041,-1126.55477550109,0,0,-922,-35.6047730222947,-544.5,336.653538522916,38.8964589982893
16042,-1096.01281911647,0,0,-923,34.5267787322394,-471.55083236063905,238.05000000001,25.9612345119253
16043,-1142.94638468304,0,0,-924,-82.9098329479353,-272.250000000014,123.223747373317,12.9897008915959
16044,-967.3208434395351,0,0,-925,-42.3208434395305,-6.40012560867656e-12,2.7980714437933e-12,-7.66226204189125e-13
16045,-765.845167227027,0,0,-926,24.118281037877,272.250000000003,-123.223747373311,-12.989700891595
16046,-740.922144264798,0,0,-927,-21.4617421135011,471.55083236061796,-238.049999999993,-25.961234511921898
16047,-749.958319414113,0,0,-928,9.091678107078401,544.5,-336.653538522903,-38.896458998288395
16048,-856.398730263767,0,0,-929,65.1424153869808,471.550832360627,-412.314694741771,-51.777283269603394
16049,-1206.4570332349301,0,0,-930,-24.2440550103257,272.250000000019,-459.877285896223,-64.58569232839561
16050,-1622.46614811219,0,0,-931,-138.06237565577499,1.22701654212107e-11,-476.1,-77.3037724564238
16051,-1720.22070898219,0,0,-932,33.8203131826537,-272.249999999997,-459.87728589622594,-89.913736268617
16052,-1918.7960347532999,0,0,-933,0.46743993945161605,-471.55083236062995,-412.31469474177004,-102.397947590348
16053,-1942.29294885191,0,0,-934,-12.4004642057644,-544.5,-336.65353852292003,-114.738946123224
16054,-1730.61137209013,0,0,-935,40.908932135419505,-471.55083236064496,-238.050000000014,-126.91947186488501
16055,-1387.9389988090302,0,0,-936,82.45723781295901,-272.249999999997,-123.223747373309,-138.922489248679
16056,-1062.8134342150802,0,0,-937,24.9177767543814,-1.8140205233744898e-11,-7.930717825331469e-12,-150.731210969439
16057,-782.7711274481011,0,0,-938,-77.91575335933929,272.249999999992,123.22374737330601,-162.32912146206002
16058,-403.87666789296304,0,0,-939,-0.7775002535635892,471.55083236061205,238.049999999989,-173.69999999999902
16059,-220.849959009234,0,0,-940,22.8244458492764,544.5,336.65353852291804,-184.82794338142799
16060,-354.72301262949304,0,0,-941,-101.89115156059299,471.550832360633,412.314694741769,-195.69738817130198
16061,-365.83375135785303,0,0,-942,50.332095214129104,272.250000000029,459.877285896222,-206.29313246823298
16062,-637.731370218591,0,0,-943,45.7689869471414,-6.94099652343083e-12,476.1,-216.60035716572497
16063,-946.9443760057441,0,0,-944,36.03298477603529,-272.249999999987,459.877285896227,-226.60464667801898
16064,-1255.89344442704,0,0,-945,-15.365297706573902,-471.550832360624,412.31469474177203,-236.29200910161597
16065,-1412.1491293491501,0,0,-946,-12.6537720878668,-544.5,336.653538522924,-245.648895784207
16066,-1494.79168190395,0,0,-947,-59.6286292696382,-471.55083236062006,238.049999999995,-254.66222027368198
16067,-1405.46397901042,0,0,-948,-45.11834976299949,-272.250000000007,123.223747373314,-263.31937662073
16068,-1143.95064074581,0,0,-949,76.6576162635953,-2.98802848588133e-11,1.3063364206869599e-11,-271.608257009393
16069,-1086.3106775976598,0,0,-950,-5.81966153339891,272.249999999982,-123.223747373301,-279.51726869094
16070,-980.505152403676,0,0,-951,24.0293654330752,471.55083236062103,-238.049999999996,-287.035350197377
16071,-962.446434373011,0,0,-952,75.8590909618096,544.5,-336.653538522915,-294.151986811906
16072,-1166.71663892516,0,0,-953,27.904448730679604,471.55083236063905,-412.31469474176595,-300.85722527471296
16073,-1439.62421138488,0,0,-954,9.14476221486237,272.249999999985,-459.877285896227,-307.141687703502
16074,-1866.75122813713,0,0,-955,-122.65464342783001,4.79908310163755e-12,-476.1,-312.9965847093
16075,-1949.06582756677,0,0,-956,57.475186018661496,-272.249999999977,-459.87728589622805,-318.413727689229
16076,-2105.72829413987,0,0,-957,58.52277324152121,-471.55083236061796,-412.314694741775,-323.385540278997
16077,-2235.16049988858,0,0,-958,-68.1018924165344,-544.5,-336.65353852291804,-327.905068949127
16078,-2116.24607128267,0,0,-959,-115.679246191943,-471.550832360626,-238.04999999999902,-331.96599273010503
16079,-1693.3499222725598,0,0,-960,-2.3135428464008703,-272.250000000017,-123.223747373319,-335.562632052822
16080,-1354.54291087659,0,0,-961,-54.852954184566606,-4.16203644838817e-11,-1.81960105884078e-11,-338.689956691965
16081,-837.227416085101,0,0,-962,70.6424293428355,272.24999999999903,123.22374737331002,-341.34359280124403
16082,-529.479037884779,0,0,-963,67.4399587852239,471.550832360615,238.049999999991,-343.51982903061
16083,-491.428042829665,0,0,-964,-63.3659596356641,544.5,336.653538522911,-345.215621716912
16084,-518.147171359087,0,0,-965,-90.5840993207441,471.550832360629,412.31469474177004,-346.42859914074205
16085,-558.3644089647049,0,0,-966,22.6653699825628,272.249999999996,459.87728589622594,-347.15706484349
16086,-883.614635758992,0,0,-967,-45.314635759008205,1.65391627267059e-11,476.1,-347.4
16087,-1187.4887390930699,0,0,-968,-59.9589601458393,-272.24999999996703,459.87728589623003,-347.15706484349
16088,-1467.3358007299403,0,0,-969,-92.67106397034559,-471.55083236062796,412.314694741771,-346.42859914074205
16089,-1503.56582896448,0,0,-970,19.496254229513603,-544.5,336.653538522921,-345.215621716912
16090,-1494.45605735482,0,0,-971,53.564604036420896,-471.550832360632,238.05000000000402,-343.51982903061
16091,-1398.8888012715197,0,0,-972,63.481044156417205,-272.25000000000097,123.22374737331002,-341.34359280124403
16092,-1398.4494747654699,0,0,-973,-86.7595180735092,8.54203903046984e-12,-3.734494749684749e-12,-338.689956691965
16093,-1111.73200688478,0,0,-974,48.8043725413576,272.24999999998903,-123.223747373305,-335.562632052822
16094,-1086.8053023002801,0,0,-975,-13.3401419307959,471.55083236060995,-238.049999999987,-331.965992730106
16095,-1118.68853080483,0,0,-976,-22.629923332783697,544.5,-336.65353852291696,-327.905068949127
16096,-1333.92755320977,0,0,-977,-92.77815054963921,471.550832360635,-412.31469474176805,-323.385540278996
16097,-1371.5115992797198,0,0,-978,112.529414305728,272.25000000000597,-459.877285896225,-318.41372768923
16098,-1726.0958706812398,0,0,-979,42.0007140280338,2.82792423517743e-11,-476.1,-312.996584709301
16099,-2063.23447535166,0,0,-980,-43.9655017519472,-272.249999999984,-459.87728589622805,-307.141687703501
16100,-2089.50150658846,0,0,-981,76.221245788654,-471.55083236062205,-412.314694741773,-300.85722527471404
16101,-2114.1054511510997,0,0,-982,43.2000741837181,-544.5,-336.653538522915,-294.151986811907
16102,-2050.9011698445897,0,0,-983,-71.264987286596,-471.55083236062205,-238.049999999997,-287.035350197377
16103,-1697.81547410952,0,0,-984,-38.8244580452949,-272.249999999984,-123.223747373302,-279.51726869094
16104,-1234.91892641388,0,0,-985,21.6893305955654,-3.41492821643085e-11,-1.49297274916688e-11,-271.608257009394
16105,-802.587198326386,0,0,-986,51.2584309210678,272.24999999997897,123.2237473733,-263.319376620732
16106,-581.7772802471051,0,0,-987,-49.715892334036596,471.550832360619,238.04999999999401,-254.66222027368198
16107,-293.84202045192,0,0,-988,58.6533368093724,544.5,336.65353852291304,-245.64889578420602
16108,-301.512301692219,0,0,-989,39.91418030700179,471.550832360625,412.31469474177203,-236.292009101618
16109,-598.544963666879,0,0,-990,-114.06760288512,272.250000000043,459.87728589622003,-226.604646678021
16110,-795.973450885995,0,0,-991,-64.4730937202485,-2.18831611625772e-11,476.1,-216.60035716572497
16111,-1026.5252641269099,0,0,-992,-15.8594175549352,-272.249999999973,459.877285896229,-206.29313246823398
16112,-1307.7735876914098,0,0,-993,-59.8400619012674,-471.55083236061597,412.31469474177595,-195.69738817130298
16113,-1350.487278357,0,0,-994,36.187126501509205,-544.5,336.653538522919,-184.82794338142799
16114,-1416.7294764400199,0,0,-995,-14.528644079398001,-471.55083236062796,238.05000000000098,-173.69999999999902
16115,-1410.96820929043,0,0,-996,-103.61283520168199,-272.24999999999403,123.223747373307,-162.329121462062
16116,-1201.62964193161,0,0,-997,-53.898430962144204,-4.5889361789376897e-11,2.0062373873206896e-11,-150.731210969441
16117,-1081.36095637898,0,0,-998,-93.46471975700621,272.250000000022,-123.223747373321,-138.922489248679
16118,-897.1467407381019,0,0,-999,-4.72810123384023,471.550832360613,-238.04999999999,-126.91947186488501
16119,-917.809443750985,0,0,-1000,-10.916959104849,544.5,-336.65353852291,-114.738946123226
16120,-1050.7058256131,0,0,-1001,-6.544015641614259,471.55083236063103,-412.314694741769,-102.39794759035
16121,-1246.64071605321,0,0,-1002,32.900306111637,272.24999999999903,-459.877285896225,-89.9137362686167
16122,-1550.0544898540197,0,0,-1003,6.3492826024090006,-1.01430815375088e-11,-476.1,-77.3037724564235
16123,-1714.07167078624,0,0,-1004,86.6413074383538,-272.249999999963,-459.87728589623003,-64.5856923283977
16124,-1950.76862094642,0,0,-1005,-10.1258105744135,-471.55083236064104,-412.314694741765,-51.7772832696031
16125,-1910.7770975349802,0,0,-1006,15.2728999862346,-544.5,-336.653538522923,-38.896458998288104
16126,-1740.87733634207,0,0,-1007,1.6847305304967202,-471.550832360634,-238.05000000000499,-25.9612345119241
16127,-1454.99971443082,0,0,-1008,-38.536266165903896,-272.250000000004,-123.223747373312,-12.989700891597199
16128,-1006.04689340496,0,0,-1009,2.95310659502941,4.27304172497465e-12,1.86813146488561e-12,-5.105307576285491e-13
16129,-536.973584271493,0,0,-1010,64.5629674635828,272.250000000012,123.223747373316,12.989700891596101
16130,-318.625135764758,0,0,-1011,-43.1872026372737,471.550832360607,238.049999999985,25.961234511923102
16131,-44.8013888100716,0,0,-1012,47.1486136687352,544.5,336.653538522906,38.8964589982871
16132,18.7701387665881,0,0,-1013,96.1273283945822,471.550832360637,412.31469474176697,51.7772832696021
16133,-176.264396576306,0,0,-1014,41.022625199063604,272.250000000009,459.877285896224,64.5856923283967
16134,-489.04818768645106,0,0,-1015,-27.451960142875198,1.59699808755954e-12,476.1,77.30377245642251
16135,-821.4566486487539,0,0,-1016,-82.9976708135877,-272.250000000007,459.877285896225,89.91373626861571
16136,-926.586234485208,0,0,-1017,47.2519555433131,-471.550832360635,412.31469474176805,102.397947590347
16137,-1239.0272609921499,0,0,-1018,-127.919745638301,-544.5,336.653538522926,114.738946123225
16138,-1063.68317312666,0,0,-1019,61.898187369082095,-471.55083236064,238.05000000001,126.91947186488399
16139,-1039.7615445597698,0,0,-1020,-9.657781181746909,-272.250000000015,123.223747373317,138.922489248678
16140,-851.331906109257,0,0,-1021,18.9368829213068,-7.46703790009373e-12,3.26451491665255e-12,150.73121096943999
16141,-695.4644409652279,0,0,-1022,15.1801849460201,272.250000000002,-123.223747373311,162.329121462061
16142,-533.984864571663,0,0,-1023,81.814303067718,471.55083236060096,-238.049999999981,173.69999999999803
16143,-666.457559444597,0,0,-1024,-35.1319643031023,544.5,-336.65353852292196,184.827943381427
16144,-751.6293363143069,0,0,-1025,18.437137895512,471.550832360643,-412.314694741764,195.69738817130298
16145,-916.8958961414039,0,0,-1026,90.4382572865657,272.25000000002,-459.877285896223,206.29313246823398
16146,-1294.42831573909,0,0,-1027,-7.928672904829379,1.33370777126279e-11,-476.1,216.60035716572398
16147,-1517.9162842162802,0,0,-1028,15.6063550019244,-272.249999999997,-459.87728589622594,226.60464667801799
16148,-1690.94507790779,0,0,-1029,-14.371559907005,-471.550832360629,-412.31469474177004,236.29200910161703
16149,-1660.0566003470599,0,0,-1030,5.4480423916615,-544.5,-336.65353852293,245.64889578420602
16150,-1367.38038374039,0,0,-1031,118.558228346539,-471.550832360615,-238.049999999991,254.662220273681
16151,-14.177576311544001,1,0,-1032,-34.412278617424995,-272.250000000025,-123.22374737332198,263.319376620731
16152,-782.9424917289169,0,0,-1033,-21.550748738283,-1.92071175251621e-11,-8.397161298190711e-12,271.608257009393
16153,-344.771389265903,0,0,-1034,14.23759466986,272.249999999991,123.22374737330601,279.517268690939
16154,-32.3806428576492,0,0,-1035,5.983174584348099,471.550832360627,238.05,287.035350197376
16155,136.43391317177,0,0,-1036,-2.8716121630536495,544.5,336.65353852291804,294.151986811906
16156,32.1065130845044,0,0,-1037,-115.61623929262,471.55083236064905,412.314694741762,300.85722527471404
16157,-19.108174796842302,0,0,-1038,-20.3771483965485,272.249999999976,459.877285896229,307.141687703502
16158,-370.236538041021,0,0,-1039,-120.33312275034599,2.50771573376963e-11,476.1,312.9965847093
16159,-537.266753511439,0,0,-1040,-3.3077670969099504,-272.249999999986,459.877285896227,318.41372768923
16160,-848.1544496996471,0,0,-1041,-71.303852359792,-471.550832360624,412.314694741773,323.385540278996
16161,-861.121601871032,0,0,-1042,60.8197906569267,-544.5,336.653538522914,327.905068949127
16162,-1017.6507495890801,0,0,-1043,-73.1159099585576,-471.55083236062103,238.049999999995,331.96599273010503
16163,-906.153947918914,0,0,-1044,-48.6903273450284,-272.250000000035,123.223747373327,335.562632052822
16164,-695.2185342724221,0,0,-1045,11.0915090356301,-3.09471971502305e-11,1.3529807679728901e-11,338.689956691965
16165,-488.804915075015,0,0,-1046,66.8252394970609,272.249999999981,-123.223747373301,341.34359280124403
16166,-469.812680247623,0,0,-1047,0.16665836114201402,471.55083236062103,-238.049999999995,343.51982903061
16167,-476.02765860409403,0,0,-1048,18.9102582019082,544.5,-336.653538522914,345.215621716912
16168,-691.132890682754,0,0,-1049,-47.7976274423466,471.550832360624,-412.314694741773,346.42859914074205
16169,-827.419954611574,0,0,-1050,63.050266441176795,272.249999999986,-459.877285896227,347.15706484349
16170,-1086.83877584014,0,0,-1051,92.8612241598261,3.681723696276471e-11,-476.1,347.4
16171,-1455.06575204568,0,0,-1052,-18.0955309929682,-272.249999999976,-459.877285896229,347.15706484349
16172,-1644.7440062966598,0,0,-1053,-54.307078335006,-471.55083236061796,-412.314694741775,346.42859914074205
16173,-1519.86153773683,0,0,-1054,70.0763790691733,-544.5,-336.65353852291804,345.215621716913
16174,-1450.8010897189401,0,0,-1055,-29.7200863889212,-471.550832360627,-238.05,343.51982903061
16175,-1122.37715877555,0,0,-1056,-12.2470042034131,-272.250000000045,-123.223747373332,341.343592801245
16176,-847.683414957766,0,0,-1057,-129.37337164976003,1.9215206364121e-11,8.40069765836367e-12,338.689956691966
16177,-392.577958671639,0,0,-1058,-65.61433809772801,272.249999999971,123.22374737329599,335.562632052822
16178,8.925709741500489,0,0,-1059,26.3588846507892,471.550832360615,238.049999999991,331.965992730106
16179,154.393282059732,0,0,-1060,5.33467458769448,544.5,336.653538522911,327.905068949127
16180,144.47307115774598,0,0,-1061,-1.7779962236504299,471.550832360629,412.31469474177004,323.385540278997
16181,-70.6512118064295,0,0,-1062,-59.192225391881706,272.249999999997,459.87728589622594,318.41372768923
16182,-328.00322358006,0,0,-1063,-54.099808289409104,4.85573165878331e-11,476.1,312.996584709301
16183,-555.211067343137,0,0,-1064,14.019959057158802,-272.25000000002,459.877285896223,307.141687703501
16184,-899.0909388790302,0,0,-1065,-75.71202653491021,-471.55083236061205,412.31469474177806,300.857225274715
16185,-989.613910860862,0,0,-1066,-9.91943619568985,-544.5,336.65353852292196,294.151986811906
16186,-1036.99108649846,0,0,-1067,-23.525604335212805,-471.550832360632,238.05000000000402,287.035350197378
16187,-871.562237625453,0,0,-1068,65.9467463102969,-272.250000000002,123.223747373311,279.517268690941
16188,-877.851964595508,0,0,-1069,-80.4602216049074,7.47512673905267e-12,-3.2680512768255003e-12,271.608257009395
16189,-590.831632489644,0,0,-1070,66.8227382629553,272.249999999961,-123.22374737329099,263.319376620731
16190,-545.1956448376429,0,0,-1071,37.6413025280451,471.55083236064,-238.05000000001,254.662220273681
16191,-585.578572541198,0,0,-1072,32.926070197501694,544.5,-336.653538522907,245.648895784207
16192,-910.2898125528341,0,0,-1073,-132.817959273319,471.550832360635,-412.31469474176805,236.29200910161703
16193,-922.292432553012,0,0,-1074,112.730206665186,272.250000000007,-459.877285896225,226.60464667802003
16194,-1355.2523427844098,0,0,-1075,-20.752699950132698,-1.60508692651847e-12,-476.1,216.60035716572398
16195,-1496.11375008905,0,0,-1076,105.720403338951,-272.250000000009,-459.877285896224,206.293132468236
16196,-1773.13989395394,0,0,-1077,-7.9717550228577805,-471.550832360606,-412.31469474178,195.69738817130198
16197,-1696.13155085273,0,0,-1078,78.1940442887637,-544.5,-336.653538522925,184.82794338142898
16198,-1742.3673853192001,0,0,-1079,-127.466552958549,-471.55083236063797,-238.050000000009,173.7
16199,-1220.8707967137,0,0,-1080,92.2738291975654,-272.250000000012,-123.223747373316,162.329121462063
16200,-972.664350173277,0,0,-1081,-42.395561142711394,-4.2649528860157205e-12,-1.86459510471266e-12,150.73121096943999
16201,-586.853132371966,0,0,-1082,-39.2493689939606,272.250000000004,123.223747373312,138.922489248677
16202,-255.944588156041,0,0,-1083,-9.464892381566381,471.550832360634,238.05000000000499,126.91947186488599
16203,-90.4173751414378,0,0,-1084,-2.30985978756599,544.5,336.653538522904,114.738946123225
16204,-169.16868437237198,0,0,-1085,-70.4321590651272,471.55083236064104,412.314694741765,102.397947590349
16205,-294.108308206637,0,0,-1086,-30.149330371492898,272.250000000017,459.877285896223,89.9137362686156
16206,-448.080942667013,0,0,-1087,85.51528487655258,1.01349926985499e-11,476.1,77.3037724564248
16207,-875.045356790916,0,0,-1088,-39.2583350155392,-272.24999999999903,459.877285896225,64.5856923283966
16208,-1196.84822898077,0,0,-1089,-100.38937463151,-471.55083236063103,412.314694741769,51.777283269601895
16209,-1182.6114693792301,0,0,-1090,76.3385330995681,-544.5,336.65353852291,38.8964589982894
16210,-1246.14954268228,0,0,-1091,52.39005516642629,-471.550832360644,238.050000000013,25.961234511925397
16211,-1257.80383184301,0,0,-1092,-29.767280107904803,-272.250000000022,123.223747373321,12.989700891596
16212,-1166.25704345029,0,0,-1093,-73.2570434502789,-1.6005032511084097e-11,6.99724148625082e-12,-6.81137744584366e-13
16213,-939.786021383493,0,0,-1094,18.1774268814151,272.24999999999403,-123.223747373307,-12.989700891594902
16214,-837.861765340025,0,0,-1095,49.598636811269294,471.55083236062796,-238.05000000000098,-25.961234511921802
16215,-994.375762477351,0,0,-1096,-67.3257649561629,544.5,-336.6535385229,-38.896458998288296
16216,-1082.94683159164,0,0,-1097,6.59431405912622,471.55083236061597,-412.31469474177595,-51.7772832696033
16217,-1342.25815152756,0,0,-1098,7.95482669702558,272.250000000027,-459.877285896222,-64.5856923283955
16218,-1685.8611858965,0,0,-1099,-33.4574134401014,2.18750723236183e-11,-476.1,-77.3037724564237
16219,-1920.0114718306602,0,0,-1100,2.0295503341706898,-272.24999999998903,-459.877285896227,-89.9137362686169
16220,-2050.31572755981,0,0,-1101,36.9477471329393,-471.550832360625,-412.31469474177203,-102.397947590348
16221,-2064.3882665781503,0,0,-1102,33.5042180679894,-544.5,-336.65353852291304,-114.738946123224
16222,-1949.68637342126,0,0,-1103,-10.1660691957107,-471.55083236065,-238.050000000018,-126.91947186488501
16223,-1786.5451563531,0,0,-1104,-148.148919731142,-272.24999999997897,-123.2237473733,-138.922489248679
16224,-1136.67769902534,0,0,-1105,119.053511944142,-2.7745112136152498e-11,-1.2129887867789e-11,-150.731210969439
16225,-869.717697109592,0,0,-1106,3.13767697918144,272.249999999984,123.223747373302,-162.32912146206002
16226,-537.354412609389,0,0,-1107,33.744755029991396,471.55083236062205,238.049999999997,-173.69999999999902
16227,-410.27400101677597,0,0,-1108,1.40040384173682,544.5,336.653538522915,-184.82794338142799
16228,-514.720498595123,0,0,-1109,-93.8886375262168,471.55083236062205,412.314694741773,-195.69738817130198
16229,-628.03517832432,0,0,-1110,-43.86933175234321,272.250000000037,459.877285896221,-206.29313246823503
16230,-887.5783324061999,0,0,-1111,-36.077975240447,-2.8287331190733303e-11,476.1,-216.60035716572497
16231,-1111.3876521190598,0,0,-1112,39.5897086627079,-272.24999999997897,459.87728589622805,-226.60464667801898
16232,-1471.96326385565,0,0,-1113,-63.435117135184,-471.550832360619,412.314694741775,-236.29200910161597
16233,-1660.7533196521301,0,0,-1114,-93.25796239084009,-544.5,336.65353852291696,-245.64889578420602
16234,-1637.89938990194,0,0,-1115,-34.7363372676312,-471.550832360625,238.04999999999902,-254.66222027368198
16235,-1550.7463431978301,0,0,-1116,-22.4007139504164,-272.24999999998903,123.223747373305,-263.31937662073
16236,-1391.0552459497599,0,0,-1117,-2.4469889403410496,-3.94851917612209e-11,1.72625342493271e-11,-271.608257009392
16237,-1189.76704630824,0,0,-1118,58.7239697560258,272.24999999997397,-123.223747373297,-279.51726869094
16238,-1211.5111489773699,0,0,-1119,-38.9766311406176,471.55083236061597,-238.049999999992,-287.035350197377
16239,-1144.7496975715699,0,0,-1120,61.5558277632519,544.5,-336.653538522912,-294.151986811905
16240,-1396.98091097905,0,0,-1121,-34.3598233231968,471.55083236062796,-412.314694741771,-300.85722527471296
16241,-1636.6627562246301,0,0,-1122,-19.8937826248952,272.24999999999403,-459.87728589622594,-307.141687703502
16242,-1890.27958794045,0,0,-1123,21.8169967688641,-1.65472515656649e-11,-476.1,-312.9965847093
16243,-2226.91663485365,0,0,-1124,-52.375621268221394,-272.24999999996896,-459.87728589623003,-318.413727689229
16244,-2298.63166882834,0,0,-1125,33.619398553043105,-471.55083236061404,-412.314694741777,-323.385540278997
16245,-2322.5505509226,0,0,-1126,12.5080565494501,-544.5,-336.653538522921,-327.905068949127
16246,-2178.55135019568,0,0,-1127,-9.98452510493768,-471.55083236063103,-238.05000000000302,-331.96599273010503
16247,-1807.6696182537198,0,0,-1128,51.3667611724066,-272.24999999999903,-123.22374737331002,-335.562632052822
16248,-1260.27571274542,0,0,-1129,207.414243946618,-5.12252713862893e-11,-2.23951806308653e-11,-338.689956691965
16249,-1114.3435215305,0,0,-1130,-38.4736761025866,272.250000000017,123.223747373319,-341.34359280124403
16250,-757.1872340024761,0,0,-1131,7.73176266753572,471.55083236061097,238.049999999988,-343.51982903061
16251,-671.168229024733,0,0,-1132,-75.10614583072929,544.5,336.653538522908,-345.215621716912
16252,-562.422792700322,0,0,-1133,33.140279338018395,471.550832360634,412.31469474176805,-346.42859914074205
16253,-852.463189695135,0,0,-1134,-103.43341074787399,272.250000000004,459.877285896225,-347.15706484349
16254,-961.4835218164129,0,0,-1135,44.8164781835915,-4.80717194059649e-12,476.1,-347.4
16255,-1263.4241512286599,0,0,-1136,32.1056277185539,-272.249999999959,459.877285896231,-347.15706484349
16256,-1578.2223803438299,0,0,-1137,-35.5576435842128,-471.55083236063905,412.31469474176595,-346.42859914074205
16257,-1637.80842055286,0,0,-1138,53.2536626411236,-544.5,336.653538522924,-345.215621716913
16258,-1734.0918986391,0,0,-1139,-18.071237247864698,-471.550832360637,238.050000000008,-343.51982903061
16259,-1591.2888158906799,0,0,-1140,39.081029537256896,-272.250000000009,123.22374737331499,-341.34359280124403
16260,-1481.5014092442002,0,0,-1141,-1.8114525522325802,-1.06286787193771e-12,4.64675292772766e-13,-338.689956691965
16261,-1392.5235678753197,0,0,-1142,-63.9871884491919,272.250000000007,-123.223747373314,-335.562632052822
16262,-1259.29098875914,0,0,-1143,-17.8258283896517,471.550832360605,-238.049999999983,-331.965992730106
16263,-1152.16170577392,0,0,-1144,111.89690169812799,544.5,-336.653538522924,-327.905068949127
16264,-1294.6031868171,0,0,-1145,114.546215843028,471.55083236064,-412.31469474176595,-323.385540278997
16265,-1651.93570073456,0,0,-1146,0.10531285087656699,272.250000000014,-459.877285896224,-318.41372768923
16266,-1946.7104852540199,0,0,-1147,-10.6139005447244,6.9329076844719e-12,-476.1,-312.996584709301
16267,-2166.04946311826,0,0,-1148,21.2195104814646,-272.250000000002,-459.877285896225,-307.141687703501
16268,-2295.80662983658,0,0,-1149,37.916122540532996,-471.550832360633,-412.314694741769,-300.85722527471404
16269,-2363.29881089901,0,0,-1150,-37.993285564175,-544.5,-336.653538522928,-294.151986811907
16270,-2154.20591160263,0,0,-1151,-6.56972904460075,-471.550832360643,-238.050000000012,-287.035350197377
16271,-1835.51042093564,0,0,-1152,-8.51940487136017,-272.250000000019,-123.223747373319,-279.51726869094
16272,-1370.45831293374,0,0,-1153,54.1499440756699,-1.28029474970061e-11,-5.59732167431093e-12,-271.608257009394
16273,-1082.5574567871301,0,0,-1154,-60.711827539704,272.249999999997,123.223747373309,-263.319376620732
16274,-754.609892979666,0,0,-1155,-54.548505066616,471.55083236062995,238.05000000000197,-254.66222027368198
16275,-502.449510868548,0,0,-1156,18.0458463927387,544.5,336.65353852292003,-245.64889578420602
16276,-451.896794418769,0,0,-1157,57.5296875804407,471.55083236064496,412.314694741763,-236.292009101618
16277,-696.654046428359,0,0,-1158,-44.176685646584396,272.250000000024,459.877285896222,-226.604646678021
16278,-885.881596177672,0,0,-1159,13.6187609880325,1.86729873095403e-11,476.1,-216.600357165723
16279,-1231.63169103037,0,0,-1160,-52.965844458369205,-272.249999999992,459.877285896227,-206.29313246823503
16280,-1377.9135363327898,0,0,-1161,38.019989457368204,-471.550832360627,412.314694741771,-195.69738817130298
16281,-1567.3775502682902,0,0,-1162,-12.703145409796901,-544.5,336.653538522932,-184.82794338142799
16282,-1686.52855874821,0,0,-1163,-116.327726387584,-471.55083236061796,238.049999999993,-173.69999999999902
16283,-1579.7808815776998,0,0,-1164,-104.42550748893,-272.250000000029,123.22374737332399,-162.329121462062
16284,-1320.18085428375,0,0,-1165,-4.44964331429766,-2.45430271220745e-11,1.0729968055849098e-11,-150.731210969441
16285,-1252.331668739,0,0,-1166,-96.4354321170054,272.249999999987,-123.22374737330401,-138.922489248679
16286,-1092.83548918518,0,0,-1167,-32.4168496809182,471.550832360624,-238.04999999999802,-126.91947186488501
16287,-1003.61022330881,0,0,-1168,71.2822613373278,544.5,-336.653538522916,-114.738946123226
16288,-1239.66483893452,0,0,-1169,-27.5030289630592,471.55083236065104,-412.31469474176004,-102.39794759035
16289,-1363.78178361226,0,0,-1170,83.759238552601,272.249999999981,-459.87728589622805,-89.91373626861679
16290,-1700.52444981082,0,0,-1171,23.8793226455707,3.04130669346087e-11,-476.1,-77.3037724564236
16291,-2003.55382725016,0,0,-1172,-34.8408490255552,-272.249999999982,-459.87728589622805,-64.5856923283978
16292,-2073.45675361108,0,0,-1173,35.186056760921396,-471.55083236062103,-412.31469474177396,-51.7772832696056
16293,-2060.64738091295,0,0,-1174,33.4026166082521,-544.5,-336.653538522916,-38.8964589982882
16294,-1853.7693205459802,0,0,-1175,56.792746326564796,-471.550832360623,-238.049999999997,-25.9612345119242
16295,-1528.54878215326,0,0,-1176,55.914666111710304,-272.250000000039,-123.22374737332899,-12.989700891597199
16296,-1259.41566821729,0,0,-1177,-82.4156682173282,2.56193763922771e-11,1.12005372822434e-11,-5.95619217233307e-13
16297,-711.577907177469,0,0,-1178,57.95864455766,272.249999999977,123.223747373299,12.989700891596101
16298,-463.103511571168,0,0,-1179,-19.6655784437025,471.55083236061796,238.049999999993,25.961234511923
16299,-157.36879731882,0,0,-1180,102.58120515998002,544.5,336.65353852291304,38.896458998287
16300,-264.755261212999,0,0,-1181,-19.3980715849988,471.550832360626,412.31469474177203,51.777283269602
16301,-359.964676585457,0,0,-1182,25.3223451899288,272.249999999991,459.877285896227,64.5856923283966
16302,-635.409110709131,0,0,-1183,-5.81288316559573,4.21531465596771e-11,476.1,77.30377245642241
16303,-909.6942263650951,0,0,-1184,-3.23524852996618,-272.249999999972,459.877285896229,89.9137362686132
16304,-1178.63711559085,0,0,-1185,-36.7989255623602,-471.550832360615,412.31469474177595,102.397947590349
16305,-1299.0471560845301,0,0,-1186,-19.9396407306784,-544.5,336.65353852292003,114.738946123225
16306,-1317.6398095542402,0,0,-1187,-24.0584490584959,-471.550832360629,238.05000000000197,126.91947186488399
16307,-1241.9173349595,0,0,-1188,-43.8135715814866,-272.249999999996,123.22374737330799,138.922489248678
16308,-927.7134072984101,0,0,-1189,110.555381732142,1.3879296767208699e-11,-6.06789090070529e-12,150.73121096943999
16309,-914.8165219282339,0,0,-1190,-36.1718960169676,272.24999999996703,-123.22374737329399,162.329121462061
16310,-746.391067378425,0,0,-1191,37.408100260953105,471.55083236061205,-238.049999999989,173.69999999999803
16311,-880.9687177558301,0,0,-1192,-81.6431226143482,544.5,-336.653538522909,184.827943381427
16312,-884.901981827123,0,0,-1193,53.164492382711494,471.550832360632,-412.314694741769,195.69738817130298
16313,-1098.25354611798,0,0,-1194,77.0806073100147,272.25000000000097,-459.877285896225,206.29313246823398
16314,-1398.8107737773,0,0,-1195,55.6888690569269,5.38932261847454e-11,-476.1,216.60035716572202
16315,-1602.83294923565,0,0,-1196,98.68968998257229,-272.250000000015,-459.877285896223,226.60464667801799
16316,-1792.89328651462,0,0,-1197,51.6802314861481,-471.550832360609,-412.314694741779,236.29200910161703
16317,-1839.88194161561,0,0,-1198,-6.3772988768915795,-544.5,-336.653538522923,245.64889578420602
16318,-1592.1560168504097,0,0,-1199,61.782595236551295,-471.550832360635,-238.05000000000598,254.662220273681
16319,-1381.7503214909802,0,0,-1200,-49.595950738396,-272.25000000000597,-123.223747373313,263.319376620731
16320,-965.1153201886099,0,0,-1201,-35.7235771980059,2.13921714214031e-12,9.35244519167126e-13,271.608257009393
16321,-594.576267658397,0,0,-1202,-67.56728372258199,272.249999999956,123.22374737328899,279.517268690939
16322,-85.545159959194,0,0,-1203,120.818657482785,471.550832360637,238.050000000008,287.035350197376
16323,-176.361636817081,0,0,-1204,-147.667162151893,544.5,336.653538522905,294.151986811906
16324,22.966872071503502,0,0,-1205,43.2441196943855,471.55083236063797,412.31469474176595,300.85722527471296
16325,-189.165201256065,0,0,-1206,-22.434174855800702,272.25000000001097,459.877285896224,307.1416877035
16326,-369.81627310278,0,0,-1207,48.0871421879167,3.73082267039389e-12,476.1,312.9965847093
16327,-709.272505926332,0,0,-1208,-7.31351951178152,-272.250000000005,459.877285896225,318.41372768923
16328,-915.516263047175,0,0,-1209,29.3343342926507,-471.550832360603,412.314694741782,323.385540278996
16329,-1091.8500461730698,0,0,-1210,-1.90865364510806,-544.5,336.653538522908,327.905068949127
16330,-1061.4680519084402,0,0,-1211,51.06678772208279,-471.55083236064104,238.05000000001098,331.965992730106
16331,-2274.37257120397,1,0,-1212,-64.519877571598,-272.250000000016,123.223747373318,335.562632052822
16332,-844.091260370394,0,0,-1213,30.218782937645802,-9.600862482928081e-12,4.1974018623710395e-12,338.689956691965
16333,-716.064188069927,0,0,-1214,7.565966502139161,272.25,-123.22374737331002,341.34359280124403
16334,-574.929237466442,0,0,-1215,63.0501011423198,471.55083236063103,-238.05000000000302,343.51982903061
16335,-575.822389866494,0,0,-1216,87.11552693949541,544.5,-336.653538522902,345.215621716912
16336,-781.744419988688,0,0,-1217,29.590843251690103,471.550832360644,-412.314694741764,346.42859914074205
16337,-1004.7682716955301,0,0,-1218,53.70194935718229,272.25000000002103,-459.877285896223,347.15706484349
16338,-1345.91445919944,0,0,-1219,1.7855408005434001,1.54709022954623e-11,-476.1,347.4
16339,-1588.7928961291102,0,0,-1220,16.1773249236168,-272.249999999995,-459.87728589622594,347.15706484349
16340,-1762.5259154131197,0,0,-1221,-4.08898745146342,-471.55083236062796,-412.314694741771,346.42859914074205
16341,-1840.3349410607998,0,0,-1222,-82.397024254806,-544.5,-336.653538522911,345.215621716913
16342,-1570.0937147739098,0,0,-1223,18.987288556142,-471.55083236064695,-238.050000000015,343.51982903061
16343,-1260.35690687601,0,0,-1224,17.7732476960989,-272.250000000027,-123.22374737332301,341.343592801245
16344,-975.0069209041301,0,0,-1225,-88.69687759606458,-2.13409421079965e-11,-9.3300482439092e-12,338.689956691966
16345,-516.205801307212,0,0,-1226,-21.2421807333288,272.24999999999,123.223747373305,335.562632052822
16346,-203.57074782643997,0,0,-1227,-18.1375729171698,471.550832360625,238.04999999999902,331.965992730106
16347,-50.27316104787129,0,0,-1228,-31.3317685199156,544.5,336.65353852291696,327.905068949127
16348,-119.349131498371,0,0,-1229,-97.6001988797619,471.550832360619,412.314694741775,323.385540278997
16349,-90.6675572406073,0,0,-1230,88.79142917390999,272.250000000032,459.877285896221,318.41372768923
16350,-472.349294704664,0,0,-1231,-30.4458794139922,2.72109819205307e-11,476.1,312.996584709301
16351,-733.0451199647479,0,0,-1232,4.18590643550711,-272.249999999985,459.877285896227,307.141687703502
16352,-1008.83119928423,0,0,-1233,-17.4522869400926,-471.550832360623,412.314694741773,300.857225274715
16353,-1037.87068191645,0,0,-1234,109.82379274873199,-544.5,336.653538522915,294.151986811906
16354,-1053.10607708431,0,0,-1235,128.359405078947,-471.550832360653,238.05000000002002,287.035350197378
16355,-1129.05766422375,0,0,-1236,-23.5486802880141,-272.249999999983,123.223747373302,279.517268690941
16356,-1021.1354294614999,0,0,-1237,-55.743686470874394,-3.3081021733064796e-11,1.44626946254474e-11,271.608257009393
16357,-770.505206747401,0,0,-1238,55.149164005188894,272.24999999997897,-123.2237473733,263.319376620731
16358,-701.94572256787,0,0,-1239,48.8912247978235,471.55083236062006,-238.049999999995,254.662220273681
16359,-770.616131154207,0,0,-1240,15.8885115844997,544.5,-336.653538522914,245.648895784207
16360,-879.8702566945599,0,0,-1241,65.60159658497071,471.550832360625,-412.31469474177203,236.29200910161703
16361,-1122.14009012426,0,0,-1242,80.8825490938989,272.250000000042,-459.87728589622003,226.60464667802003
16362,-1559.4707938667902,0,0,-1243,-56.9711510324955,-2.2951421593820898e-11,-476.1,216.60035716572398
16363,-1655.8592853289902,0,0,-1244,113.97486809898199,-272.24999999997397,-459.877285896229,206.293132468236
16364,-1974.96415593863,0,0,-1245,-41.7960170075441,-471.550832360617,-412.31469474177595,195.69738817130298
16365,-1929.1392677235397,0,0,-1246,13.186327417948599,-544.5,-336.653538522919,184.82794338142898
16366,-1746.63038262006,0,0,-1247,36.270449740566704,-471.55083236062796,-238.05000000000098,173.7
16367,-1460.24007024818,0,0,-1248,20.904555663052,-272.249999999993,-123.223747373307,162.329121462063
16368,-992.425617715249,0,0,-1249,105.843171315375,-4.4821101358133206e-11,-1.95953410069855e-11,150.73121096943999
16369,-697.082544113491,0,0,-1250,18.5212192644871,272.250000000023,123.223747373321,138.922489248678
16370,-409.59485389246004,0,0,-1251,4.88484188204993,471.55083236061404,238.04999999999,126.91947186488599
16371,-371.36814376740404,0,0,-1252,-115.26062841353901,544.5,336.65353852291,114.738946123225
16372,-298.410186533914,0,0,-1253,-31.6736612266634,471.55083236063103,412.31469474177004,102.397947590349
16373,-428.423221744307,0,0,-1254,3.5357560908534302,272.249999999998,459.87728589622594,89.9137362686156
16374,-661.858074608153,0,0,-1255,39.7381529354333,-1.1211341968752501e-11,476.1,77.30377245642491
16375,-1000.94301149409,0,0,-1256,2.8440102812486696,-272.24999999996396,459.87728589623003,64.5856923283966
16376,-1365.91655704555,0,0,-1257,-101.457702696319,-471.55083236061097,412.31469474177806,51.7772832696045
16377,-1429.83506384091,0,0,-1258,-2.88506136212098,-544.5,336.65353852292196,38.896458998289496
16378,-1526.72148476665,0,0,-1259,-60.181886917945604,-471.550832360634,238.05000000000499,25.961234511925397
16379,-1403.20405741491,0,0,-1260,-7.16750567981699,-272.250000000004,123.223747373312,12.989700891596101
16380,-1344.1177955839698,0,0,-1261,-83.1177955839742,5.3413021562183205e-12,-2.3351643311070203e-12,-5.960492849796079e-13
16381,-1067.92779678146,0,0,-1262,58.0356514834363,272.250000000013,-123.223747373316,-12.9897008915948
16382,-1038.41169608659,0,0,-1263,17.048706064716402,471.550832360608,-238.049999999986,-25.9612345119242
16383,-1112.56617030002,0,0,-1264,-17.516172778820902,544.5,-336.653538522907,-38.8964589982882
16384,-1182.47658629244,0,0,-1265,75.0645593582919,471.550832360636,-412.31469474176697,-51.7772832696032
16385,-1483.87560718892,0,0,-1266,34.3373710356948,272.250000000009,-459.877285896224,-64.5856923283954
16386,-1818.5482041905802,0,0,-1267,1.85556826584676,5.287376563158739e-13,-476.1,-77.3037724564236
16387,-2092.40729025617,0,0,-1268,-2.3662680913713903,-272.249999999954,-459.877285896231,-89.9137362686144
16388,-2370.9791187229503,0,0,-1269,-115.715644030198,-471.550832360636,-412.31469474176697,-102.397947590348
16389,-2266.0554762831302,0,0,-1270,-0.162991636982591,-544.5,-336.653538522926,-114.738946123224
16390,-2077.5781097328895,0,0,-1271,29.942194492642198,-471.55083236063905,-238.05000000001,-126.91947186488501
16391,-1785.6867454570001,0,0,-1272,20.7094911650087,-272.250000000014,-123.223747373317,-138.922489248679
16392,-1496.4163597941501,0,0,-1273,-72.6851488246978,-6.39877746885007e-12,-2.7974820504311403e-12,-150.731210969439
16393,-1040.2202001031699,0,0,-1274,0.635173985575974,272.250000000003,123.223747373311,-162.32912146206002
16394,-729.723264091675,0,0,-1275,9.375903547741471,471.55083236060204,238.049999999981,-173.69999999999902
16395,-607.153476367651,0,0,-1276,-27.479071509145104,544.5,336.65353852292196,-184.82794338142799
16396,-536.232098732701,0,0,-1277,52.5997623361934,471.550832360642,412.314694741765,-195.69738817130101
16397,-704.9500178514039,0,0,-1278,47.2158287205886,272.250000000019,459.877285896223,-206.29313246823503
16398,-1025.29377852134,0,0,-1279,-5.79342135563035,1.2268817281384301e-11,476.1,-216.600357165723
16399,-1303.59006452423,0,0,-1280,15.3872962575565,-272.249999999997,459.87728589622594,-226.60464667801898
16400,-1604.10000131185,0,0,-1281,-27.5718545913691,-471.55083236062995,412.31469474177004,-236.29200910161597
16401,-1582.85823729368,0,0,-1282,152.637119967594,-544.5,336.65353852293,-245.64889578420602
16402,-1713.3996112688299,0,0,-1283,57.7634413654737,-471.55083236061404,238.049999999991,-254.66222027368198
16403,-1621.8914542058099,0,0,-1284,74.4541750416205,-272.250000000024,123.22374737332198,-263.31937662073
16404,-1527.94343662229,0,0,-1285,28.664820387111302,-1.8138857093918398e-11,7.93012843196931e-12,-271.608257009392
16405,-1467.71445107128,0,0,-1286,-51.223435007026396,272.249999999992,-123.22374737330601,-279.51726869094
16406,-1353.72753528223,0,0,-1287,-13.1930174454783,471.550832360627,-238.05,-287.035350197377
16407,-1382.15585661246,0,0,-1288,-7.85033127763284,544.5,-336.65353852291804,-294.151986811905
16408,-1650.35519429707,0,0,-1289,-119.73410664124201,471.550832360648,-412.314694741762,-300.85722527471404
16409,-1826.64997646096,0,0,-1290,-41.8810028612707,272.250000000029,-459.877285896222,-307.141687703501
16410,-2080.4690173516897,0,0,-1291,-0.37243264241170004,2.4008896906452603e-11,-476.1,-312.9965847093
16411,-2361.76632535345,0,0,-1292,-19.2253117680102,-272.249999999987,-459.877285896227,-318.413727689229
16412,-2545.02941537376,0,0,-1293,-44.778347992362605,-471.550832360624,-412.31469474177203,-323.385540278997
16413,-2499.7373695979,0,0,-1294,3.32123787413637,-544.5,-336.653538522914,-327.905068949127
16414,-2204.85893349542,0,0,-1295,131.707891595302,-471.55083236062006,-238.049999999995,-331.96599273010503
16415,-2016.5257265850698,0,0,-1296,10.5106528411096,-272.250000000034,-123.223747373327,-335.562632052822
16416,-1670.13039156207,0,0,-1297,-34.440434870061196,-2.98789367189868e-11,-1.30627748135075e-11,-338.689956691965
16417,-1250.57969175136,0,0,-1298,-6.709846323399151,272.249999999982,123.223747373301,-341.34359280124403
16418,-951.7245369382711,0,0,-1299,-18.8055402682788,471.55083236062103,238.049999999996,-343.51982903061
16419,-773.216206180507,0,0,-1300,-9.154122986509618,544.5,336.653538522915,-345.215621716912
16420,-776.435763556066,0,0,-1301,-12.8726915177371,471.550832360654,412.314694741759,-346.42859914074205
16421,-918.126192693007,0,0,-1302,-1.09641374573015,272.249999999985,459.877285896227,-347.15706484349
16422,-1093.69159944321,0,0,-1303,80.60840055675071,3.5748976531520997e-11,476.1,-347.4
16423,-1519.02836194428,0,0,-1304,-55.49858299703771,-272.249999999977,459.87728589622805,-347.15706484349
16424,-1666.3618717963598,0,0,-1305,44.3028649632295,-471.55083236061796,412.314694741775,-346.42859914074205
16425,-1912.9246403072198,0,0,-1306,-53.8625571132206,-544.5,336.65353852291804,-345.215621716913
16426,-1878.7557336912803,0,0,-1307,5.26492769995808,-471.550832360626,238.04999999999902,-343.51982903061
16427,-1759.0193274581602,0,0,-1308,39.35051796979629,-272.250000000044,123.223747373332,-341.34359280124403
16428,-1678.59963748155,0,0,-1309,-30.9096807896009,2.02834667953647e-11,-8.86773052458507e-12,-338.689956691965
16429,-1530.6602617991598,0,0,-1310,-34.1238823730127,272.249999999972,-123.223747373297,-335.562632052823
16430,-1358.2246626255699,0,0,-1311,51.2404977439124,471.550832360615,-238.049999999991,-331.965992730106
16431,-1535.81157245295,0,0,-1312,-103.752964980911,544.5,-336.653538522911,-327.905068949126
16432,-1586.35031721183,0,0,-1313,-9.20091455174072,471.55083236065997,-412.31469474175697,-323.385540278997
16433,-1876.83634308822,0,0,-1314,-56.7953295027553,272.249999999996,-459.87728589622594,-318.41372768923
16434,-2048.34933780424,0,0,-1315,55.7472469050733,-1.4413426982830499e-11,-476.1,-312.9965847093
16435,-2380.68813528638,0,0,-1316,-25.4191616866783,-272.24999999996703,-459.87728589623003,-307.141687703502
16436,-2496.81915083481,0,0,-1317,4.90360154229082,-471.55083236061205,-412.31469474177806,-300.85722527471404
16437,-2485.25404209248,0,0,-1318,8.05148324233223,-544.5,-336.653538522902,-294.151986811905
16438,-2263.1725905159,0,0,-1319,52.4635920421107,-471.550832360632,-238.05000000000402,-287.035350197377
16439,-1900.0752644053302,0,0,-1320,94.915751658917,-272.25000000000097,-123.22374737331002,-279.51726869094
16440,-1535.51889344582,0,0,-1321,57.0893635636554,-5.33590959691236e-11,-2.33280675765838e-11,-271.608257009396
16441,-1238.66627336338,0,0,-1322,-48.820644115897295,272.24999999996203,123.22374737329201,-263.319376620732
16442,-936.1075429410901,0,0,-1323,-68.04615502805879,471.55083236064,238.05000000001,-254.66222027368198
16443,-655.789107727933,0,0,-1324,32.7062495333678,544.5,336.653538522907,-245.64889578420798
16444,-680.8819615742971,0,0,-1325,-3.45547957508142,471.550832360635,412.31469474176805,-236.292009101618
16445,-831.4151435170829,0,0,-1326,-10.9377827352944,272.25000000000597,459.877285896225,-226.60464667801898
16446,-1034.20530915451,0,0,-1327,33.2950480111585,5.92291357816578e-11,476.1,-216.60035716572497
16447,-1314.4983298776801,0,0,-1328,32.167516694345196,-272.25000000001,459.877285896224,-206.29313246823503
16448,-1519.87153335252,0,0,-1329,64.061992437651,-471.55083236063797,412.31469474176697,-195.69738817130198
16449,-1781.9071073442,0,0,-1330,-59.232702485701104,-544.5,336.653538522925,-184.82794338142799
16450,-1773.5365150653101,0,0,-1331,-35.335682704684,-471.55083236063797,238.050000000008,-173.69999999999902
16451,-1576.7631439509198,0,0,-1332,66.59223013786419,-272.25000000006503,123.223747373342,-162.329121462064
16452,-1402.25085263781,0,0,-1333,81.4803583316322,-3.1966924547720498e-12,1.39756223849125e-12,-150.731210969441
16453,-1266.84981648551,0,0,-1334,57.04642013648021,272.250000000005,-123.223747373313,-138.922489248679
16454,-1309.04423998739,0,0,-1335,-80.6256004831242,471.55083236060403,-238.049999999982,-126.919471864888
16455,-1324.79290391512,0,0,-1336,-81.9004192689913,544.5,-336.653538522904,-114.738946123226
16456,-1494.6541216092498,0,0,-1337,-114.492311637729,471.55083236060995,-412.314694741779,-102.397947590348
16457,-1561.17614619788,0,0,-1338,54.364875966941796,272.250000000016,-459.877285896223,-89.9137362686169
16458,-1932.7812770024698,0,0,-1339,-40.3775045460579,9.06673226730625e-12,-476.1,-77.3037724564237
16459,-2203.96464731233,0,0,-1340,-67.2516690877069,-272.25,-459.877285896225,-64.5856923283955
16460,-2306.6478700590196,0,0,-1341,-30.0050596870296,-471.55083236060096,-412.314694741783,-51.7772832696033
16461,-2250.46385964934,0,0,-1342,11.586137871862302,-544.5,-336.653538522909,-38.896458998288296
16462,-2080.5596664538,0,0,-1343,-1.9975995812211103,-471.550832360644,-238.050000000013,-25.961234511926698
16463,-1804.2838997067101,0,0,-1344,-51.8204514417723,-272.25000000002103,-123.22374737332,-12.989700891597302
16464,-1236.22531236218,0,0,-1345,108.774687637839,-1.49367720798404e-11,-6.53020862002941e-12,-6.80707676838065e-13
16465,-831.073861004047,0,0,-1346,106.462690731136,272.249999999942,123.223747373282,12.989700891593499
16466,-726.797766010083,0,0,-1347,-115.359832882636,471.550832360629,238.05000000000098,25.9612345119229
16467,-424.45592910752,0,0,-1348,3.4940733712713796,544.5,336.653538522919,38.8964589982894
16468,-404.520551688678,0,0,-1349,8.8366379393107,471.55083236064695,412.314694741763,51.777283269601895
16469,-563.302334729986,0,0,-1350,-10.015312954630598,272.25000000002603,459.877285896222,64.5856923283966
16470,-712.7039464957311,0,0,-1351,84.8922810478854,-4.10956712470453e-11,476.1,77.3037724564248
16471,-1060.04234021276,0,0,-1352,14.416637622389699,-272.24999999999,459.877285896227,89.9137362686132
16472,-1315.1705537488,0,0,-1353,-5.33236372029579,-471.550832360626,412.31469474177203,102.397947590349
16473,-1451.11035562792,0,0,-1354,-4.00284027407385,-544.5,336.653538522932,114.73894612322201
16474,-1488.29836826482,0,0,-1355,-26.7170077690698,-471.55083236065,238.050000000017,126.91947186488399
16475,-1420.4597410765698,0,0,-1356,-54.35597769856879,-272.249999999978,123.223747373299,138.922489248677
16476,-1283.80464058343,0,0,-1357,-77.5358515528542,-2.6676851704908804e-11,1.16628550015676e-11,150.731210969438
16477,-1032.09427767206,0,0,-1358,14.5503482391975,272.249999999985,-123.223747373303,162.329121462061
16478,-982.7732960584509,0,0,-1359,-30.9741284190767,471.550832360623,-238.049999999997,173.7
16479,-1033.57226214115,0,0,-1360,-66.246666999684,544.5,-336.653538522897,184.827943381427
16480,-1136.9082932155,0,0,-1361,-30.8418190056519,471.55083236062103,-412.31469474177396,195.69738817130198
16481,-1407.0176522004099,0,0,-1362,-63.6834987724031,272.249999999983,-459.87728589622805,206.293132468236
16482,-1525.60925065116,0,0,-1363,96.89039218309,3.2546891517443e-11,-476.1,216.60035716572202
16483,-1862.85478063393,0,0,-1364,6.667858584258441,-272.24999999998,-459.87728589622805,226.60464667802003
16484,-2058.670679158,0,0,-1365,-46.0971611572408,-471.55083236058897,-412.314694741788,236.29200910161498
16485,-1948.2883335276501,0,0,-1366,53.21630921106011,-544.5,-336.65353852291696,245.64889578420602
16486,-1758.99490126932,0,0,-1367,62.943710817623504,-471.550832360624,-238.04999999999802,254.662220273681
16487,-1425.7136346121201,0,0,-1368,74.4407361405233,-272.250000000041,-123.22374737333,263.319376620729
16488,-1211.16454910574,0,0,-1369,-113.772806115075,-3.8416931329977204e-11,-1.67955013831057e-11,271.608257009393
16489,-646.414908737334,0,0,-1370,48.5940751983731,272.250000000028,123.22374737332399,279.517268690941
16490,-419.637218193484,0,0,-1371,-45.2734007514701,471.550832360617,238.049999999993,287.035350197376
16491,-205.251147761097,0,0,-1372,-8.55667309591511,544.5,336.653538522912,294.151986811906
16492,-151.813137367305,0,0,-1373,36.464110255582106,471.550832360627,412.314694741771,300.857225274715
16493,-355.811768383432,0,0,-1374,-21.0807419831979,272.250000000046,459.877285896219,307.1416877035
16494,-647.317523046377,0,0,-1375,-61.4141077556594,-1.76155119969085e-11,476.1,312.9965847093
16495,-996.9921888347681,0,0,-1376,-127.033202420256,-272.24999999997004,459.877285896229,318.413727689229
16496,-1163.64364381271,0,0,-1377,-50.7930464728716,-471.55083236061404,412.314694741777,323.385540278996
16497,-1261.6039209534,0,0,-1378,-3.66252842544253,-544.5,336.65353852292003,327.905068949127
16498,-1284.07232527106,0,0,-1379,-3.53748564053069,-471.550832360661,238.05000000002602,331.96599273010503
16499,-1273.4252233292402,0,0,-1380,-79.9616027553769,-272.249999999998,123.223747373309,335.562632052822
16500,-983.514628801765,0,0,-1381,58.7954145062628,1.1745472184374301e-11,-5.1350039549868e-12,338.689956691966
16501,-813.1610329955021,0,0,-1382,78.46912157658191,272.249999999965,-123.223747373293,341.34359280124403
16502,-889.9369022748359,0,0,-1383,-83.957563666069,471.55083236061097,-238.049999999988,343.51982903061
16503,-782.3680143108729,0,0,-1384,48.569902495141896,544.5,-336.653538522928,345.215621716913
16504,-889.603267507623,0,0,-1385,89.73199573277029,471.550832360633,-412.314694741769,346.42859914074205
16505,-1259.3201616414801,0,0,-1386,-32.8499405887478,272.250000000003,-459.877285896225,347.15706484349
16506,-1424.66243371111,0,0,-1387,91.03756628883791,5.602705076757979e-11,-476.1,347.4
16507,-1647.06033543591,0,0,-1388,125.909885616793,-272.24999999996004,-459.877285896231,347.15706484349
16508,-1961.74287702065,0,0,-1389,-35.3059490589854,-471.55083236063905,-412.31469474176595,346.42859914074205
16509,-1832.22617887697,0,0,-1390,93.71173792904058,-544.5,-336.653538522924,345.215621716913
16510,-1816.8006261514101,0,0,-1391,-59.7196228213774,-471.550832360636,-238.05000000000703,343.51982903061
16511,-2546.65311234372,1,0,-1392,83.8661152868541,-272.250000000008,-123.223747373314,341.34359280124403
16512,-1128.5885980995802,0,0,-1393,-74.2785547914608,-6.1897090580114e-11,-2.7060794146182102e-11,338.689956691966
16513,-728.095539952027,0,0,-1394,-65.1319193781715,272.250000000008,123.223747373314,335.562632052822
16514,-433.905172447678,0,0,-1395,-80.4719975384261,471.550832360636,238.05000000000703,331.96599273010503
16515,-267.610450510642,0,0,-1396,-80.6690579826745,544.5,336.653538522905,327.905068949128
16516,-291.887356242879,0,0,-1397,-102.138423624281,471.55083236063905,412.31469474176595,323.385540278997
16517,-386.77970832775003,0,0,-1398,-39.3207219132645,272.25000000006696,459.87728589621696,318.413727689231
16518,-567.348869219014,0,0,-1399,42.5545460716791,5.86464725322823e-12,476.1,312.996584709301
16519,-1073.01696006723,0,0,-1400,-167.785933666955,-272.250000000003,459.877285896225,307.141687703502
16520,-1161.0965738836,0,0,-1401,-1.7176615394981598,-471.55083236060204,412.314694741782,300.857225274715
16521,-1383.0026166974499,0,0,-1402,-67.308142032283,-544.5,336.653538522928,294.151986811906
16522,-1196.7980200540899,0,0,-1403,152.667462109156,-471.55083236061097,238.049999999988,287.035350197376
16523,-1286.92441626375,0,0,-1404,-13.415432327995902,-272.250000000018,123.223747373319,279.517268690942
16524,-1148.7719172597,0,0,-1405,-15.3801742690868,-1.17346870657624e-11,5.130288808089519e-12,271.608257009393
16525,-981.833564073661,0,0,-1406,11.8208066789205,272.249999999998,-123.223747373309,263.319376620729
16526,-928.633416867429,0,0,-1407,-9.79646950173218,471.550832360599,-238.04999999997898,254.662220273683
16527,-996.321262592925,0,0,-1408,-41.8166198542116,544.5,-336.65353852292003,245.648895784207
16528,-1120.9770019858302,0,0,-1409,-7.50514870632732,471.55083236064496,-412.314694741763,236.292009101619
16529,-1278.91430615275,0,0,-1410,92.1083330654303,272.250000000023,-459.877285896222,226.60464667802003
16530,-1707.18120732934,0,0,-1411,-36.6815644950851,1.76047268782966e-11,-476.1,216.60035716572398
16531,-1829.71200304129,0,0,-1412,108.12215038664499,-272.249999999939,-459.877285896233,206.293132468236
16532,-2096.31255689613,0,0,-1413,4.85558203496109,-471.550832360627,-412.314694741771,195.69738817130298
16533,-2205.49926565627,0,0,-1414,-95.1736705147803,-544.5,-336.653538522912,184.827943381427
16534,-2062.73136371922,0,0,-1415,-111.830531358562,-471.550832360648,-238.05000000001598,173.700000000003
16535,-1568.0896758340198,0,0,-1416,81.0549500772753,-272.250000000028,-123.22374737332399,162.329121462061
16536,-1215.9020168674901,0,0,-1417,50.3667721630204,3.84277164485891e-11,1.6800216530003e-11,150.731210969438
16537,-892.614544252965,0,0,-1418,-9.01078087493726,272.249999999988,123.22374737330401,138.92248924868
16538,-613.446390859088,0,0,-1419,-30.966695084597003,471.550832360624,238.04999999999802,126.91947186488702
16539,-418.49154801161905,0,0,-1420,5.61596734223971,544.5,336.65353852291696,114.738946123225
16540,-399.863290104562,0,0,-1421,34.8732352026774,471.55083236065104,412.314694741761,102.397947590349
16541,-545.898372370364,0,0,-1422,54.0606054648119,272.24999999998,459.87728589622805,89.91373626861571
16542,-851.094549434297,0,0,-1423,18.501678109249102,2.9344806503365e-11,476.1,77.30377245642491
16543,-1067.5251262270199,0,0,-1424,104.261895548339,-272.249999999983,459.87728589622805,64.5856923283967
16544,-1394.64625222048,0,0,-1425,37.812602128763,-471.55083236062103,412.31469474177396,51.7772832696021
16545,-1549.31322178845,0,0,-1426,45.636780690326205,-544.5,336.653538522935,38.896458998292
16546,-1653.1121294530099,0,0,-1427,-18.5725316043121,-471.550832360623,238.049999999997,25.9612345119255
16547,-402.02339868393,1,0,-1428,-22.3759200073384,-272.249999999985,123.223747373303,12.9897008915937
16548,-1400.17510569575,0,0,-1429,28.8248943042693,-3.52148463158992e-11,1.53955815711658e-11,1.95746463865574e-12
16549,-1195.57929874952,0,0,-1430,98.38414951539671,272.249999999978,-123.223747373299,-12.989700891594698
16550,-1254.8415830886502,0,0,-1431,-31.381180937356,471.55083236065,-238.050000000017,-25.9612345119241
16551,-1345.51903755398,0,0,-1432,-82.46904003277791,544.5,-336.65353852291304,-38.896458998288104
16552,-1546.82011012178,0,0,-1433,-121.278964471031,471.550832360626,-412.31469474177203,-51.7772832696031
16553,-1556.66554129793,0,0,-1434,129.547436926643,272.250000000044,-459.87728589622003,-64.5856923283953
16554,-1868.62591975375,0,0,-1435,119.777852702634,4.10848861284334e-11,-476.1,-77.3037724564235
16555,-2313.43176543028,0,0,-1436,-55.3907432654197,-272.25000000002603,-459.877285896222,-89.9137362686167
16556,-2463.26903752722,0,0,-1437,-40.0055628344798,-471.55083236061597,-412.31469474177595,-102.397947590345
16557,-2431.3114283982,0,0,-1438,2.58105624794459,-544.5,-336.653538522919,-114.738946123223
16558,-2229.60017001713,0,0,-1439,45.92013420839189,-471.550832360629,-238.05000000000098,-126.91947186488702
16559,-1974.08582161105,0,0,-1440,0.310415011009023,-272.250000000049,-123.223747373334,-138.922489248676
16560,-1525.6953115794101,0,0,-1441,66.0358993900106,1.49475571984524e-11,6.534923766926691e-12,-150.731210969439
16561,-1322.3899442803302,0,0,-1442,-113.534570191607,272.25000000002103,123.22374737332,-162.329121462062
16562,-945.5690314799871,0,0,-1443,-38.46986384059021,471.550832360613,238.049999999989,-173.69999999999902
16563,-717.565311768157,0,0,-1444,30.1090930903617,544.5,336.653538522909,-184.82794338142799
16564,-745.1980402230299,0,0,-1445,11.6338208458527,471.550832360663,412.314694741756,-195.69738817130101
16565,-887.340917862786,0,0,-1446,32.8249287092232,272.25,459.877285896225,-206.29313246823398
16566,-1157.56556228204,0,0,-1447,29.9347948836906,-9.077517385918159e-12,476.1,-216.60035716572497
16567,-1530.50436477082,0,0,-1448,-43.5270039890674,-272.24999999996203,459.87728589623003,-226.60464667801702
16568,-1644.37589952339,0,0,-1449,100.15224719705401,-471.55083236060995,412.314694741779,-236.29200910161597
16569,-1899.8450306373898,0,0,-1450,3.65032662391213,-544.5,336.653538522904,-245.64889578420602
16570,-1914.3776185849,0,0,-1451,24.7854340494107,-471.550832360635,238.05000000000598,-254.662220273681
16571,-1720.3713714466198,0,0,-1452,143.974257800807,-272.250000000005,123.223747373313,-263.31937662073
16572,-1660.6966795614599,0,0,-1453,63.9115774479293,3.2074775733839704e-12,-1.40227738538853e-12,-271.608257009394
16573,-1502.4335372548,0,0,-1454,82.05747880947109,272.249999999957,-123.22374737328899,-279.51726869094
16574,-1517.71875826074,0,0,-1455,-9.18424042399568,471.55083236063797,-238.050000000008,-287.035350197377
16575,-1570.3899882834198,0,0,-1456,-28.0844629486061,544.5,-336.653538522906,-294.151986811904
16576,-1632.7947032401598,0,0,-1457,65.82638441568811,471.55083236063797,-412.31469474176697,-300.85722527471404
16577,-2008.62753243297,0,0,-1458,-55.8585588332588,272.25000000001,-459.877285896224,-307.141687703502
16578,-2259.37128093,0,0,-1459,-11.274696220768302,6.45650453785702e-11,-476.1,-312.996584709299
16579,-2417.88828164703,0,0,-1460,92.65273193843001,-272.25000000000597,-459.877285896225,-318.413727689229
16580,-2684.29716375516,0,0,-1461,-16.0460963737631,-471.550832360635,-412.31469474176805,-323.385540278996
16581,-2571.01893521239,0,0,-1462,100.039672259662,-544.5,-336.653538522927,-327.905068949126
16582,-2500.82084827024,0,0,-1463,3.74597682051139,-471.55083236064,-238.05000000001,-331.96599273010503
16583,-2131.7734132152104,0,0,-1464,63.262966210861705,-272.24999999996203,-123.22374737329201,-335.562632052822
16584,-1795.74299363533,0,0,-1465,7.94696305664708,-8.532602051684411e-12,-3.7303689961496296e-12,-338.689956691965
16585,-1493.3843339391901,0,0,-1466,-81.5144885112615,272.25000000000097,123.22374737331002,-341.34359280124403
16586,-1201.1468651055802,0,0,-1467,-100.227868435549,471.55083236060096,238.04999999997997,-343.519829030609
16587,-940.087252566517,0,0,-1468,-8.02516937250669,544.5,336.653538522902,-345.215621716912
16588,-938.2071684101579,0,0,-1469,-6.64409637180632,471.55083236061205,412.31469474177806,-346.42859914074205
16589,-1062.3254105719802,0,0,-1470,22.7043683752627,272.25000000002103,459.877285896223,-347.15706484349
16590,-1379.3523274022698,0,0,-1471,-37.052327402282295,1.4402641864218601e-11,476.1,-347.4
16591,-1616.3762711122101,0,0,-1472,15.153507835050302,-272.249999999996,459.87728589622594,-347.15706484349
16592,-1797.6614051628699,0,0,-1473,81.00333159668921,-471.550832360598,412.31469474178397,-346.42859914074205
16593,-2081.9195712702,0,0,-1474,-54.8574880761985,-544.5,336.653538522911,-345.215621716913
16594,-2033.13184570645,0,0,-1475,18.888815684782898,-471.550832360615,238.049999999991,-343.51982903061
16595,-2071.83902039552,0,0,-1476,-105.469174967573,-272.25000000002603,123.22374737332301,-341.34359280124403
16596,-1770.07433553279,0,0,-1477,45.6156211591916,-2.02726816767528e-11,8.863015377687801e-12,-338.689956691965
16597,-1589.3717351600799,0,0,-1478,75.1646442660855,272.24999999993696,-123.223747373279,-335.562632052823
16598,-1508.50040605207,0,0,-1479,68.9647543174056,471.550832360626,-238.04999999999902,-331.965992730106
16599,-1576.5595586050301,0,0,-1480,23.4990488670092,544.5,-336.65353852291804,-327.905068949126
16600,-1684.08580182745,0,0,-1481,61.06360083265861,471.55083236064905,-412.314694741761,-323.385540278997
16601,-1951.9229899032102,0,0,-1482,36.118023682213604,272.25000000003104,-459.877285896221,-318.41372768923
16602,-2261.17287203225,0,0,-1483,10.923712677085302,-3.57597616501329e-11,-476.1,-312.9965847093
16603,-2577.5249455888898,0,0,-1484,-54.2559719891739,-272.249999999985,-459.877285896227,-307.141687703502
16604,-2711.8131941892,0,0,-1485,-42.090441812087,-471.550832360623,-412.314694741773,-300.85722527471404
16605,-2722.07080412062,0,0,-1486,-60.7652787858043,-544.5,-336.653538522915,-294.151986811906
16606,-2449.09054486723,0,0,-1487,34.5456376908211,-471.550832360652,-238.050000000019,-287.035350197377
16607,-2143.1773721227,0,0,-1488,19.8136439415192,-272.249999999982,-123.223747373301,-279.51726869094
16608,-1701.28761323406,0,0,-1489,59.3206437753781,-3.2012761301821195e-11,-1.3995661759226001e-11,-271.608257009396
16609,-1341.55874748199,0,0,-1490,16.2868817654653,272.24999999998,123.223747373301,-263.319376620732
16610,-893.865654138978,0,0,-1491,142.19573377408702,471.55083236062006,238.049999999995,-254.662220273681
16611,-827.135822804858,0,0,-1492,29.3595344564551,544.5,336.653538522895,-245.64889578420798
16612,-828.913954600253,0,0,-1493,16.512527398969,471.550832360624,412.31469474177203,-236.292009101618
16613,-1023.9611703267099,0,0,-1494,-35.4838095449068,272.249999999987,459.877285896227,-226.60464667801898
16614,-1317.64131296182,0,0,-1495,-82.1409557961345,3.78828011143554e-11,476.1,-216.60035716572497
16615,-1438.0300063188902,0,0,-1496,76.6358402530903,-272.249999999975,459.877285896229,-206.29313246823503
16616,-1811.64142435578,0,0,-1497,-59.707898565593204,-471.550832360648,412.314694741762,-195.69738817130198
16617,-1983.93355235025,0,0,-1498,-93.2591474917367,-544.5,336.65353852291804,-184.82794338142799
16618,-1852.3633494960397,0,0,-1499,53.837482864581396,-471.550832360627,238.05,-173.69999999999902
16619,-1926.97428665776,0,0,-1500,-115.618912568979,-272.250000000046,123.223747373333,-162.329121462065
16620,-1564.6465372570801,0,0,-1501,87.0846737123868,-4.3752840926889605e-11,1.91283081407641e-11,-150.731210969441
16621,-1597.54915594038,0,0,-1502,-105.652919318403,272.250000000024,-123.22374737332198,-138.922489248679
16622,-1406.48099928036,0,0,-1503,-10.0623597760914,471.55083236061404,-238.049999999991,-126.919471864888
16623,-1528.77186073137,0,0,-1504,-117.879376085233,544.5,-336.65353852291,-114.738946123226
16624,-1577.95096430972,0,0,-1505,-29.7891543382356,471.55083236062995,-412.31469474177004,-102.397947590348
16625,-1843.1681665516198,0,0,-1506,-59.627144386834296,272.250000000051,-459.877285896219,-89.913736268617
16626,-2001.4527355005898,0,0,-1507,58.951036955847904,-1.22796023999962e-11,-476.1,-77.3037724564238
16627,-2305.98178321408,0,0,-1508,-1.26880498944492,-272.250000000019,-459.877285896223,-64.58569232839561
16628,-2401.1716699866697,0,0,-1509,43.471140385323295,-471.55083236061097,-412.31469474177806,-51.777283269603394
16629,-2483.51700350687,0,0,-1510,-53.467005985659505,-544.5,-336.65353852292196,-38.896458998288395
16630,-2274.04354945068,0,0,-1511,-27.4814825780655,-471.550832360664,-238.050000000028,-25.961234511926797
16631,-1937.81714082434,0,0,-1512,-17.3536925594246,-272.250000000003,-123.223747373311,-12.9897008915974
16632,-1501.14087318734,0,0,-1513,11.8591268126509,6.409562587461981e-12,2.8021971973284198e-12,-7.65796136442823e-13
16633,-1057.09713204348,0,0,-1514,48.4394196916732,272.24999999996004,123.22374737329099,12.989700891593401
16634,-821.349154081635,0,0,-1515,-41.911220954152604,471.550832360608,238.049999999986,25.961234511922804
16635,-675.412276728374,0,0,-1516,-79.4622742495892,544.5,336.653538522926,38.8964589982893
16636,-529.914175558775,0,0,-1517,51.44301406921971,471.550832360636,412.31469474176697,51.777283269601895
16637,-729.5428617057589,0,0,-1518,-8.25583993038736,272.250000000008,459.877285896224,64.5856923283965
16638,-966.7100164605761,0,0,-1519,-1.11378891699993,-5.395227749277899e-13,476.1,77.30377245642471
16639,-1212.36124594295,0,0,-1520,30.0977318921545,-272.249999999955,459.877285896231,89.9137362686155
16640,-1536.1825057925698,0,0,-1521,-58.3443157640483,-471.550832360636,412.31469474176697,102.397947590349
16641,-1579.26576912574,0,0,-1522,35.841746228109,-544.5,336.653538522926,114.73894612322201
16642,-1578.2063214516102,0,0,-1523,51.3750390441368,-471.55083236063905,238.050000000009,126.91947186488399
16643,-1596.30766163145,0,0,-1524,-62.20389825343229,-272.250000000013,123.223747373316,138.922489248677
16644,-1242.2333381142998,0,0,-1525,132.03545091630198,-6.723300017702629e-11,2.9393600903840395e-11,150.731210969438
16645,-1247.4672150178,0,0,-1526,-32.8225891065513,272.250000000004,-123.223747373312,162.329121462061
16646,-1122.5175815422099,0,0,-1527,-2.71841390284136,471.550832360634,-238.05000000000499,173.7
16647,-1116.62986040237,0,0,-1528,18.6957347391026,544.5,-336.653538522903,184.827943381427
16648,-1420.1752734981,0,0,-1529,-146.108799288283,471.550832360642,-412.314694741765,195.69738817130198
16649,-1498.7307530748499,0,0,-1530,12.6034003531764,272.24999999996396,-459.87728589623003,206.29313246823503
16650,-1833.9288962606101,0,0,-1531,-43.4292534263408,1.12005568501406e-11,-476.1,216.60035716572202
16651,-2161.85153494016,0,0,-1532,-124.328895721959,-272.249999999998,-459.87728589622594,226.60464667802003
16652,-2118.22881142347,0,0,-1533,62.3447065772961,-471.5508323606,-412.314694741783,236.29200910161498
16653,-2197.64865123615,0,0,-1534,-28.1440084974215,-544.5,-336.653538522929,245.64889578420502
16654,-1950.36583799724,0,0,-1535,39.5727740896821,-471.55083236061404,-238.04999999999,254.662220273681
16655,-1567.45932297157,0,0,-1536,100.69504778104601,-272.250000000023,-123.223747373321,263.319376620729
16656,-1243.9776788020301,0,0,-1537,21.414064188605398,-1.70705966626748e-11,-7.463095565747901e-12,271.608257009393
16657,-882.8244712649009,0,0,-1538,-19.8154873291424,272.249999999993,123.223747373307,279.517268690941
16658,-589.293169490777,0,0,-1539,-46.9293520487266,471.550832360597,238.049999999977,287.035350197376
16659,-380.076938660474,0,0,-1540,-15.3824639952989,544.5,336.653538522919,294.151986811906
16660,-384.94451229798403,0,0,-1541,-28.6672646750907,471.550832360617,412.31469474177595,300.857225274715
16661,-562.853555609387,0,0,-1542,-60.1225292091373,272.250000000028,459.877285896222,307.1416877035
16662,-753.492076867422,0,0,-1543,0.411338423253917,2.2940636475209002e-11,476.1,312.996584709301
16663,-1104.0033384245698,0,0,-1544,-66.0443520100976,-272.24999999993497,459.87728589623396,318.413727689229
16664,-1334.69242257228,0,0,-1545,-53.841825232421506,-471.550832360625,412.31469474177203,323.385540278996
16665,-1400.79342546307,0,0,-1546,25.147967064893102,-544.5,336.653538522914,327.905068949127
16666,-1379.1231483777601,0,0,-1547,69.4116912527693,-471.55083236065104,238.050000000018,331.96599273010503
16667,-1401.64032553319,0,0,-1548,-40.1767049593044,-272.25000000003297,123.22374737332599,335.562632052822
16668,-1285.47868155139,0,0,-1549,-75.16863824337129,3.30918068516768e-11,-1.44674097723446e-11,338.689956691966
16669,-1070.13417802195,0,0,-1550,-10.5040234498771,272.249999999983,-123.223747373302,341.34359280124403
16670,-973.713258262066,0,0,-1551,0.266080346698807,471.55083236062205,-238.049999999996,343.51982903061
16671,-998.1233820404151,0,0,-1552,0.814534765587213,544.5,-336.653538522915,345.215621716913
16672,-1021.4585124382199,0,0,-1553,125.87675080214198,471.550832360654,-412.31469474176004,346.42859914074205
16673,-1341.29408021408,0,0,-1554,53.1761408386735,272.249999999985,-459.877285896227,347.15706484349
16674,-1755.8327881875,0,0,-1555,-72.1327881875371,3.4680716100277396e-11,-476.1,347.4
16675,-3075.32560595534,1,0,-1556,50.0336881558778,-272.249999999978,-459.87728589622805,347.15706484349
16676,-2127.49314763525,0,0,-1557,-33.0562196735993,-471.550832360619,-412.314694741775,346.42859914074205
16677,-2143.1147171868697,0,0,-1558,-49.1768003808411,-544.5,-336.653538522936,345.215621716913
16678,-1915.0991356204602,0,0,-1559,9.98186770955687,-471.550832360625,-238.04999999999902,343.51982903061
16679,-1562.77819003149,0,0,-1560,51.351964540562804,-272.24999999999,-123.223747373305,341.34359280124403
16680,-1244.1021360508,0,0,-1561,-21.792092742711603,-4.05507559128115e-11,-1.7728388328824197e-11,338.689956691966
16681,279.34789577838404,1,0,-1562,-74.0775567062054,272.249999999973,123.223747373297,335.562632052822
16682,-469.350316989776,0,0,-1563,52.082857919457396,471.55083236064695,238.050000000015,331.96599273010503
16683,-486.677611013786,0,0,-1564,-131.736218485825,544.5,336.653538522911,327.905068949128
16684,-400.366633700974,0,0,-1565,-42.6177010823705,471.55083236062796,412.314694741771,323.385540278997
16685,-490.69366041119,0,0,-1566,24.765326003312303,272.250000000048,459.877285896219,318.413727689231
16686,-816.6374388833051,0,0,-1567,-38.734023592652996,4.64207957253457e-11,476.1,312.996584709301
16687,-1061.94089266207,0,0,-1568,11.290133738225801,-272.25000000002103,459.877285896223,307.141687703502
16688,-1352.78384239902,0,0,-1569,-25.404930054899303,-471.550832360613,412.314694741777,300.857225274715
16689,-1482.62745679396,0,0,-1570,1.06701787121544,-544.5,336.653538522921,294.151986811906
16690,-1485.79362759151,0,0,-1571,31.6718545717451,-471.55083236063103,238.05000000000302,287.035350197376
16691,-1333.67910448461,0,0,-1572,107.82987945116699,-272.250000000053,123.223747373336,279.517268690941
16692,-1204.42915609775,0,0,-1573,96.9625868928541,9.611647601539991e-12,-4.2021170092683105e-12,271.608257009393
16693,-1231.68118858985,0,0,-1574,-70.0268178372789,272.250000000016,-123.223747373318,263.319376620729
16694,-1116.5658652540599,0,0,-1575,-29.728917888362,471.55083236060995,-238.049999999987,254.662220273683
16695,-1083.86668603619,0,0,-1576,38.6379567025083,544.5,-336.653538522908,245.648895784207
16696,-1277.8990661386501,0,0,-1577,3.5727871408194303,471.55083236066497,-412.314694741754,236.292009101619
16697,-1496.7464057112197,0,0,-1578,42.2762335069782,272.250000000005,-459.877285896225,226.60464667802003
16698,-1839.9942809775198,0,0,-1579,-1.49463814324374,-3.7416077890058e-12,-476.1,216.60035716572398
16699,-2035.87309287875,0,0,-1580,69.9610605492047,-272.249999999958,-459.877285896231,206.293132468236
16700,-2374.07333044887,0,0,-1581,-104.90519151778999,-471.550832360607,-412.31469474178,195.69738817130298
16701,-2351.09587064165,0,0,-1582,-72.7702755001753,-544.5,-336.653538522905,184.827943381427
16702,-2051.86476157745,0,0,-1583,67.0360707831939,-471.550832360637,-238.050000000008,173.700000000003
16703,-1789.96960961427,0,0,-1584,27.175016296991,-272.25000000001,-123.22374737331499,162.329121462061
16704,-1479.66907362447,0,0,-1585,-45.400284593905404,-2.12843202352839e-12,-9.3052937226985e-13,150.731210969438
16705,-1130.68075806063,0,0,-1586,-79.0769946825466,272.249999999953,123.223747373287,138.92248924868
16706,-774.9644033814751,0,0,-1587,-24.484707607003198,471.550832360635,238.05000000000598,126.91947186488702
16707,-687.522967803589,0,0,-1588,-95.4154524497203,544.5,336.653538522904,114.73894612322701
16708,-652.709861293784,0,0,-1589,-49.9733359865391,471.55083236064,412.314694741765,102.397947590349
16709,-825.1319820375211,0,0,-1590,-57.17300420237571,272.250000000015,459.877285896223,89.91373626861579
16710,-975.958981888134,0,0,-1591,61.6372456553705,6.99009549754825e-11,476.1,77.303772456425
16711,-1375.53277566673,0,0,-1592,-35.7457538913518,-272.25000000000097,459.877285896225,64.5856923283968
16712,-1598.26757756448,0,0,-1593,2.19127678478486,-471.550832360632,412.314694741769,51.7772832696022
16713,-1774.93211614029,0,0,-1594,-11.9821136615101,-544.5,336.653538522928,38.896458998292104
16714,-1777.67223722156,0,0,-1595,24.8673606271474,-471.550832360643,238.050000000012,25.961234511923198
16715,-1695.89721340566,0,0,-1596,36.1393383294212,-272.249999999966,123.22374737329399,12.989700891593799
16716,-1540.88564134627,0,0,-1597,56.114358653736105,-1.38685116485968e-11,6.06317575380801e-12,2.0425530982605e-12
16717,-1537.72108263795,0,0,-1598,-75.75763437304408,272.249999999996,-123.22374737330799,-12.9897008915946
16718,-1359.4756448344501,0,0,-1599,31.984757316851002,471.550832360598,-238.04999999997798,-25.9612345119215
16719,-1439.163828361,0,0,-1600,-8.11383083980679,544.5,-336.653538522901,-38.896458998288004
16720,-1557.06233350362,0,0,-1601,36.4788121471396,471.550832360615,-412.31469474177595,-51.777283269603004
16721,-1915.99083215388,0,0,-1602,-61.7778539292853,272.250000000025,-459.877285896222,-64.58569232839521
16722,-2139.59596777036,0,0,-1603,16.8078046860387,1.9738551461131e-11,-476.1,-77.3037724564234
16723,-2329.86745246015,0,0,-1604,96.17356970468859,-272.249999999991,-459.877285896227,-89.9137362686166
16724,-2559.08951884827,0,0,-1605,32.1739558444603,-471.550832360595,-412.314694741785,-102.397947590345
16725,-2540.1934978462,0,0,-1606,61.698986799935504,-544.5,-336.65353852291304,-114.738946123223
16726,-2544.96487478083,0,0,-1607,-101.444570555335,-471.55083236061796,-238.049999999993,-126.91947186488702
16727,-2115.5607271401,0,0,-1608,26.8355094819342,-272.25000000002996,-123.22374737332501,-138.922489248676
16728,-1765.6081631169602,0,0,-1609,-5.8769521474888,-2.56085912736652e-11,-1.11958221353462e-11,-150.731210969439
16729,-1415.9550069082502,0,0,-1610,-39.099632819404704,272.24999999993196,123.22374737327699,-162.32912146206002
16730,-1120.3325837674302,0,0,-1611,-45.2334161280468,471.550832360623,238.049999999997,-173.69999999999902
16731,-969.799728703725,0,0,-1612,-54.125323845212606,544.5,336.653538522916,-184.82794338142799
16732,-977.7473294930791,0,0,-1613,-52.915468424190294,471.550832360652,412.31469474176004,-195.69738817130101
16733,-1115.5553495122901,0,0,-1614,-27.389502940310898,272.250000000035,459.877285896221,-206.29313246823398
16734,-1292.01887308465,0,0,-1615,63.481484081103794,-3.04238520532206e-11,476.1,-216.60035716572497
16735,-1728.3007180227899,0,0,-1616,-73.3233572410232,-272.249999999981,459.87728589622805,-226.60464667801702
16736,-1871.2383052983603,0,0,-1617,41.2898414221069,-471.55083236062006,412.31469474177396,-236.29200910161597
16737,-2126.0571542440803,0,0,-1618,-54.5617969827857,-544.5,336.653538522916,-245.64889578420798
16738,-2170.34183916617,0,0,-1619,-63.1787865318595,-471.55083236065497,238.05000000002102,-254.66222027367996
16739,-2038.78715512689,0,0,-1620,-6.44152587947933,-272.249999999987,123.22374737330401,-263.31937662073
16740,-2001.17707564511,0,0,-1621,-108.56881863569299,-3.73486708987335e-11,1.6328468516884302e-11,-271.608257009392
16741,-1782.4439371106698,0,0,-1622,-29.9529210464055,272.249999999976,-123.223747373298,-279.51726869094
16742,-1723.5186585898,0,0,-1623,-46.98414075305139,471.55083236061796,-238.049999999993,-287.035350197377
16743,-1611.4650189602498,0,0,-1624,98.8405063745502,544.5,-336.653538522893,-294.151986811905
16744,-1904.2192587696302,0,0,-1625,-37.598171113770704,471.550832360627,-412.314694741771,-300.85722527471404
16745,-2100.76039934847,0,0,-1626,20.008574251262697,272.249999999992,-459.877285896227,-307.141687703502
16746,-2266.39963596307,0,0,-1627,149.696948746187,4.32187107112677e-11,-476.1,-312.996584709299
16747,-2729.46151696693,0,0,-1628,-50.9205033814995,-272.249999999971,-459.877285896229,-318.413727689229
16748,-2781.83774397956,0,0,-1629,54.4133234018408,-471.550832360646,-412.314694741763,-323.385540278996
16749,-2925.16686084016,0,0,-1630,-86.1082533681087,-544.5,-336.65353852292003,-327.905068949126
16750,-2642.7408150871697,0,0,-1631,29.826010003567,-471.55083236062995,-238.05000000000197,-331.96599273010503
16751,-2238.85425020295,0,0,-1632,124.18212922326201,-272.250000000051,-123.223747373335,-335.562632052822
16752,-1991.0183650095498,0,0,-1633,-19.328408317514103,-4.90887505238019e-11,-2.14611148984225e-11,-338.689956691965
16753,-1587.93728100151,0,0,-1634,-8.067435573608071,272.250000000019,123.223747373319,-341.34359280124403
16754,-1336.4345231919401,0,0,-1635,-67.5155265219333,471.55083236061205,238.049999999989,-343.519829030609
16755,-1017.4217651343599,0,0,-1636,82.6403180596408,544.5,336.653538522909,-345.215621716912
16756,-1085.45632510102,0,0,-1637,14.106746937318,471.550832360633,412.314694741769,-346.42859914074205
16757,-1109.96783455772,0,0,-1638,143.06194438949302,272.250000000056,459.87728589621804,-347.15706484349
16758,-1478.49943715174,0,0,-1639,31.800562848270197,-6.94369280308381e-12,476.1,-347.4
16759,-1782.2928799794897,0,0,-1640,17.236898967787003,-272.250000000014,459.877285896224,-347.15706484349
16760,-1941.25272522358,0,0,-1641,105.412011535989,-471.550832360609,412.314694741779,-346.42859914074205
16761,-2145.36356116744,0,0,-1642,49.6985220265475,-544.5,336.653538522924,-345.215621716913
16762,-2185.19440993448,0,0,-1643,34.8262514567653,-471.550832360667,238.05000000003,-343.51982903061
16763,-2090.9790911450896,0,0,-1644,43.3907542828504,-272.250000000007,123.223747373314,-341.34359280124403
16764,-2104.8931439982102,0,0,-1645,-121.203187306243,1.07365299054962e-12,-4.69390439670041e-13,-338.689956691966
16765,-1897.8141848455398,0,0,-1646,-65.2778054193824,272.249999999955,-123.223747373288,-335.562632052823
16766,-1639.05102857935,0,0,-1647,106.41413179013,471.550832360606,-238.049999999984,-331.96599273010503
16767,-1762.23958964137,0,0,-1648,5.819017830681321,544.5,-336.653538522924,-327.905068949127
16768,-1976.8320904907603,0,0,-1649,-63.6826878306394,471.55083236063905,-412.31469474176595,-323.385540278997
16769,-2223.46693600239,0,0,-1650,-67.42592241694861,272.250000000012,-459.877285896224,-318.41372768923
16770,-2385.32811817337,0,0,-1651,54.768466535926294,4.79638682198457e-12,-476.1,-312.996584709301
16771,-2744.68969461268,0,0,-1652,-53.420721012992104,-272.24999999995,-459.87728589623197,-307.141687703502
16772,-2862.4939833500503,0,0,-1653,-24.771230972936802,-471.550832360634,-412.31469474176805,-300.85722527471404
16773,-2860.1667957908303,0,0,-1654,-30.8612704559973,-544.5,-336.653538522927,-294.151986811907
16774,-2514.66674841491,0,0,-1655,136.969434143118,-471.55083236064104,-238.05000000001098,-287.035350197377
16775,-2319.42250930746,0,0,-1656,11.56850675682,-272.250000000017,-123.223747373319,-279.51726869094
16776,-1961.5568768397,0,0,-1657,-32.9486198301968,-7.25689097739387e-11,-3.17264076614988e-11,-271.608257009396
16777,-1543.70500608651,0,0,-1658,-17.859376839086398,272.24999999999903,123.22374737331002,-263.319376620732
16778,-1221.88240998772,0,0,-1659,-17.8210220746686,471.55083236063103,238.05000000000302,-254.662220273681
16779,-980.7524046580401,0,0,-1660,43.742952603266794,544.5,336.653538522901,-245.64889578420798
16780,-1025.24183388668,0,0,-1661,-11.815351887474401,471.550832360644,412.314694741764,-236.292009101618
16781,-1224.40326560358,0,0,-1662,-67.92590482175551,272.24999999996896,459.87728589623003,-226.60464667801898
16782,-1388.1030201289002,0,0,-1663,15.3973370368079,1.6536466447053e-11,476.1,-216.60035716572497
16783,-1690.0826504448,0,0,-1664,-7.4168038727996395,-272.24999999999403,459.87728589622594,-206.29313246823503
16784,-1898.58477877385,0,0,-1665,21.348747016310803,-471.55083236062796,412.314694741771,-195.69738817130198
16785,-1989.7716001553501,0,0,-1666,68.9028047031446,-544.5,336.653538522931,-184.82794338142799
16786,-2125.0026756481698,0,0,-1667,-50.8018432875433,-471.55083236061597,238.049999999992,-173.7
16787,-1966.10251654839,0,0,-1668,13.2528575403828,-272.250000000028,123.22374737332399,-162.329121462065
16788,-1766.4630364809302,0,0,-1669,53.2681744885238,-2.2406506259587102e-11,9.79590232340628e-12,-150.731210969442
16789,-1581.76508999202,0,0,-1670,78.13114662997171,272.24999999998903,-123.223747373305,-138.922489248677
16790,-1626.5666932028798,0,0,-1671,-62.1480536986079,471.55083236059403,-238.049999999975,-126.919471864888
16791,-1557.13457803068,0,0,-1672,21.7579066154667,544.5,-336.65353852291696,-114.738946123226
16792,-1729.2093609634198,0,0,-1673,-13.047550991915,471.550832360619,-412.314694741775,-102.397947590348
16793,-1948.00692771434,0,0,-1674,3.5340944504702403,272.25000000003297,-459.877285896221,-89.913736268617
16794,-2188.38800419611,0,0,-1675,40.0157682602863,2.8276546072121304e-11,-476.1,-77.3037724564239
16795,-2387.3122696841897,0,0,-1676,85.4007085404672,-272.250000000037,-459.877285896221,-64.58569232839561
16796,-2741.18866707727,0,0,-1677,-128.545856705275,-471.55083236062205,-412.314694741773,-51.777283269603394
16797,-2562.36814396135,0,0,-1678,35.681853559857004,-544.5,-336.653538522915,-38.896458998288495
16798,-2351.47571250251,0,0,-1679,63.086354370086696,-471.550832360653,-238.05000000002002,-25.9612345119269
16799,-2006.29776325225,0,0,-1680,82.1656850127106,-272.25000000003797,-123.223747373328,-12.989700891597499
16800,-12.0366048223963,0,0,-3,-9.03660482239635,0.0,0.0,0.0
16801,391.750002971774,0,0,-6,29.9397946568025,238.0,115.433294115724,14.376914199247198
16802,677.431009267773,0,0,-9,22.469196082399996,412.228092201393,223.0,28.733720983980103
16803,842.631620624565,0,0,-12,20.2116551536433,476.0,315.36962440919996,43.050341061721895
16804,846.560022530903,0,0,-15,5.777848896911731,412.228092201393,386.24733008786,57.306751344739105
16805,692.658026144695,0,0,-18,-29.627905334369803,238.0,430.802918524924,71.4830129541407
16806,479.958505530688,0,0,-21,-30.6007935755154,5.829318763941399e-14,446.0,85.55929910620291
16807,234.506472961877,0,0,-24,-33.8123684049667,-238.0,430.802918524924,99.5159228419192
16808,80.9486688959202,0,0,-27,20.5960664484605,-412.228092201393,386.24733008786,113.333364560993
16809,-49.1737399549932,0,0,-30,14.4643363140449,-476.0,315.36962440919996,126.992299321762
16810,-203.88579997691397,0,0,-33,-122.1313316444,-412.228092201393,223.0,140.473623868879
16811,3.8058890078797103,0,0,-36,8.61411154121513,-238.0,115.433294115724,153.75848335094
16812,121.225744946047,0,0,-39,-6.60255274465379,-1.1658637527882799e-13,5.4619247241972e-14,166.82829769070102
16813,281.77963483447996,0,0,-42,21.548141379212197,238.0,-115.433294115724,179.66478757099202
16814,308.50165589171,0,0,-45,-27.976436309683,412.228092201393,-223.0,192.25
16815,328.766658001317,0,0,-48,11.5699489903702,476.0,-315.36962440919996,204.56633342014703
16816,149.55975982067,0,0,-51,-42.0175646183266,412.228092201393,-386.247330087859,216.596562325463
16817,8.12048255771421,0,0,-54,26.5995397296274,238.0,-430.802918524924,228.323861353011
16818,-218.68199994825198,0,0,-57,44.5861712370652,1.74879562918242e-13,-446.0,239.731828814683
16819,-410.31880234304606,0,0,-60,67.6796065454409,-238.0,-430.802918524925,250.80450963643798
16820,-607.617373008633,0,0,-63,-7.6683683922988894,-412.228092201393,-386.24733008786,261.526417672919
16821,-546.027541523084,0,0,-66,39.4595255198886,-476.0,-315.36962440919996,271.882557366228
16822,-413.762964456202,0,0,-69,8.60668302662272,-412.228092201393,-223.0,281.858444718568
16823,-74.96624353248079,0,0,-72,59.0269230338179,-238.000000000001,-115.433294115725,291.440127549427
16824,283.18783312873404,0,0,-75,57.5736281197766,-2.3317275055765597e-13,-1.09238494483944e-13,300.61420500895696
16825,649.5796546905381,0,0,-78,64.7785142545295,238.0,115.433294115724,309.367846320284
16826,885.5494858444471,0,0,-81,13.632584918553698,412.228092201393,223.0,317.6888087245
16827,1073.42254261616,0,0,-84,40.4874636036861,476.0,315.36962440919996,325.565454603275
16828,1016.4963870523401,0,0,-87,-27.965802992030202,412.228092201393,386.247330087859,332.986767755117
16829,949.0461880814211,0,0,-90,30.3009007539745,238.0,430.802918524924,339.942368802522
16830,710.9690126619851,0,0,-93,11.546482953503599,1.13701179375159e-12,446.0,346.42252970848
16831,460.133429641902,0,0,-96,10.9123237349712,-237.999999999999,430.802918524925,352.418187382006
16832,251.636011099706,0,0,-99,18.6958168595423,-412.228092201392,386.24733008786,357.92095635369697
16833,94.2127175216895,0,0,-102,-6.08004739107781,-476.0,315.36962440919996,362.92314050356697
16834,62.733158267287294,0,0,-105,-10.4564933560911,-412.228092201393,223.0,367.417743824771
16835,114.620270068396,0,0,-108,-26.2115042554746,-238.0,115.433294115724,371.39848020814696
16836,213.48232069911703,0,0,-111,-50.3774615347944,-3.49759125836484e-13,1.6385774172591598e-13,374.859782233911
16837,417.516167155163,0,0,-114,31.1526523126881,237.999999999999,-115.433294115724,377.796808958199
16838,478.858364884578,0,0,-117,26.4248199996237,412.228092201392,-223.0,380.205452683562
16839,476.771098849447,0,0,-120,54.0583785546951,476.0,-315.36962440919996,382.082344703952
16840,297.76270728756697,0,0,-123,11.3570851578706,412.228092201393,-386.24733008786,383.424860016164
16841,120.593270208174,0,0,-126,55.1650677419576,238.000000000002,-430.802918524924,384.231120991139
16842,-231.60825406144403,0,0,-129,-41.108254061443894,4.080523134758979e-13,-446.0,384.5
16843,-413.181901102041,0,0,-132,3.3898964317433,-237.999999999999,-430.802918524925,384.231120991139
16844,-540.696145530321,0,0,-135,9.35441674276728,-412.228092201392,-386.24733008786,383.424860016164
16845,-471.126082277505,0,0,-138,76.16119742774309,-476.0,-315.36962440919996,382.082344703952
16846,-372.54089970892096,0,0,-141,23.4817398089112,-412.22809220139396,-223.000000000001,380.205452683562
16847,-62.3230009577073,0,0,-144,57.3134841998178,-238.0,-115.433294115724,377.796808958199
16848,273.022675585912,0,0,-147,45.1628933520016,-4.663455011153119e-13,-2.18476988967888e-13,374.859782233911
16849,569.439819374957,0,0,-150,-5.391954948912951,237.999999999999,115.433294115724,371.39848020814696
16850,878.422927963173,0,0,-153,28.7770919370089,412.228092201393,223.0,367.417743824771
16851,951.7689386695359,0,0,-156,-46.523826243231404,476.0,315.36962440919996,362.92314050356697
16852,1042.61536633056,0,0,-159,45.2189876876079,412.228092201393,386.24733008786,357.92095635369697
16853,877.911086184144,0,0,-162,18.6899802772135,238.0,430.802918524924,352.418187382006
16854,618.560221493494,0,0,-165,-8.86230821498652,5.24638688754726e-13,446.0,346.42252970848
16855,363.44421330033697,0,0,-168,-1.3010740271091101,-238.000000000001,430.802918524924,339.942368802522
16856,128.828724347504,0,0,-171,-7.17728129407999,-412.228092201392,386.24733008786,332.986767755117
16857,-87.72306251884659,0,0,-174,-78.6581415313225,-476.0,315.36962440920104,325.565454603275
16858,-3.3555629794887203,0,0,-177,45.183720497404,-412.228092201393,223.0,317.6888087245
16859,-18.312244805499898,0,0,-180,-25.113385241508198,-238.0,115.433294115724,309.367846320284
16860,123.622193119769,0,0,-183,6.00798811081313,-2.27402358750318e-12,1.0653513865823698e-12,300.61420500895804
16861,252.847214034527,0,0,-186,24.8403806008248,237.999999999999,-115.433294115724,291.440127549427
16862,238.12689876822398,0,0,-189,-43.959638151736705,412.228092201392,-223.0,281.858444718568
16863,228.053647651819,0,0,-192,-12.4592853052082,476.0,-315.36962440919996,271.882557366228
16864,149.234811711571,0,0,-195,56.7276319251185,412.22809220139396,-386.247330087859,261.526417672919
16865,-145.718085598517,0,0,-198,-5.7196767100309405,238.0,-430.802918524924,250.80450963643798
16866,-444.125382408418,0,0,-201,-36.8572112231002,-1.04986664707548e-12,-446.0,239.731828814683
16867,-617.5794522268541,0,0,-204,26.899604945058304,-237.999999999999,-430.802918524925,228.323861353011
16868,-838.1528710925791,0,0,-207,-49.2740111287895,-412.228092201393,-386.247330087859,216.596562325463
16869,-777.496354008,0,0,-210,19.3069369810535,-476.0,-315.36962440920104,204.56633342014703
16870,-680.124342285663,0,0,-213,-24.146250084270395,-412.228092201393,-223.0,192.25
16871,-401.16356409140406,0,0,-216,-11.395057546673698,-237.999999999999,-115.433294115724,179.66478757099202
16872,-28.7253361446351,0,0,-219,23.446366164664802,-6.99518251672968e-13,-3.2771548345183196e-13,166.82829769070102
16873,302.889910854876,0,0,-222,17.6981333882143,237.999999999998,115.433294115723,153.75848335094102
16874,499.679033557698,0,0,-225,-51.0226825125725,412.228092201392,222.999999999999,140.473623868879
16875,687.4177770440081,0,0,-228,-2.9441466869543396,476.0,315.36962440919996,126.992299321762
16876,604.6983922526069,0,0,-231,-76.1103945976385,412.22809220139396,386.247330087859,113.333364560993
16877,514.05253627447,0,0,-234,-20.266305092373802,238.0,430.802918524924,99.51592284191929
16878,263.955706226392,0,0,-237,-30.6035928798133,2.44890315042142e-12,446.0,85.55929910620291
16879,28.5322907104888,0,0,-240,4.24635923142273,-237.999999999999,430.802918524925,71.48301295414059
16880,-262.76362131364203,0,0,-243,-51.089610544848206,-412.228092201393,386.24733008786,57.3067513447392
16881,-357.93055605891095,0,0,-246,5.64947847016613,-476.0,315.36962440920104,43.050341061721895
16882,-450.916398049609,0,0,-249,-41.422026832196295,-412.22809220139504,223.000000000001,28.7337209839803
16883,-348.640078758521,0,0,-252,11.549712926506801,-237.999999999999,115.433294115724,14.3769141992471
16884,-322.596812990266,0,0,-255,-67.5968129902656,-8.161046269517958e-13,3.82334730693804e-13,4.70876694272157e-14
16885,-137.62681400203599,0,0,-258,12.1833943129356,238.000000000001,-115.433294115725,-14.376914199247198
16886,-146.421643419605,0,0,-261,-45.916014637018,412.228092201392,-222.999999999999,-28.733720983979996
16887,-150.881422241982,0,0,-264,-4.46145677106146,476.0,-315.369624409199,-43.050341061721795
16888,-328.455990082622,0,0,-267,-30.1300008514181,412.22809220139396,-386.247330087859,-57.306751344738906
16889,-482.121896018371,0,0,-270,52.1640354606939,238.000000000001,-430.802918524924,-71.4830129541407
16890,-810.381769022623,0,0,-273,-5.8224699164191,-8.166938965178281e-13,-446.0,-85.55929910620279
16891,-1035.26553539075,0,0,-276,9.05330597609613,-237.999999999999,-430.802918524925,-99.5159228419192
16892,-1218.29338083116,0,0,-279,-27.484593980913896,-412.228092201391,-386.24733008786,-113.333364560993
16893,-1148.13144260016,0,0,-282,52.2304811307978,-476.0,-315.36962440920104,-126.992299321762
16894,-1082.79842454564,0,0,-285,-22.0967084753669,-412.228092201393,-223.0,-140.473623868879
16895,-777.661428631154,0,0,-288,17.5303488355089,-237.999999999999,-115.433294115724,-153.75848335094
16896,-474.52714843623903,0,0,-291,-16.6988507455361,-9.326910022306239e-13,-4.36953977935776e-13,-166.82829769070102
16897,-142.949022777542,0,0,-294,-22.717529322270302,237.999999999997,115.433294115723,-179.66478757099202
16898,139.989079881371,0,0,-297,-5.989012320021,412.228092201392,222.999999999999,-192.25
16899,305.05964523581,0,0,-300,18.2563542467566,476.0,315.36962440919996,-204.56633342014703
16900,307.249233066668,0,0,-303,28.3703731028785,412.228092201392,386.24733008786,-216.596562325463
16901,127.886484496527,0,0,-306,-6.59257267538638,238.000000000001,430.802918524924,-228.323861353011
16902,-91.2242107620715,0,0,-309,11.5076180526089,2.68207590097908e-12,446.0,-239.731828814683
16903,-376.51316731803,0,0,-312,-6.5115762065185,-237.999999999999,430.802918524925,-250.804509636437
16904,-612.131257051038,0,0,-315,-9.62407726458569,-412.228092201393,386.24733008786,-261.526417672919
16905,-812.5563012944431,0,0,-318,-62.043368337415295,-476.0,315.36962440919996,-271.882557366228
16906,-792.666405326823,0,0,-321,-0.579868406861722,-412.228092201393,223.0,-281.858444718568
16907,-832.0376183867199,0,0,-324,-94.0307849530163,-238.000000000002,115.433294115725,-291.440127549427
16908,-616.479037029697,0,0,-327,11.1351679792614,-1.04927737750945e-12,4.91573225177748e-13,-300.61420500895696
16909,-516.769616531505,0,0,-330,0.0315239045041284,237.999999999997,-115.433294115723,-309.367846320284
16910,-498.725423670875,0,0,-333,-37.264707147768,412.22809220139396,-223.000000000001,-317.6888087245
16911,-521.446468517672,0,0,-336,-20.511389505196302,476.0,-315.36962440919996,-325.565454603275
16912,-612.981098933808,0,0,-339,33.0249067077738,412.22809220139396,-386.247330087859,-332.986767755117
16913,-816.243590828057,0,0,-342,58.5016964993888,238.000000000001,-430.802918524924,-339.942368802522
16914,-1116.6288889002199,0,0,-345,20.7936408082594,2.7986622762579e-12,-446.0,-346.42252970848
16915,-1387.896180969,0,0,-348,-18.6750750620669,-238.000000000002,-430.802918524924,-352.418187382006
16916,-1488.40458078284,0,0,-351,18.9917978601053,-412.228092201393,-386.24733008786,-357.92095635369697
16917,-1538.0870404322,0,0,-354,-29.7942755194277,-476.0,-315.36962440920104,-362.92314050356697
16918,-1449.01694335857,0,0,-357,-89.3711073324038,-412.228092201393,-223.0,-367.417743824771
16919,-1103.07782871588,0,0,-360,-18.2460543920062,-238.000000000002,-115.433294115725,-371.39848020814696
16920,-685.6413437633249,0,0,-363,52.218438470592794,-4.54804717500636e-12,-2.1307027731647397e-12,-374.859782233911
16921,-376.909126124682,0,0,-366,13.454388717793,238.0,115.433294115724,-377.796808958199
16922,-105.741031684644,0,0,-369,8.23632879752707,412.228092201392,222.999999999999,-380.205452683562
16923,51.595081597341796,0,0,-372,14.3078018920946,476.0,315.369624409199,-382.082344703952
16924,61.2510421368408,0,0,-375,21.2004798637515,412.22809220139396,386.247330087859,-383.424860016164
16925,-75.4019116135228,0,0,-378,18.0262908526912,238.000000000001,430.802918524924,-384.231120991139
16926,-301.189731371414,0,0,-381,18.3102686285867,-4.66934770681344e-13,446.0,-384.5
16927,-609.603391079821,0,0,-384,-34.1751886136044,-238.000000000002,430.802918524924,-384.231120991139
16928,-851.6678418161231,0,0,-387,-55.262219686428296,-412.228092201391,386.24733008786,-383.424860016164
16929,-963.386305666023,0,0,-390,-30.6735853712721,-476.0,315.36962440920104,-382.082344703952
16930,-1016.0085269006698,0,0,-393,-53.574982015710894,-412.228092201393,223.0,-380.205452683562
16931,-922.225086606918,0,0,-396,-25.861571764443603,-237.999999999999,115.433294115724,-377.796808958199
16932,-757.465460521257,0,0,-399,16.394321712653,2.09973329415097e-12,-9.836985810833321e-13,-374.859782233911
16933,-675.508601814468,0,0,-402,-24.676827490595898,237.999999999997,-115.433294115723,-371.39848020814696
16934,-628.8721072992221,0,0,-405,-45.6824556758432,412.228092201392,-222.999999999999,-367.417743824771
16935,-544.775260657258,0,0,-408,65.5175042555097,476.0,-315.36962440919996,-362.92314050356697
16936,-717.2707982909419,0,0,-411,25.6693959492218,412.228092201392,-386.24733008786,-357.92095635369697
16937,-953.4824970510671,0,0,-414,5.7386088558658805,237.999999999998,-430.802918524925,-352.418187382006
16938,-1206.48842907234,0,0,-417,2.93410063613675,3.03183502681556e-12,-446.0,-346.42252970848
16939,-1499.7625296968697,0,0,-420,-71.0172423694233,-237.999999999999,-430.802918524925,-339.942368802523
16940,-1564.8228001357502,0,0,-423,-10.3606100913775,-412.228092201393,-386.24733008786,-332.986767755117
16941,-1473.1603488844,0,0,-426,69.77473012807741,-476.0,-315.369624409202,-325.565454603275
16942,-1337.06143666726,0,0,-429,44.855464258629205,-412.228092201392,-222.999999999999,-317.6888087245
16943,-1149.4069901563698,0,0,-432,-54.6058497203589,-238.000000000002,-115.433294115726,-309.367846320284
16944,-721.195212341328,0,0,-435,14.4189926676317,-1.3990365033459398e-12,-6.554309669036629e-13,-300.61420500895804
16945,-382.601387311309,0,0,-438,-6.59455387760692,238.0,115.433294115724,-291.440127549427
16946,-94.7735665545505,0,0,-441,-7.143214037370029,412.22809220139,222.999999999998,-281.858444718568
16947,72.14257730454621,0,0,-444,-3.34448973842744,476.0,315.36962440920104,-271.882557366228
16948,134.60357830151,0,0,-447,44.6545736851756,412.22809220139396,386.247330087859,-261.526417672918
16949,-81.6213168145616,0,0,-450,-49.619725703049404,238.000000000001,430.802918524924,-250.80450963643798
16950,-263.428283460579,0,0,-453,-16.6964546458961,-2.3376202012368806e-13,446.0,-239.731828814683
16951,-482.974573163272,0,0,-456,8.546369664809848,-237.999999999996,430.802918524925,-228.323861353012
16952,-766.9622697210451,0,0,-459,-65.384945282052,-412.228092201391,386.24733008786103,-216.596562325463
16953,-847.0579687290331,0,0,-462,-19.8612597180869,-476.0,315.36962440920104,-204.56633342014703
16954,-865.296100669609,0,0,-465,-18.818008468215698,-412.228092201393,223.0,-192.25
16955,-778.1911153797231,0,0,-468,-7.95962192445558,-238.0,115.433294115724,-179.66478757099202
16956,-638.967997206532,0,0,-471,-1.1396995158279801,-4.89780630084284e-12,2.29456051489066e-12,-166.82829769070102
16957,-581.112769238635,0,0,-474,-75.9209917719688,237.999999999997,-115.433294115723,-153.75848335094102
16958,-481.961855770017,0,0,-477,-53.7163241025302,412.228092201392,-222.999999999999,-140.473623868879
16959,-402.298904460495,0,0,-480,44.0630192704665,476.0,-315.36962440919996,-126.992299321762
16960,-550.4402364886599,0,0,-483,19.9123659588004,412.228092201392,-386.24733008786,-113.333364560993
16961,-811.0898122333459,0,0,-486,-32.7709708665068,238.000000000004,-430.802918524924,-99.5159228419192
16962,-1128.31803623616,0,0,-489,-107.758737129964,3.2650077773732203e-12,-446.0,-85.559299106203
16963,-1201.0925698628098,0,0,-492,31.193361616255803,-237.999999999998,-430.802918524925,-71.4830129541409
16964,-1360.96549236408,0,0,-495,-10.183318730085599,-412.228092201389,-386.24733008786103,-57.306751344739396
16965,-1284.92065132645,0,0,-498,47.49931414447129,-476.0,-315.369624409202,-43.0503410617223
16966,-1123.66700227143,0,0,-501,41.2948109139445,-412.228092201392,-222.999999999999,-28.733720983979996
16967,-830.6322731227569,0,0,-504,41.1779351922096,-237.999999999997,-115.433294115723,-14.376914199247198
16968,-565.3386823146669,0,0,-507,-58.338682314664204,-1.63220925390359e-12,-7.646694613876071e-13,-9.41753388544315e-14
16969,-147.904979658247,0,0,-510,-5.71518797321815,238.0,115.433294115724,14.3769141992473
16970,206.88730404637002,0,0,-513,55.9254908609958,412.228092201393,223.0,28.733720983980103
16971,265.943220532319,0,0,-516,-52.4767449386014,476.0,315.369624409199,43.050341061721795
16972,255.469385355073,0,0,-519,-81.3127882789193,412.22809220139396,386.247330087859,57.306751344738906
16973,191.64638102483798,0,0,-522,-26.6395504542279,238.000000000001,430.802918524924,71.4830129541403
16974,-7.956481446472139,0,0,-525,-14.515780552681699,6.76377757487012e-12,446.0,85.55929910620279
16975,-259.699643896971,0,0,-528,-24.0184852638201,-237.999999999995,430.802918524925,99.51592284191901
16976,-446.182885650435,0,0,-531,-2.53548809789761,-412.228092201391,386.24733008786103,113.333364560992
16977,-581.282534810026,0,0,-534,-13.6444585409866,-476.0,315.369624409199,126.992299321762
16978,-546.76201038362,0,0,-537,38.9924579488939,-412.228092201393,223.0,140.473623868879
16979,-527.133398249762,0,0,-540,-18.3251757164272,-238.0,115.433294115724,153.75848335094
16980,-364.53212551367204,0,0,-543,11.639576795626303,1.63338779303566e-12,-7.652215921154441e-13,166.82829769070102
16981,-267.534816299292,0,0,-546,-23.766309754558602,237.999999999997,-115.433294115723,179.66478757099202
16982,-210.28369554268102,0,0,-549,-42.7617877440732,412.228092201392,-222.999999999999,192.25
16983,-150.40529794081002,0,0,-552,36.397993048242505,476.0,-315.36962440919996,204.56633342014703
16984,-302.42102620214,0,0,-555,10.0016493588593,412.228092201396,-386.24733008785796,216.596562325463
16985,-497.834393447055,0,0,-558,24.644663724854002,238.000000000004,-430.802918524924,228.323861353011
16986,-773.881679188932,0,0,-561,-6.61350800361794,3.4981805279308704e-12,-446.0,239.731828814683
16987,-984.5022700550801,0,0,-564,-2.50386116659003,-238.000000000004,-430.802918524924,250.80450963643798
16988,-1103.6195860267,0,0,-567,0.32941858963468795,-412.228092201392,-386.24733008786,261.526417672919
16989,-1165.75817377074,0,0,-570,-76.27110672776709,-476.0,-315.36962440919996,271.882557366227
16990,-906.800260873483,0,0,-573,19.5693866093398,-412.228092201392,-222.999999999999,281.858444718568
16991,-619.398184598832,0,0,-576,18.5949819674703,-238.000000000003,-115.433294115726,291.440127549427
16992,-243.84576054881902,0,0,-579,34.5400344422269,-1.8653820044612502e-12,-8.73907955871551e-13,300.61420500895696
16993,91.18270695267549,0,0,-582,10.381566516668,238.0,115.433294115724,309.367846320284
16994,317.380290645909,0,0,-585,-50.5366102799787,412.22809220139,222.999999999998,317.6888087245
16995,471.54053805228597,0,0,-588,-57.3945409601876,476.0,315.369624409199,325.565454603275
16996,568.340674555634,0,0,-591,27.8784845112642,412.22809220139396,386.247330087859,332.986767755117
16997,420.79688911901496,0,0,-594,6.05160179156201,238.00000000000702,430.80291852492303,339.942368802522
16998,192.47863095238702,0,0,-597,-2.94389875609325,2.32583480991624e-13,446.0,346.42252970848
16999,-58.538602794136295,0,0,-600,-3.75970870106556,-238.000000000001,430.802918524924,352.418187382006
17000,-244.62319061429798,0,0,-603,26.4366151455408,-412.22809220139396,386.247330087859,357.92095635369697
17001,-404.27580582739,0,0,-606,-0.568570740158473,-476.0,315.36962440920104,362.92314050356697
17002,-488.44660062149495,0,0,-609,-57.6362522448736,-412.22809220139396,223.000000000001,367.417743824771
17003,-351.71911326792804,0,0,-612,11.449112408201401,-238.0,115.433294115724,371.39848020814696
17004,-262.104223780101,0,0,-615,-21.9640060140096,-5.36415180195815e-12,2.5130375038585497e-12,374.859782233911
17005,-110.073839928544,0,0,-618,7.562645228982309,237.999999999997,-115.433294115722,377.796808958199
17006,11.4474762814429,0,0,-621,63.0139313964885,412.228092201392,-222.999999999999,380.205452683562
17007,-92.10148369150059,0,0,-624,-10.814203986254698,476.0,-315.369624409198,382.082344703952
17008,-165.61169314108,0,0,-627,51.9826847292232,412.228092201393,-386.24733008786,383.424860016164
17009,-441.05931802112,0,0,-630,-2.48752048733311,237.999999999999,-430.802918524925,384.231120991139
17010,-709.607013359725,0,0,-633,-15.107013359721801,-3.03301356594762e-12,-446.0,384.5
17011,-980.072209944123,0,0,-636,-59.50041241033961,-237.999999999998,-430.802918524925,384.231120991139
17012,-992.033148546115,0,0,-639,62.0174137269736,-412.228092201392,-386.24733008786,383.424860016164
17013,-1003.10295608687,0,0,-642,48.1843236183801,-476.0,-315.36962440919996,382.082344703952
17014,-828.973814635069,0,0,-645,71.0488248827661,-412.22809220139504,-223.000000000002,380.205452683562
17015,-601.81433189082,0,0,-648,21.8221532667095,-238.000000000003,-115.433294115726,377.796808958199
17016,-288.48992809932,0,0,-651,-12.3497103332284,-2.0985547550189e-12,-9.831464503554949e-13,374.859782233911
17017,55.1262799656116,0,0,-654,-15.7054943582496,237.999999999994,115.433294115721,371.39848020814696
17018,351.931179661523,0,0,-657,6.285343635364599,412.22809220139,222.999999999998,367.417743824771
17019,511.56047196166395,0,0,-660,17.2677070488962,476.0,315.36962440920104,362.92314050356697
17020,498.05839595626196,0,0,-663,4.6620173133136795,412.228092201391,386.24733008786,357.92095635369697
17021,392.404350247732,0,0,-666,37.183244340800705,238.000000000002,430.802918524924,352.418187382006
17022,165.287447020138,0,0,-669,41.8649173116571,4.657562315492801e-13,446.0,346.42252970848
17023,-116.874630348174,0,0,-672,22.380082324379803,-238.000000000001,430.802918524924,339.942368802523
17024,-354.25091414570505,0,0,-675,13.7430802127078,-412.228092201391,386.24733008786103,332.986767755117
17025,-1738.91800455526,1,0,-678,-28.7702313149751,-476.0,315.36962440920104,325.565454603275
17026,-560.828514284302,0,0,-681,-8.28923080740881,-412.22809220139396,223.000000000001,317.6888087245
17027,-483.243663584066,0,0,-684,13.955195979928401,-238.000000000006,115.43329411572701,309.367846320284
17028,-401.61833077098,0,0,-687,-15.232535779934098,-5.59732455251581e-12,2.62227599834249e-12,300.61420500895804
17029,-249.632149580191,0,0,-690,26.361016986107998,237.999999999996,-115.433294115722,291.440127549427
17030,-262.940564542673,0,0,-693,-41.0271014626339,412.22809220139504,-223.000000000002,281.858444718568
17031,-268.282745240351,0,0,-696,-4.79567819737853,476.0,-315.36962440919996,271.882557366227
17032,-447.278559730571,0,0,-699,-35.78573951702229,412.228092201393,-386.24733008786,261.526417672918
17033,-653.771430409625,0,0,-702,-9.773021521136961,237.999999999999,-430.802918524925,250.80450963643798
17034,-883.6034350438199,0,0,-705,27.6647361414925,3.96452602904619e-12,-446.0,239.731828814683
17035,-1090.32189427095,0,0,-708,58.1571629009642,-237.999999999998,-430.802918524925,228.323861353012
17036,-1239.73957301041,0,0,-711,53.139286953383596,-412.228092201392,-386.24733008786,216.596562325463
17037,-1316.83560076913,0,0,-714,-16.0323097800765,-476.0,-315.369624409202,204.56633342014703
17038,-1125.21776253747,0,0,-717,34.760329663930804,-412.22809220139504,-223.000000000002,192.250000000001
17039,-883.560951617347,0,0,-720,10.2075549273894,-238.000000000003,-115.433294115726,179.66478757099202
17040,-482.66414172662,0,0,-723,73.50756058269221,-9.09609435001271e-12,-4.26140554632949e-12,166.82829769070102
17041,-251.016571547189,0,0,-726,-32.208349013852605,237.999999999999,115.433294115724,153.75848335094102
17042,89.5932879020414,0,0,-729,42.8915718317696,412.228092201393,223.0,140.473623868879
17043,243.253580646336,0,0,-732,56.8916569153734,476.0,315.36962440920104,126.992299321762
17044,154.86262225421,0,0,-735,-21.946164596035498,412.22809220139504,386.247330087859,113.333364560993
17045,-43.926614403185795,0,0,-738,-74.24545577003109,238.000000000002,430.802918524924,99.51592284191929
17046,-224.23620771127102,0,0,-741,-14.7955068174813,7.46329582654309e-12,446.0,85.559299106203
17047,-469.255000978554,0,0,-744,10.459067542381302,-238.000000000001,430.802918524924,71.4830129541409
17048,-653.273848158481,0,0,-747,62.4001626103096,-412.22809220139,386.24733008786103,57.306751344739396
17049,-864.5640472794971,0,0,-750,3.0159872495766002,-476.0,315.369624409204,43.0503410617223
17050,-965.3180448210139,0,0,-753,-51.823673603601996,-412.22809220139396,223.000000000001,28.7337209839807
17051,-917.161729815026,0,0,-756,-52.9719381300002,-237.999999999995,115.433294115721,14.376914199247198
17052,-770.104642915115,0,0,-759,-11.104642915116,9.33869541362688e-13,-4.3750610866361205e-13,1.41263008281647e-13
17053,-680.9950514516561,0,0,-762,-27.1848431366827,237.999999999996,-115.433294115722,-14.376914199246901
17054,-599.762882708798,0,0,-765,4.74274607378857,412.22809220139504,-223.000000000002,-28.7337209839798
17055,-604.598500178322,0,0,-768,45.821465292599704,476.0,-315.36962440919996,-43.0503410617221
17056,-808.11797506651,0,0,-771,-5.791985835309481,412.228092201396,-386.24733008785796,-57.3067513447392
17057,-1037.44298465325,0,0,-774,0.842946825819756,237.999999999999,-430.802918524925,-71.48301295414059
17058,-124.090609145315,1,0,-777,-12.614162291875,4.1976987796038396e-12,-446.0,-85.5592991062027
17059,-1536.72662219162,0,0,-780,11.5922191752144,-237.99999999999199,-430.802918524926,-99.51592284191901
17060,-1767.86432598895,0,0,-783,-73.0555391387085,-412.228092201392,-386.24733008786,-113.333364560992
17061,-1747.2360024884802,0,0,-786,-42.874078757511704,-476.0,-315.369624409202,-126.992299321761
17062,-1587.37877005806,0,0,-789,-22.677053987785,-412.228092201392,-222.999999999999,-140.473623868879
17063,-1331.06217067655,0,0,-792,-31.870393209878003,-238.000000000003,-115.433294115726,-153.75848335094
17064,-968.093756234642,0,0,-795,-6.26545854394714,4.19946658830194e-12,1.96739716216666e-12,-166.82829769070102
17065,-619.635533889424,0,0,-798,4.59595956584508,237.999999999999,115.433294115724,-179.66478757099202
17066,-260.045406948596,0,0,-801,97.9765008500167,412.22809220139,222.999999999997,-192.25
17067,-233.04841445316,0,0,-804,-15.8517054422143,476.0,315.36962440920104,-204.56633342014598
17068,-253.037298276227,0,0,-807,-27.9161582400172,412.22809220139504,386.247330087859,-216.596562325463
17069,-393.962969954349,0,0,-810,-24.442027126268503,238.00000000000801,430.80291852492303,-228.323861353011
17070,-587.3705401925611,0,0,-813,19.3612886221211,9.32101732664592e-13,446.0,-239.731828814683
17071,-955.215714698888,0,0,-816,-81.21412358738141,-237.999999999995,430.802918524925,-250.804509636437
17072,-1117.23006181394,0,0,-819,-10.7228820274837,-412.22809220139396,386.247330087859,-261.526417672919
17073,-1205.3447436864099,0,0,-822,49.168189270616296,-476.0,315.36962440920104,-271.882557366228
17074,-1297.75155702749,0,0,-825,-1.6650201075246498,-412.22809220139,222.999999999998,-281.858444718568
17075,-1217.1327337356402,0,0,-828,24.8740996980609,-238.000000000001,115.433294115725,-291.440127549427
17076,-2312.09765840432,1,0,-831,16.599398857404598,-6.06367005363112e-12,2.84075298731038e-12,-300.61420500895696
17077,-1048.47549277923,0,0,-834,-27.6743523432202,238.000000000002,-115.433294115725,-309.367846320284
17078,-976.899930456584,0,0,-837,-11.4392139334767,412.228092201391,-222.999999999999,-317.6888087245
17079,-1027.26789716091,0,0,-840,-22.3328181484405,476.0,-315.369624409197,-325.565454603275
17080,-1187.23335254543,0,0,-843,-37.22734690384829,412.228092201393,-386.247330087859,-332.986767755116
17081,-1402.04652583585,0,0,-846,-23.3012385084127,238.000000000005,-430.802918524924,-339.942368802522
17082,-1645.45126083836,0,0,-849,-4.02873112989511,1.1195238374597699e-11,-446.0,-346.42252970848
17083,-1928.2067473084803,0,0,-852,-54.9856414015531,-237.999999999997,-430.802918524925,-352.418187382006
17084,-2071.2437102540302,0,0,-855,-59.84733161107489,-412.22809220139504,-386.24733008785796,-357.92095635369697
17085,-2051.8538768703,0,0,-858,-39.5611119575331,-476.0,-315.36962440919996,-362.92314050356697
17086,-1813.3030844235502,0,0,-861,50.342751602621895,-412.228092201396,-223.000000000002,-367.417743824771
17087,-1556.3566863119102,0,0,-864,32.4750880119557,-237.999999999998,-115.433294115723,-371.39848020814696
17088,-1255.58381436306,0,0,-867,-13.7240321291481,-2.7980730066918703e-12,-1.31086193380733e-12,-374.859782233911
17089,-885.872120494532,0,0,-870,8.49139434795393,237.99999999999298,115.433294115721,-377.796808958199
17090,-612.877466609743,0,0,-873,5.09989387242581,412.228092201393,223.0,-380.205452683562
17091,-538.195131773918,0,0,-876,-71.48241147916521,476.0,315.369624409198,-382.082344703952
17092,-444.698494400155,0,0,-879,19.250943326753898,412.228092201398,386.247330087857,-383.424860016164
17093,-630.454172596353,0,0,-882,-33.0259701301404,238.000000000002,430.802918524924,-384.231120991139
17094,-825.931776568237,0,0,-885,-2.4317765682309,-5.59909236121391e-12,446.0,-384.5
17095,86.80507632027658,1,0,-888,-30.8495734662674,-238.0,430.802918524924,-384.231120991139
17096,-1320.1969840531501,0,0,-891,-19.7913619234572,-412.22809220139,386.24733008786103,-383.424860016164
17097,-1411.9342979366502,0,0,-894,24.7784223581025,-476.0,315.369624409199,-382.082344703952
17098,-1436.88403699517,0,0,-897,29.5495078897871,-412.22809220139396,223.000000000001,-380.205452683562
17099,-1414.4086141382998,0,0,-900,-14.045099295822599,-238.00000000000702,115.433294115728,-377.796808958199
17100,-1270.4656834204902,0,0,-903,7.394098813423231,4.675240402473761e-13,-2.1902911969572502e-13,-374.859782233911
17101,-1155.7117694130302,0,0,-906,-0.879995089160022,237.999999999996,-115.433294115722,-371.39848020814696
17102,-1147.14144994711,0,0,-909,-59.95179832372929,412.228092201388,-222.999999999996,-367.417743824771
17103,-1105.2965631828502,0,0,-912,8.99620172992164,476.0,-315.36962440919996,-362.92314050356697
17104,-1263.37503043167,0,0,-915,-16.434836191514197,412.22809220139703,-386.24733008785796,-357.92095635369697
17105,-1454.1209043286701,0,0,-918,9.1002015782571,237.999999999999,-430.802918524925,-352.418187382006
17106,-1723.07005123889,0,0,-921,-9.64752153041001,4.66404428071915e-12,-446.0,-346.42252970848
17107,-1899.22482552791,0,0,-924,33.5204617995382,-238.000000000003,-430.802918524924,-339.942368802523
17108,-2050.0208590143498,0,0,-927,8.441331030023319,-412.228092201392,-386.24733008786,-332.986767755117
17109,-2072.30877813797,0,0,-930,-25.373699125496604,-476.0,-315.36962440920297,-325.565454603275
17110,-1938.0681266165197,0,0,-933,-52.1512256906311,-412.228092201392,-223.0,-317.6888087245
17111,-1641.12922904352,0,0,-936,-42.3280886075064,-238.000000000004,-115.433294115726,-309.367846320284
17112,-1224.61029327568,0,0,-939,15.003911733294801,-9.79561260168568e-12,-4.58912102978132e-12,-300.61420500895804
17113,-825.072785024593,0,0,-942,54.9340484091114,237.999999999999,115.433294115724,-291.440127549427
17114,-559.2740705336889,0,0,-945,32.3562819834927,412.228092201389,222.999999999997,-281.858444718569
17115,-424.7671956414,0,0,-948,3.7457373156266005,476.0,315.36962440920104,-271.882557366227
17116,-335.612366910133,0,0,-951,78.4386284735316,412.22809220139504,386.247330087859,-261.526417672918
17117,-565.1811198365419,0,0,-954,-29.179528725025396,237.999999999997,430.802918524925,-250.80450963643798
17118,-795.484595341945,0,0,-957,-44.752766527263404,1.3984472337799e-12,446.0,-239.731828814683
17119,-1009.4565215029302,0,0,-960,-13.935578674847902,-237.999999999994,430.802918524925,-228.323861353012
17120,-1165.07436656748,0,0,-963,40.502957871518795,-412.22809220139396,386.247330087859,-216.596562325463
17121,-1294.29143684366,0,0,-966,36.9052721672827,-476.0,315.36962440920104,-204.56633342014703
17122,-1378.0870384226998,0,0,-969,-27.6089462213096,-412.22809220139703,223.000000000004,-192.25
17123,-1239.43121724935,0,0,-972,34.8002762059208,-238.000000000001,115.433294115725,-179.66478757099202
17124,-1144.9128003138699,0,0,-975,-3.0845026231674098,-6.530015554746429e-12,3.05922997627827e-12,-166.82829769070102
17125,-981.3298632529379,0,0,-978,27.8619142137315,237.99999999999,-115.433294115719,-153.75848335094102
17126,-1003.33285020455,0,0,-981,-71.08731853706809,412.228092201391,-222.999999999998,-140.473623868879
17127,-974.9794039171629,0,0,-984,-24.617480186199497,476.0,-315.369624409202,-126.992299321762
17128,-1082.7507141961098,0,0,-987,-8.3981117486555,412.2280922014,-386.24733008785597,-113.333364560993
17129,-1303.29975899316,0,0,-990,-20.980917626322398,238.000000000005,-430.802918524924,-99.51592284191929
17130,-1530.43142820058,0,0,-993,-5.8721290943852695,1.1661583875713e-11,-446.0,-85.5592991062037
17131,-1774.76065542298,0,0,-996,-38.4747239439186,-237.999999999997,-430.802918524925,-71.483012954141
17132,-1841.9314944222,0,0,-999,12.850679211791801,-412.22809220139504,-386.247330087859,-57.3067513447388
17133,-1848.6714115371399,0,0,-1002,-12.2514460662133,-476.0,-315.36962440919996,-43.0503410617224
17134,-1651.8750891683499,0,0,-1005,17.086724017018398,-412.228092201389,-222.999999999997,-28.733720983980103
17135,-1404.34082654539,0,0,-1008,-28.530618230399497,-238.00000000001,-115.43329411572901,-14.3769141992473
17136,-1013.9165131090899,0,0,-1011,-2.91651310908891,-3.26441850780718e-12,-1.52933892277521e-12,-1.88350677708863e-13
17137,-629.300913378024,0,0,-1014,16.888878307016,237.99999999999298,115.43329411571999,14.376914199246901
17138,-341.467777295289,0,0,-1017,11.5704095193384,412.228092201393,223.0,28.733720983980398
17139,-121.491635882612,0,0,-1020,64.088398646468,476.0,315.369624409198,43.0503410617213
17140,-182.316555215061,0,0,-1023,-15.098728849052,412.228092201392,386.24733008786,57.306751344739105
17141,-310.620235387036,0,0,-1026,-24.906166866112297,238.000000000014,430.802918524922,71.48301295413991
17142,-520.448073595702,0,0,-1029,-23.0073727019129,8.39598682877371e-12,446.0,85.5592991062027
17143,-755.816634735296,0,0,-1032,-16.13547610214,-238.0,430.802918524924,99.51592284191959
17144,-938.5372901026311,0,0,-1035,9.110107449905929,-412.22809220139,386.24733008786103,113.333364560992
17145,-1067.6316475847198,0,0,-1038,4.00642868431434,-476.0,315.369624409199,126.992299321762
17146,-1133.25608005696,0,0,-1041,-43.5016117244421,-412.22809220139396,223.000000000001,140.473623868878
17147,-996.425516041989,0,0,-1044,16.3827064913445,-237.999999999995,115.433294115722,153.75848335094
17148,-883.4384769642251,0,0,-1047,-3.26677465491866,-1.3527555149740199e-11,6.33748907225226e-12,166.82829769070102
17149,-716.020742817542,0,0,-1050,31.747763727192602,237.999999999995,-115.433294115722,179.66478757099202
17150,-657.690665005292,0,0,-1053,13.831242793316697,412.228092201387,-222.999999999996,192.25
17151,-650.340825562852,0,0,-1056,40.462465426200204,476.0,-315.369624409199,204.56633342014703
17152,-750.527718185202,0,0,-1059,65.8949573757973,412.22809220139703,-386.24733008785796,216.596562325462
17153,-1052.3295488147198,0,0,-1062,-25.8504916428016,238.0,-430.802918524924,228.323861353011
17154,-1204.05045161747,0,0,-1065,67.21771956785271,-8.39834390703784e-12,-446.0,239.731828814683
17155,-1517.6330863614999,0,0,-1068,-31.634677473025498,-237.999999999991,-430.802918524926,250.804509636437
17156,-1605.81327392037,0,0,-1071,2.1357306959633897,-412.228092201392,-386.24733008786,261.526417672919
17157,-1615.69743737638,0,0,-1074,-22.2103703334025,-476.0,-315.36962440920297,271.882557366227
17158,-1467.9869815866,0,0,-1077,-37.6173341037739,-412.228092201393,-223.0,281.858444718568
17159,-1150.6000474462,0,0,-1080,-8.60688087989828,-238.000000000004,-115.433294115726,291.440127549426
17160,-828.061099784324,0,0,-1083,-45.67530479328651,3.26677558607131e-12,1.5304431842308898e-12,300.61420500895696
17161,-414.03228543532094,0,0,-1086,9.16657412869114,237.999999999986,115.43329411571699,309.367846320284
17162,-76.60351183839799,0,0,-1089,59.4795872357162,412.228092201389,222.999999999997,317.6888087245
17163,-46.025074805525996,0,0,-1092,-70.9601538180018,476.0,315.36962440919996,325.565454603275
17164,21.7692163412598,0,0,-1095,-14.6929737031106,412.22809220139504,386.247330087859,332.986767755117
17165,-66.1367731504128,0,0,-1098,23.117939522143,237.999999999997,430.802918524925,339.942368802522
17166,-308.332648659355,0,0,-1101,0.244821632162713,1.8647927348952197e-12,446.0,346.42252970848
17167,-555.763571403925,0,0,-1104,3.0153226891510703,-238.000000000005,430.802918524924,352.418187382006
17168,-744.024470925852,0,0,-1107,31.035334833975398,-412.228092201386,386.247330087863,357.920956353696
17169,-922.327671414772,0,0,-1110,-14.620436327541402,-476.0,315.369624409202,362.92314050356697
17170,-934.113294049046,0,0,-1113,0.6970543275771249,-412.228092201398,223.000000000004,367.417743824771
17171,-784.5385145444209,0,0,-1116,82.6297111317087,-238.000000000001,115.433294115725,371.39848020814696
17172,-762.02006407713,0,0,-1119,-17.8798463110373,-6.996361055861741e-12,3.2777069652461496e-12,374.859782233911
17173,-705.855734338179,0,0,-1122,-84.2192491806548,238.000000000001,-115.433294115725,377.796808958199
17174,-533.249827048423,0,0,-1125,22.316628066621103,412.22809220139703,-223.000000000004,380.205452683562
17175,-538.625426568669,0,0,-1128,46.661853136576205,476.0,-315.369624409197,382.082344703952
17176,-710.1646290032339,0,0,-1131,11.4297488670676,412.22809220139396,-386.247330087859,383.424860016164
17177,-888.113608944738,0,0,-1134,54.4581885890406,238.000000000006,-430.802918524924,384.231120991139
17178,-1199.19265867095,0,0,-1137,-0.6926586709479061,-1.40080431204403e-12,-446.0,384.5
17179,-1487.6360571797597,0,0,-1140,-63.0642596459747,-237.999999999997,-430.802918524925,384.231120991139
17180,-1518.1029965676998,0,0,-1143,39.947565705391895,-412.22809220139504,-386.247330087859,383.424860016164
17181,-1596.37563852993,0,0,-1146,-41.0883588246817,-476.0,-315.369624409205,382.082344703952
17182,-1332.02698031002,0,0,-1149,71.9956592078126,-412.228092201396,-223.000000000003,380.205452683562
17183,-2383.5685635161603,1,0,-1152,-58.849226105858,-238.00000000001,-115.43329411572999,377.796808958199
17184,-747.243573783305,0,0,-1155,32.896643982789,-3.7307640089225004e-12,-1.7478159117431002e-12,374.859782233911
17185,-404.58638049017503,0,0,-1158,28.581845185948,238.000000000004,115.433294115726,371.39848020814696
17186,-118.608022116624,0,0,-1161,39.7461418572132,412.228092201392,223.0,367.417743824771
17187,53.088479618597404,0,0,-1164,62.7957147058275,476.0,315.36962440920297,362.92314050356697
17188,-37.5194815728006,0,0,-1167,-26.9158602157528,412.228092201399,386.247330087857,357.92095635369697
17189,-153.43905497587602,0,0,-1170,-4.66016088280891,238.000000000003,430.802918524924,352.418187382006
17190,-390.36729316168703,0,0,-1173,-9.78982287017623,8.862332329889029e-12,446.0,346.42252970848
17191,-611.431779771538,0,0,-1176,31.822932901014198,-237.999999999999,430.802918524925,339.942368802523
17192,-883.3391417353461,0,0,-1179,-11.3451473769346,-412.22809220139,386.24733008786103,332.986767755117
17193,-967.4659791793599,0,0,-1182,49.598941808164994,-476.0,315.36962440919996,325.565454603275
17194,-1099.72385938944,0,0,-1185,-43.18457591254229,-412.228092201401,223.00000000000702,317.6888087245
17195,-1026.2120132571401,0,0,-1188,-25.013153693146897,-238.00000000000801,115.433294115728,309.367846320284
17196,-966.726250994794,0,0,-1191,-76.3404560037513,-4.65166961983248e-13,2.1792485824005102e-13,300.61420500895696
17197,-739.961354760746,0,0,-1194,40.031811805553396,237.999999999995,-115.433294115722,291.440127549427
17198,-764.357204675961,0,0,-1197,-38.4437415959226,412.22809220139396,-223.000000000001,281.858444718568
17199,-736.169248309375,0,0,-1200,31.3178187335963,476.0,-315.369624409199,271.882557366228
17200,-932.0044498113369,0,0,-1203,-16.5116295977846,412.22809220139,-386.24733008786103,261.526417672919
17201,-1187.2936429352999,0,0,-1206,-39.295234046830394,238.00000000001202,-430.80291852492303,250.80450963643798
17202,-1394.3312279115698,0,0,-1209,20.9369432737391,5.59673528294978e-12,-446.0,239.731828814683
17203,-1707.00224465406,0,0,-1212,-54.523187482159,-237.999999999991,-430.802918524926,228.323861353012
17204,-1797.8772087279397,0,0,-1215,-0.998348764155042,-412.228092201391,-386.24733008786,216.596562325463
17205,-1817.7662057703699,0,0,-1218,-12.9629147813127,-476.0,-315.36962440920297,204.56633342014703
17206,-1710.30340462541,0,0,-1221,-46.3253124240185,-412.228092201393,-223.0,192.25
17207,-1404.99626227837,0,0,-1224,-7.22775573364586,-237.99999999999298,-115.433294115721,179.66478757099202
17208,-1020.31850946223,0,0,-1227,39.8531928470855,-1.07283036039163e-11,-5.0260750077170905e-12,166.82829769070102
17209,-729.5769581591569,0,0,-1230,-6.76873562581813,237.999999999998,115.433294115723,153.75848335094
17210,-455.826639064775,0,0,-1233,1.47164486495971,412.228092201389,222.999999999997,140.473623868879
17211,-311.770506455967,0,0,-1236,5.86756981307099,476.0,315.36962440919996,126.992299321762
17212,-305.722714297748,0,0,-1239,21.4684988520049,412.22809220139504,386.24733008785796,113.333364560993
17213,-479.31142737245597,0,0,-1242,-5.63026873929759,237.999999999997,430.802918524925,99.51592284191929
17214,-745.609364194774,0,0,-1245,-32.168663300994,1.5859871924882802e-11,446.0,85.5592991062038
17215,-991.870375536432,0,0,-1248,-8.156307015505309,-237.99999999999298,430.802918524925,71.483012954141
17216,-1180.84428538841,0,0,-1251,38.829725380387394,-412.228092201393,386.247330087859,57.306751344738906
17217,-1423.4965045945098,0,0,-1254,-51.916470065431994,-476.0,315.369624409202,43.0503410617224
17218,-1492.6343963629502,0,0,-1257,-75.1400251455364,-412.228092201391,222.999999999999,28.733720983980103
17219,-1330.6669726466698,0,0,-1260,37.5228190383573,-238.000000000002,115.433294115725,14.3769141992473
17220,-1222.09036312134,0,0,-1263,40.9096368786579,6.0660271318952505e-12,-2.84185724876605e-12,2.35438347136079e-13
17221,-1170.6076872942199,0,0,-1266,-12.7974789792483,237.999999999989,-115.433294115718,-14.376914199246901
17222,-1035.8733439769,0,0,-1269,72.63228480568979,412.22809220139,-222.999999999998,-28.7337209839803
17223,-1099.84271687297,0,0,-1272,54.5772485979446,476.0,-315.369624409197,-43.0503410617213
17224,-1253.6339480358502,0,0,-1275,52.6920411953543,412.22809220139396,-386.247330087859,-57.306751344739105
17225,-1564.3185148699697,0,0,-1278,-22.0325833909169,238.000000000006,-430.802918524924,-71.48301295413991
17226,-1799.6966723136397,0,0,-1281,12.8626267925654,-9.34458810928721e-13,-446.0,-85.5592991062027
17227,-1986.9340252015697,0,0,-1284,65.3848161652814,-238.00000000000801,-430.80291852492303,-99.5159228419195
17228,-2184.92168863655,0,0,-1287,13.887098213690601,-412.228092201388,-386.247330087862,-113.333364560993
17229,-2230.41517798522,0,0,-1290,-22.0532542542528,-476.0,-315.36962440920104,-126.992299321762
17230,-2097.0329588956897,0,0,-1293,-28.3312428254115,-412.228092201396,-223.000000000003,-140.473623868879
17231,-1768.99221785895,0,0,-1296,34.1995596077123,-237.999999999999,-115.433294115724,-153.75848335094
17232,-1440.2883477191401,0,0,-1299,25.53994997157,-4.19710951003781e-12,-1.9662929007109898e-12,-166.82829769070102
17233,-1097.44111771607,0,0,-1302,30.7903757391918,238.000000000003,115.433294115726,-179.66478757099202
17234,-828.993525401058,0,0,-1305,33.0283823975623,412.228092201385,222.999999999994,-192.25
17235,-721.484089522498,0,0,-1308,-0.287380511549511,476.0,315.369624409198,-204.56633342014598
17236,-765.620723036169,0,0,-1311,-36.4995829999629,412.228092201399,386.247330087857,-216.596562325462
17237,-911.522163039868,0,0,-1314,-38.001220211785295,238.000000000003,430.802918524924,-228.323861353011
17238,-1154.22043062632,0,0,-1317,-43.488601811631206,-4.2000558578679705e-12,446.0,-239.731828814683
17239,-1337.4688414934199,0,0,-1320,40.5327496180886,-237.999999999999,430.802918524925,-250.80450963643798
17240,-1592.8771704325102,0,0,-1323,17.630009353947603,-412.228092201396,386.24733008785796,-261.526417672919
17241,-1745.5472998343803,0,0,-1326,12.965633122646,-476.0,315.369624409204,-271.882557366228
17242,-1815.23055208677,0,0,-1329,-15.144015166805302,-412.22809220139504,223.000000000002,-281.858444718568
17243,-1790.9022947394199,0,0,-1332,-44.8954613057158,-238.00000000000801,115.433294115728,-291.440127549427
17244,-1685.2085407985098,0,0,-1335,-49.59433578954761,-9.315124630985602e-13,4.36401847207939e-13,-300.61420500895696
17245,-1545.83592802542,0,0,-1338,-21.0347875894112,237.999999999995,-115.433294115721,-309.367846320284
17246,-1490.30202872057,0,0,-1341,-20.841312197467698,412.22809220139396,-223.000000000001,-317.6888087245
17247,-1536.4722314320002,0,0,-1344,-27.537152419528304,476.0,-315.369624409195,-325.565454603275
17248,-1670.97771199169,0,0,-1347,-16.9717063501161,412.22809220139703,-386.24733008785796,-332.986767755116
17249,-1881.72762214089,0,0,-1350,1.01766518655893,238.000000000001,-430.802918524924,-339.942368802523
17250,-2136.04160343208,0,0,-1353,9.380926276388779,6.06308078406509e-12,-446.0,-346.42252970848
17251,-2474.7297516204503,0,0,-1356,-97.5086457135164,-238.000000000002,-430.802918524924,-352.418187382006
17252,-2575.2907147481,0,0,-1359,-59.894336105153705,-412.228092201391,-386.24733008786,-357.92095635369697
17253,-2607.16990088052,0,0,-1362,-90.877135967755,-476.0,-315.369624409199,-362.92314050356697
17254,-2410.09366155536,0,0,-1365,-42.4478255291844,-412.2280922014,-223.000000000006,-367.417743824771
17255,-2090.55879759622,0,0,-1368,2.27297672766272,-238.000000000005,-115.43329411572701,-371.39848020814696
17256,-1722.8820633688501,0,0,-1371,22.977718865078202,-1.11946491050316e-11,-5.24455199668498e-12,-374.859782233911
17257,-1393.79873103116,0,0,-1374,4.56478381132318,237.999999999997,115.433294115723,-377.796808958199
17258,-1172.2217978332499,0,0,-1377,-50.244437351070296,412.228092201389,222.999999999997,-380.205452683562
17259,-959.6442590502991,0,0,-1380,11.0684612444523,476.0,315.36962440919996,-382.082344703952
17260,-930.126878463746,0,0,-1383,37.8225592631676,412.228092201389,386.24733008786103,-383.424860016164
17261,-1136.32023523099,0,0,-1386,-34.8920327647864,238.00000000001,430.80291852492303,-384.231120991139
17262,-1301.94583131614,0,0,-1389,25.5541686838532,2.79748373712584e-12,446.0,-384.5
17263,-1586.99666060073,0,0,-1392,-3.56845813452516,-237.99999999999298,430.802918524925,-384.231120991139
17264,-1849.5136887346803,0,0,-1395,-45.1080666049835,-412.228092201393,386.24733008786,-383.424860016164
17265,-1986.84054309955,0,0,-1398,-46.1278228048038,-476.0,315.369624409202,-382.082344703952
17266,-2046.91704816243,0,0,-1401,-76.4835032774805,-412.228092201391,222.999999999999,-380.205452683562
17267,-2017.4566875594396,0,0,-1404,-113.09317271696199,-238.000000000014,115.433294115732,-377.796808958199
17268,-1768.6796045999301,0,0,-1407,13.1801776339856,-7.92905205809237e-12,3.71466094318193e-12,-374.859782233911
17269,-1651.8215036701502,0,0,-1410,7.010270653727679,237.99999999998798,-115.433294115718,-371.39848020814696
17270,-1501.95441486297,0,0,-1413,89.23523676041108,412.22809220139,-222.999999999998,-367.417743824771
17271,-1609.2811241418601,0,0,-1416,9.01164077091187,476.0,-315.36962440920104,-362.92314050356697
17272,-1766.66977137238,0,0,-1419,-15.7295771322214,412.22809220139396,-386.247330087859,-357.92095635369697
17273,-1964.21627531379,0,0,-1422,3.0048305931484105,237.999999999995,-430.802918524925,-352.418187382006
17274,-2216.53115208903,0,0,-1425,0.891377619437024,1.3060620379058901e-11,-446.0,-346.42252970848097
17275,-2467.43588534737,0,0,-1428,-30.690598019923396,-237.999999999996,-430.802918524925,-339.942368802522
17276,-2534.06357945197,0,0,-1431,28.3986105923952,-412.228092201388,-386.247330087862,-332.986767755117
17277,-2541.5953071027698,0,0,-1434,9.33977190971034,-476.0,-315.36962440920104,-325.565454603275
17278,-2380.58532080208,0,0,-1437,9.3315801238213,-412.22809220139703,-223.000000000003,-317.6888087245
17279,-2093.43956068457,0,0,-1440,9.361579751434821,-237.999999999999,-115.433294115724,-309.367846320284
17280,-1737.1713460189999,0,0,-1443,6.442858989987499,-1.8192188700025398e-11,-8.52281109265897e-12,-300.61420500895804
17281,-1409.5338316863902,0,0,-1446,-25.5269982526786,237.999999999991,115.43329411571999,-291.440127549427
17282,-1078.55809397613,0,0,-1449,17.0722585410483,412.228092201392,222.999999999999,-281.858444718569
17283,-933.119533077502,0,0,-1452,-0.60660012047173,476.0,315.369624409198,-271.882557366228
17284,-979.754661523947,0,0,-1455,-61.7036661402812,412.228092201392,386.24733008786,-261.526417672918
17285,-1058.60963212081,0,0,-1458,-18.6080410092968,238.000000000004,430.802918524924,-250.80450963643798
17286,-1281.0345201499401,0,0,-1461,-26.302691335251602,-3.73371035675266e-12,446.0,-239.731828814683
17287,-1420.44780907428,0,0,-1464,79.07313375379391,-237.99999999998698,430.802918524926,-228.323861353012
17288,-1676.75717507267,0,0,-1467,32.8201493663216,-412.228092201389,386.24733008786103,-216.596562325463
17289,-1850.61008518917,0,0,-1470,-15.4133761782223,-476.0,315.369624409204,-204.566333420148
17290,-1859.49212034822,0,0,-1473,-5.01402814683033,-412.22809220139504,223.000000000002,-192.25
17291,-1764.09905962934,0,0,-1476,14.1324338259259,-237.999999999997,115.433294115722,-179.66478757099202
17292,-1607.98624639883,0,0,-1479,37.8420512918761,-1.4926591653086197e-11,6.9929200391559195e-12,-166.82829769070102
17293,-1511.2395311020998,0,0,-1482,1.95224636456811,237.999999999994,-115.433294115721,-153.75848335094102
17294,-1418.8320144985698,0,0,-1485,17.4135171689176,412.22809220139396,-223.000000000001,-140.473623868879
17295,-1437.40610416943,0,0,-1488,16.955819561531,476.0,-315.36962440920297,-126.992299321762
17296,-1578.0303893744501,0,0,-1491,0.322213073001717,412.22809220139703,-386.247330087857,-113.333364560993
17297,-1852.40222111708,0,0,-1494,-66.08337975024101,238.000000000001,-430.802918524924,-99.5159228419187
17298,-2153.11193060079,0,0,-1497,-124.552631494603,2.00581599740527e-11,-446.0,-85.5592991062038
17299,-2256.73760926772,0,0,-1500,-16.4516777886633,-237.99999999999,-430.802918524926,-71.4830129541404
17300,-2351.96791673889,0,0,-1503,6.81425689509863,-412.228092201391,-386.24733008786103,-57.3067513447402
17301,-2327.7432322665,0,0,-1506,12.676733204419902,-476.0,-315.369624409199,-43.050341061721795
17302,-2179.27994164522,0,0,-1509,-6.31812845985658,-412.228092201386,-222.999999999995,-28.7337209839802
17303,-1924.44896571626,0,0,-1512,-44.6387574012805,-238.000000000005,-115.43329411572701,-14.3769141992474
17304,-1491.8281118259101,0,0,-1515,23.1718881740899,1.86773908272538e-12,8.75012217327225e-13,-2.82526016563294e-13
17305,-1171.39002051769,0,0,-1518,-21.200228832642104,237.99999999998502,115.43329411571699,14.3769141992468
17306,-847.614159926555,0,0,-1521,9.42402688808026,412.228092201388,222.999999999996,28.7337209839796
17307,-704.294976313304,0,0,-1524,-14.714941784225099,476.0,315.36962440919996,43.0503410617212
17308,-701.0308614237911,0,0,-1527,-29.8130350577798,412.228092201389,386.24733008786103,57.306751344738295
17309,-811.162358308418,0,0,-1530,-21.4482897874909,238.00000000001,430.80291852492303,71.4830129541398
17310,-976.78776897899,0,0,-1533,24.6529319148032,3.26382923824115e-12,446.0,85.5592991062033
17311,-1202.6574334519,0,0,-1536,41.023725181234205,-237.99999999998101,430.802918524927,99.5159228419182
17312,-1431.3040539985097,0,0,-1539,20.343343554016602,-412.228092201386,386.247330087863,113.333364560993
17313,-1537.36939604594,0,0,-1542,38.268680223097,-476.0,315.369624409202,126.992299321762
17314,-1545.4230064310998,0,0,-1545,48.3314619014151,-412.228092201392,222.999999999999,140.473623868879
17315,-1494.4711090370001,0,0,-1548,22.3371134963265,-237.999999999991,115.43329411571999,153.75848335094
17316,-1373.41481027753,0,0,-1551,10.7568920317752,-8.395397559207679e-12,3.9331379321498196e-12,166.82829769070102
17317,-1215.8554120647,0,0,-1554,35.9130944800325,238.0,-115.433294115724,179.66478757099202
17318,-1192.44348025611,0,0,-1557,-16.9215724574976,412.228092201383,-222.99999999999199,192.25
17319,-1210.91847823253,0,0,-1560,-16.1151872434791,476.0,-315.369624409197,204.56633342014598
17320,-1365.00606631407,0,0,-1563,-44.583390753063405,412.22809220139396,-386.247330087859,216.596562325462
17321,-1492.91196080965,0,0,-1566,37.567096362271705,237.999999999995,-430.802918524925,228.323861353011
17322,-1768.5783406792898,0,0,-1569,6.689830506017961,1.3526965880174199e-11,-446.0,239.73182881468202
17323,-1990.9256620902102,0,0,-1572,-0.927253201730458,-237.999999999995,-430.802918524925,250.80450963643798
17324,-2043.82667288762,0,0,-1575,68.1223317287179,-412.22809220139396,-386.247330087859,261.526417672919
17325,-2088.2292157610395,0,0,-1578,9.25785128194198,-476.0,-315.369624409206,271.882557366228
17326,-1916.00267036974,0,0,-1581,18.366977113095,-412.22809220139703,-223.000000000003,281.858444718568
17327,-1642.75552495275,0,0,-1584,3.23764161354394,-238.0,-115.433294115724,291.440127549427
17328,-1213.10494200532,0,0,-1587,73.28085298571091,8.39893317660387e-12,3.93479432433333e-12,300.61420500895696
17329,-909.093764427701,0,0,-1590,18.1050951363044,237.999999999991,115.43329411571999,309.367846320284
17330,-655.3046325491661,0,0,-1593,-15.221533475056601,412.228092201392,222.999999999999,317.6888087245
17331,-449.535059494366,0,0,-1596,29.5298614931659,476.0,315.369624409193,325.565454603275
17332,-470.729878145331,0,0,-1599,-3.19206818970333,412.228092201399,386.247330087857,332.986767755116
17333,-599.2822640762699,0,0,-1602,-6.02755140372013,238.000000000004,430.802918524924,339.942368802522
17334,-768.903911952182,0,0,-1605,43.67355833934171,-3.26736485563735e-12,446.0,346.42252970848
17335,-1044.00658135364,0,0,-1608,18.772312739437197,-238.00000000001,430.80291852492303,352.418187382006
17336,-1242.29295828349,0,0,-1611,36.766847476337105,-412.228092201389,386.24733008786103,357.92095635369697
17337,-1412.69248700745,0,0,-1614,-0.985251920221736,-476.0,315.36962440919996,362.92314050356697
17338,-1473.09003349978,0,0,-1617,-34.279685123160895,-412.228092201402,223.00000000000702,367.417743824771
17339,-1401.17458637319,0,0,-1620,-30.0063606970595,-238.000000000009,115.43329411572901,371.39848020814696
17340,-1238.4529004697802,0,0,-1623,9.68731729631027,-1.8642034653291803e-12,8.733558251437142e-13,374.859782233911
17341,-1174.67222254752,0,0,-1626,-49.0357373900004,238.000000000005,-115.43329411572701,377.796808958199
17342,-1103.55346264321,0,0,-1629,-43.987007528163204,412.228092201386,-222.999999999995,380.205452683562
17343,-1004.18334658709,0,0,-1632,85.103933118153,476.0,-315.369624409199,382.082344703952
17344,-1265.5683041330499,0,0,-1635,-39.973926262739205,412.228092201391,-386.24733008786103,383.424860016164
17345,-1491.16911071618,0,0,-1638,-44.59731318240561,238.00000000001302,-430.80291852492303,384.231120991139
17346,-1678.87925004414,0,0,-1641,23.6207499558575,6.99577178629571e-12,-446.0,384.5
17347,-1906.7866592914397,0,0,-1644,21.785138242344104,-238.000000000001,-430.802918524924,384.231120991139
17348,-2118.95558380792,0,0,-1647,-56.905021534826496,-412.22809220139703,-386.247330087857,383.424860016164
17349,-2006.2268199628102,0,0,-1650,53.06045974243651,-476.0,-315.36962440920297,382.082344703952
17350,-1942.2921500274201,0,0,-1653,-34.2695105095899,-412.22809220139396,-223.000000000001,380.205452683562
17351,-1676.12310059824,0,0,-1656,-44.4866154406874,-238.00000000001802,-115.43329411573299,377.796808958199
17352,-1330.52952451134,0,0,-1659,-46.3893067452301,-1.2127340107262199e-11,-5.68150597462076e-12,374.859782233911
17353,-895.934947625077,0,0,-1662,41.23327805105679,237.999999999997,115.433294115722,371.39848020814696
17354,-663.278033839651,0,0,-1665,-0.923869865818443,412.22809220139504,223.000000000002,367.417743824771
17355,-558.370411003628,0,0,-1668,-44.663175916399204,476.0,315.369624409204,362.92314050356697
17356,-508.900651496009,0,0,-1671,5.702969861039819,412.228092201396,386.24733008785796,357.92095635369697
17357,-663.6261725146401,0,0,-1674,-10.8472784215692,237.999999999999,430.802918524925,352.418187382006
17358,-869.986777870035,0,0,-1677,14.590692421466901,1.7258908428228802e-11,446.0,346.42252970848097
17359,-1096.23906631806,0,0,-1680,51.0156463544862,-237.99999999999199,430.802918524926,339.942368802522
17360,-1326.90188358723,0,0,-1683,49.0921107711872,-412.228092201392,386.24733008786,332.986767755117
17361,-1484.0290533603,0,0,-1686,37.0358676272219,-476.0,315.369624409198,325.565454603275
17362,-1582.90553747585,0,0,-1689,-22.366253998954,-412.228092201399,223.000000000005,317.6888087245
17363,-1485.48678589953,0,0,-1692,19.7120736644615,-238.000000000003,115.433294115726,309.367846320284
17364,-1358.2543701340599,0,0,-1695,36.1314248569966,-2.23904767491953e-11,1.04896561240978e-11,300.61420500895804
17365,-1275.92742446511,0,0,-1698,8.06574210119366,237.99999999998798,-115.433294115718,291.440127549427
17366,-1243.84657020916,0,0,-1701,-13.9331071291244,412.22809220139,-222.999999999998,281.858444718568
17367,-1247.3921533451,0,0,-1704,24.0949136978751,476.0,-315.36962440920104,271.882557366228
17368,-1366.54796271289,0,0,-1707,52.944857500666295,412.228092201388,-386.247330087862,261.526417672918
17369,-1634.15359938263,0,0,-1710,17.844809505845603,238.00000000000801,-430.80291852492303,250.80450963643798
17370,-1950.8720227623103,0,0,-1713,-31.603851576991,4.645776924172159e-13,-446.0,239.731828814683
17371,-2175.5586650587397,0,0,-1716,-19.079607886838602,-237.99999999998298,-430.802918524927,228.323861353012
17372,-2295.61352794154,0,0,-1719,5.26533202224667,-412.228092201387,-386.247330087862,216.596562325463
17373,-2320.5953956870603,0,0,-1722,-11.7921046980092,-476.0,-315.36962440920104,204.566333420148
17374,-2231.35254806044,0,0,-1725,-63.3744558590486,-412.22809220139,-222.999999999998,192.25
17375,-1912.7998759739498,0,0,-1728,-11.0313694291968,-238.00000000001202,-115.43329411572999,179.664787570993
17376,-1571.3654554676502,0,0,-1731,-7.193753158340731,-5.5961460133837406e-12,-2.62172386761465e-12,166.82829769070102
17377,-1180.30978161403,0,0,-1734,46.498440919302595,238.000000000002,115.433294115725,153.75848335094102
17378,-904.1157919983231,0,0,-1737,57.1824919314196,412.228092201385,222.99999999999298,140.473623868879
17379,-822.74044292668,0,0,-1740,-1.10236665763902,476.0,315.369624409198,126.992299321761
17380,-795.6934978197161,0,0,-1743,35.4977153300378,412.228092201393,386.24733008786,113.333364560993
17381,-929.178178910715,0,0,-1746,48.5029797224478,237.99999999999298,430.802918524925,99.5159228419188
17382,-1220.5210394299002,0,0,-1749,-3.08033853611904,1.07277143343503e-11,446.0,85.55929910620391
17383,-1474.84236850358,0,0,-1752,12.871700017349601,-237.999999999998,430.802918524925,71.4830129541404
17384,-1696.3848892423098,0,0,-1755,27.2891215264653,-412.22809220138197,386.247330087865,57.3067513447403
17385,-1838.5425890625602,0,0,-1758,37.0374454665118,-476.0,315.369624409205,43.050341061721895
17386,-1959.0249686951001,0,0,-1761,-37.5305974776878,-412.22809220139504,223.000000000002,28.7337209839816
17387,-1923.28498535607,0,0,-1764,-51.09519367104421,-237.999999999997,115.433294115723,14.3769141992474
17388,-1771.4964645842801,0,0,-1767,-4.4964645842899005,1.1198184722427802e-11,-5.24620838886849e-12,3.2961368599051004e-13
17389,-1727.6007103828,0,0,-1770,-65.7905020678284,237.99999999999298,-115.433294115721,-14.3769141992468
17390,-1616.4801663615801,0,0,-1773,-3.9745375789955495,412.228092201393,-223.0,-28.7337209839796
17391,-1620.50438886627,0,0,-1776,37.9155766046452,476.0,-315.369624409194,-43.0503410617212
17392,-1784.99540761918,0,0,-1779,25.330581612023202,412.228092201398,-386.247330087857,-57.3067513447397
17393,-2040.0798651951502,0,0,-1782,6.206066283915139,238.000000000002,-430.802918524924,-71.4830129541398
17394,-2255.8119202352104,0,0,-1785,60.7473788709974,-6.0666164014612806e-12,-446.0,-85.5592991062032
17395,-2542.2792057647302,0,0,-1788,14.0396356021038,-237.999999999989,-430.802918524926,-99.5159228419182
17396,-2692.5256989539103,0,0,-1791,10.2830878963356,-412.22809220139,-386.24733008786103,-113.333364560993
17397,-2754.0039857753495,0,0,-1794,-41.6420620443855,-476.0,-315.369624409208,-126.99229932176
17398,-2534.4391624456,0,0,-1797,38.2625536246856,-412.228092201401,-223.000000000006,-140.473623868879
17399,-2276.1395511363003,0,0,-1800,31.052226330372896,-238.000000000006,-115.433294115728,-153.75848335094
17400,-2007.49269267874,0,0,-1803,-37.6643949880376,9.350480804947528e-13,4.3805823939144894e-13,-166.82829769070102
17401,-1596.40265780442,0,0,-1806,35.8288356508398,238.00000000000801,115.433294115728,-179.66478757099202
17402,-1374.66188405618,0,0,-1809,-8.63997625756452,412.228092201388,222.999999999996,-192.25
17403,-1247.44611903448,0,0,-1812,-22.249410023530803,476.0,315.36962440919996,-204.56633342014598
17404,-1194.87483211925,0,0,-1815,38.2463079169493,412.22809220140294,386.247330087855,-216.596562325462
17405,-1359.28286067517,0,0,-1818,18.2380821529038,238.000000000011,430.80291852492303,-228.323861353012
17406,-1610.1428729551,0,0,-1821,4.58895585957734,4.19652024047178e-12,446.0,-239.73182881468202
17407,-1873.3630489700101,0,0,-1824,8.63854214150786,-238.000000000003,430.802918524924,-250.80450963643798
17408,-2095.9368070412697,0,0,-1827,18.5703727451695,-412.228092201385,386.247330087863,-261.526417672918
17409,-2284.26652198565,0,0,-1830,-21.753589028622102,-476.0,315.369624409202,-271.882557366228
17410,-2258.91789082571,0,0,-1833,45.16864609424971,-412.228092201392,222.999999999999,-281.858444718568
17411,-2200.09793077307,0,0,-1836,49.9089026606431,-238.00000000001498,115.433294115732,-291.440127549427
17412,-2174.8351040162397,0,0,-1839,-35.2208990072761,-9.32808856143831e-12,4.37009191008559e-12,-300.61420500895696
17413,-2028.1910553065302,0,0,-1842,0.6100851294791539,237.999999999999,-115.433294115724,-309.367846320284
17414,-1920.79981844292,0,0,-1845,52.6608980801886,412.228092201396,-223.000000000003,-317.6888087245
17415,-2024.00172344536,0,0,-1848,-11.066644432890598,476.0,-315.36962440919604,-325.565454603275
17416,-2098.26253433107,0,0,-1851,59.7434713105149,412.22809220139504,-386.247330087859,-332.986767755116
17417,-2445.87393498955,0,0,-1854,-59.1286476621303,238.00000000002004,-430.802918524922,-339.942368802522
17418,-2643.1459299368103,0,0,-1857,6.27659977165622,1.44596568824048e-11,-446.0,-346.42252970848
17419,-2868.5126325192305,0,0,-1860,12.708473387692198,-237.999999999995,-430.802918524925,-352.418187382006
17420,-2980.06319963349,0,0,-1863,39.333179009464295,-412.22809220139396,-386.247330087859,-357.92095635369697
17421,-2994.82002323685,0,0,-1866,25.4727416759157,-476.0,-315.369624409197,-362.92314050356697
17422,-2852.70687362396,0,0,-1869,18.9389624022153,-412.22809220139703,-223.000000000004,-367.417743824771
17423,-2599.53385090265,0,0,-1872,-2.7020765787762797,-238.000000000001,-115.433294115725,-371.39848020814696
17424,-2356.91332497983,0,0,-1875,-107.05354274588899,-1.9591225203371398e-11,-9.17824205956264e-12,-374.859782233911
17425,-1950.03796403273,0,0,-1878,-47.6744491902448,237.99999999999,115.433294115719,-377.796808958199
17426,-1610.53845688659,0,0,-1881,15.4389035955845,412.228092201391,222.999999999999,-380.205452683562
17427,-1425.6925650733301,0,0,-1884,49.0201552214213,476.0,315.369624409202,-382.082344703952
17428,-1504.1021833460998,0,0,-1887,-32.1527456191951,412.2280922014,386.24733008785597,-383.424860016164
17429,-1640.7274848899401,0,0,-1890,-35.2992824237294,238.000000000005,430.802918524924,-384.231120991139
17430,-1885.9239735874398,0,0,-1893,-54.423973587441594,-2.33467385340672e-12,446.0,-384.5
17431,-2158.74566816562,0,0,-1896,-71.31746569941829,-237.999999999986,430.802918524926,-384.231120991139
17432,-2297.6978563232997,0,0,-1899,10.7077658063949,-412.228092201389,386.247330087862,-383.424860016164
17433,-2481.28422819924,0,0,-1902,-36.5715079044856,-476.0,315.36962440919996,-382.082344703952
17434,-2506.55200874524,0,0,-1905,-32.1184638602812,-412.228092201389,222.999999999997,-380.205452683562
17435,-2417.65942393654,0,0,-1908,-9.295909094055778,-238.00000000001,115.43329411572901,-377.796808958199
17436,-2273.31284378097,0,0,-1911,12.546938452946101,-2.79689446755981e-12,1.31030980307949e-12,-374.859782233911
17437,-2134.5078249469398,0,0,-1914,28.3239493769369,237.99999999998101,-115.43329411571399,-371.39848020814696
17438,-2087.54075208438,0,0,-1917,7.64889953899526,412.228092201386,-222.999999999995,-367.417743824771
17439,-2145.10006665468,0,0,-1920,-22.8073017419123,476.0,-315.369624409198,-362.92314050356794
17440,-2259.9854829406895,0,0,-1923,-5.045288700527389,412.228092201391,-386.24733008786,-357.92095635369697
17441,-2446.7179538975,0,0,-1926,24.503152009437,237.999999999991,-430.802918524926,-352.418187382006
17442,-2684.17892189541,0,0,-1929,37.2436078130652,7.92846278852634e-12,-446.0,-346.42252970848097
17443,-2987.03931732602,0,0,-1932,-46.294029998570004,-238.0,-430.802918524924,-339.942368802522
17444,-3045.4928409406502,0,0,-1935,20.9693491037098,-412.228092201383,-386.247330087864,-332.986767755117
17445,-3093.32172199304,0,0,-1938,-38.3866429805596,-476.0,-315.369624409204,-325.565454603275
17446,-2861.6330633978496,0,0,-1941,32.283837528043605,-412.22809220139396,-223.000000000001,-317.6888087245
17447,-2587.56578205702,0,0,-1944,19.2353583789785,-237.999999999995,-115.433294115722,-309.367846320284
17448,-2316.51896279833,0,0,-1947,-68.904757789349,-1.3060031109492899e-11,-6.11845995255653e-12,-300.61420500895804
17449,-1923.9312337274102,0,0,-1950,-35.924400293700295,237.999999999996,115.433294115722,-291.440127549427
17450,-1563.5271971320099,0,0,-1953,36.1031553851859,412.228092201381,222.99999999999,-281.858444718569
17451,-1346.22130282196,0,0,-1956,90.29163013507141,476.0,315.369624409195,-271.882557366228
17452,-1424.9234302795599,0,0,-1959,-2.87243489589611,412.22809220139703,386.24733008785796,-261.526417672919
17453,-1581.02954996529,0,0,-1962,-37.027958853778,237.999999999999,430.802918524925,-250.804509636437
17454,-1754.33073877785,0,0,-1965,4.40109003684354,-8.86586794728522e-12,446.0,-239.731828814683
17455,-1971.6355955838396,0,0,-1968,31.885347244235703,-237.999999999991,430.802918524926,-228.323861353012
17456,-2255.70869493908,0,0,-1971,-42.1313705001063,-412.22809220137805,386.247330087866,-216.596562325464
17457,-2330.1851397384303,0,0,-1974,9.01156927252033,-476.0,315.369624409198,-204.56633342014703
17458,-2381.3351442745397,0,0,-1977,-22.8570520731482,-412.228092201399,223.000000000005,-192.25
17459,-2253.22747064536,0,0,-1980,29.0040228099052,-238.000000000004,115.433294115726,-179.664787570993
17460,-2138.0033756498397,0,0,-1983,11.824922040875302,-2.3323167751425896e-11,1.0926610102033599e-11,-166.82829769070298
17461,-2028.7978376169897,0,0,-1986,-11.606060150327101,238.00000000001,-115.43329411572999,-153.75848335094102
17462,-1897.3158677182998,0,0,-1989,42.9296639491844,412.228092201389,-222.999999999997,-140.473623868879
17463,-1998.6303726101999,0,0,-1992,-40.2684488792426,476.0,-315.369624409192,-126.992299321762
17464,-2114.74716573244,0,0,-1995,-32.394563284972804,412.228092201388,-386.247330087862,-113.333364560992
17465,-2199.00377318543,0,0,-1998,91.3150681814081,238.00000000000801,-430.80291852492303,-99.5159228419188
17466,-2519.22237215665,0,0,-2001,13.3369269495526,1.3972686946478401e-12,-446.0,-85.55929910620391
17467,-2756.6452175929803,0,0,-2004,-12.3592861139293,-237.99999999998198,-430.802918524927,-71.4830129541418
17468,-2806.49982953644,0,0,-2007,56.282344097555196,-412.2280922014,-386.24733008785597,-57.306751344739
17469,-2906.1880444545,0,0,-2010,-61.7680789835745,-476.0,-315.36962440920104,-43.050341061721895
17470,-2727.02265567034,0,0,-2013,-50.060842484944104,-412.228092201404,-223.000000000009,-28.7337209839803
17471,-2363.9021648965,0,0,-2016,19.9080434184923,-238.00000000001302,-115.43329411573099,-14.3769141992488
17472,-2057.71962162743,0,0,-2019,-38.719621627424004,-6.528837015614371e-12,-3.0586778455504303e-12,-3.76701355417726e-13
17473,-1646.7009284595802,0,0,-2022,7.48886322545167,238.000000000001,115.433294115725,14.3769141992467
17474,-1308.779097756,0,0,-2025,52.259089058648,412.22809220138396,222.99999999999298,28.733720983979502
17475,-1167.8705526671001,0,0,-2028,25.709481861970897,476.0,315.369624409206,43.0503410617225
17476,-1162.07523643091,0,0,-2031,13.1425899350981,412.228092201393,386.247330087859,57.3067513447396
17477,-1334.36670125843,0,0,-2034,-40.6526327375136,238.00000000001702,430.802918524922,71.4830129541397
17478,-1510.0294297981,0,0,-2037,-4.58872890431658,1.16604053365809e-11,446.0,85.5592991062019
17479,-1754.2985551746099,0,0,-2040,-6.61739654145455,-237.999999999997,430.802918524925,99.5159228419194
17480,-1877.60587959401,0,0,-2043,78.0415179585341,-412.22809220139504,386.247330087859,113.333364560993
17481,-2090.2073619896,0,0,-2046,-10.569285720567802,-476.0,315.369624409205,126.99229932176
17482,-932.6678592181619,1,0,-2049,-31.996243138403003,-412.22809220140897,223.00000000001302,140.47362386887698
17483,-2005.6002340126397,0,0,-2052,15.2079885206937,-237.999999999998,115.433294115723,153.75848335094
17484,-1897.1943453223498,0,0,-2055,-9.02264301303772,-1.67919736575474e-11,7.866827995027469e-12,166.82829769070102
17485,-1664.0607468107198,0,0,-2058,91.70775973402029,237.99999999999298,-115.43329411571999,179.66478757099202
17486,-1669.81082067549,0,0,-2061,9.71108712311209,412.228092201393,-223.0,192.250000000001
17487,-1690.09403702728,0,0,-2064,8.70925396177474,476.0,-315.36962440920297,204.56633342014598
17488,-1781.73895934995,0,0,-2067,42.6837162110465,412.228092201398,-386.247330087857,216.596562325462
17489,-1972.7634613925197,0,0,-2070,61.71559577936029,238.000000000026,-430.80291852492104,228.323861353011
17490,-2230.94112028982,0,0,-2073,48.327050895502005,-5.13392539923066e-12,-446.0,239.731828814683
17491,-2535.95900928901,0,0,-2076,-41.9606004005311,-237.99999999998798,-430.802918524926,250.80450963643798
17492,-2609.61781518467,0,0,-2079,6.3311894316615405,-412.22809220139,-386.24733008786103,261.526417672918
17493,-2555.6632519530103,0,0,-2082,45.82381508997501,-476.0,-315.369624409208,271.882557366227
17494,-2438.98672733557,0,0,-2085,-0.617079852753238,-412.228092201387,-222.999999999996,281.858444718568
17495,-2114.9936209912303,0,0,-2088,34.9995455750826,-238.00000000000702,-115.433294115728,291.440127549427
17496,-1781.3159581880102,0,0,-2091,9.06983680307708,-2.7055110299480504e-11,-1.2674978144504499e-11,300.61420500895696
17497,-1434.6267634803799,0,0,-2094,-3.4279039164018195,238.00000000000702,115.433294115728,309.36784632028497
17498,-1222.4460644622197,0,0,-2097,-78.3629653880987,412.228092201387,222.999999999996,317.6888087245
17499,-988.517564000953,0,0,-2100,-5.45264301342744,476.0,315.369624409199,325.565454603275
17500,-945.2390793098821,0,0,-2103,26.2987306457439,412.228092201404,386.247330087855,332.986767755116
17501,-1076.6106884486999,0,0,-2106,20.644024223863898,237.99999999998798,430.802918524926,339.942368802523
17502,-1399.4274417429199,0,0,-2109,-82.84997145141,5.129211242702401e-12,446.0,346.42252970848
17503,-1620.01946129712,0,0,-2112,-53.240567204071596,-237.99999999997897,430.802918524927,352.418187382005
17504,-1755.71590776841,0,0,-2115,27.3438979914204,-412.228092201385,386.247330087863,357.920956353696
17505,-1948.5968391172198,0,0,-2118,-32.8896040299916,-476.0,315.36962440920297,362.92314050356697
17506,-2020.8241893512802,0,0,-2121,-78.0138409746553,-412.228092201393,223.0,367.417743824771
17507,-1855.72304812352,0,0,-2124,19.445177552612602,-238.00000000001597,115.43329411573299,371.398480208146
17508,-1739.96816972069,0,0,-2127,12.172048045391,1.67966878140757e-11,-7.869036517938821e-12,374.859782233911
17509,-1644.18958846751,0,0,-2130,-14.5531033099854,237.999999999998,-115.433294115723,377.796808958199
17510,-1603.40018539879,0,0,-2133,-39.833730283745,412.22809220138197,-222.999999999991,380.205452683562
17511,-1570.3598901924697,0,0,-2136,22.9273895127746,476.0,-315.36962440919604,382.082344703952
17512,-1761.5021238857998,0,0,-2139,-31.907746015504497,412.22809220139504,-386.247330087859,383.424860016164
17513,-1991.18030766012,0,0,-2142,-40.608510126327,237.999999999997,-430.802918524925,384.231120991139
17514,-2202.89053571488,0,0,-2145,3.6094642851001297,1.5392347884635498e-11,-446.0,384.5
17515,-2391.31350744561,0,0,-2148,41.2582900881948,-238.00000000001702,-430.802918524922,384.231120991139
17516,-2545.94941522116,0,0,-2151,20.1011470519262,-412.228092201393,-386.247330087859,383.424860016164
17517,-2586.74163876904,0,0,-2154,-23.4543590637807,-476.0,-315.369624409206,382.082344703952
17518,-2428.8660145849303,0,0,-2157,-16.8433750670861,-412.228092201398,-223.000000000004,380.205452683562
17519,-2149.16582642632,0,0,-2160,-13.5293412687945,-238.000000000001,-115.433294115725,377.796808958199
17520,-1819.6560535251397,0,0,-2163,-31.5158357590593,6.53355117214263e-12,3.0608863684617797e-12,374.859782233911
17521,-1504.8786417998401,0,0,-2166,-63.710416123694706,237.999999999989,115.433294115719,371.39848020814696
17522,-1158.70051704874,0,0,-2169,7.6536469251201495,412.228092201377,222.99999999998698,367.417743824771
17523,-1073.90683534216,0,0,-2172,-56.1996002549298,476.0,315.36962440920104,362.92314050356697
17524,-1011.42829339914,0,0,-2175,7.175327957902679,412.2280922014,386.24733008785597,357.92095635369697
17525,-1127.5337901882301,0,0,-2178,29.245103904837304,238.000000000006,430.802918524924,352.418187382006
17526,-1379.67283074078,0,0,-2181,8.90463955074481,-1.4019828511761e-12,446.0,346.42252970848
17527,-1619.52686082101,0,0,-2184,31.727851851550604,-238.00000000000801,430.80291852492303,339.942368802522
17528,-1839.94814793142,0,0,-2187,40.045846426991794,-412.228092201388,386.247330087862,332.986767755117
17529,-2045.66081376493,0,0,-2190,-20.5958927774193,-476.0,315.36962440921,325.565454603276
17530,-2055.5242189989003,0,0,-2193,9.01506447799628,-412.228092201389,222.999999999997,317.6888087245
17531,-2065.9054788552,0,0,-2196,-56.706619291199,-238.00000000001,115.43329411572999,309.367846320284
17532,-1864.59805120369,0,0,-2199,33.7877437873574,-3.7295854697904305e-12,1.74726378101527e-12,300.61420500895804
17533,-1766.8989297744602,0,0,-2202,21.094236791844,237.99999999997996,-115.43329411571399,291.440127549428
17534,-1724.62848372774,0,0,-2205,9.284979352293641,412.228092201399,-223.000000000005,281.858444718568
17535,-1748.5675950685998,0,0,-2208,26.9194719743716,476.0,-315.369624409198,271.882557366228
17536,-1947.44182480593,0,0,-2211,-23.9490045924049,412.22809220140505,-386.247330087854,261.526417672919
17537,-2145.46856979811,0,0,-2214,10.529839090389698,237.999999999991,-430.802918524926,250.804509636437
17538,-2496.4875688706898,0,0,-2217,-73.21939768538292,8.86115379075696e-12,-446.0,239.731828814683
17539,-2657.00208288114,0,0,-2220,3.47697429076852,-237.999999999999,-430.802918524925,228.323861353012
17540,-2795.05652181813,0,0,-2223,9.82233814565749,-412.228092201383,-386.247330087864,216.596562325464
17541,-2804.9011995237,0,0,-2226,7.90209146534325,-476.0,-315.369624409195,204.56633342014703
17542,-2650.8275623974105,0,0,-2229,21.1505298039861,-412.22809220139396,-223.000000000001,192.25
17543,-2395.0982993675602,0,0,-2232,10.670207177199801,-238.00000000001899,-115.433294115734,179.664787570993
17544,-2078.74505844928,0,0,-2235,-10.5733561399626,-1.39927221117235e-11,-6.55541393049231e-12,166.82829769070298
17545,-1698.81576331596,0,0,-2238,31.9924592173839,237.999999999995,115.433294115722,153.75848335094
17546,-1445.27553879022,0,0,-2241,20.022745139506398,412.22809220139396,223.000000000001,140.473623868879
17547,-1280.65496684392,0,0,-2244,44.983109425122606,476.0,315.369624409195,126.992299321762
17548,-1334.09336936715,0,0,-2247,1.09784378260609,412.228092201383,386.247330087864,113.333364560992
17549,-1478.2773877093398,0,0,-2250,3.40377092381951,238.0,430.802918524924,99.51592284191891
17550,-1720.74416448026,0,0,-2253,0.696536413515814,1.912429043269e-11,446.0,85.55929910620401
17551,-1931.0832772034803,0,0,-2256,60.6307913174425,-237.999999999991,430.802918524926,71.4830129541419
17552,-2245.1071252114602,0,0,-2259,-17.4331144426654,-412.228092201391,386.24733008786,57.306751344739
17553,-2395.8665808949104,0,0,-2262,-16.2865463658267,-476.0,315.369624409198,43.050341061722
17554,-2477.3166439931697,0,0,-2265,-51.82227277575271,-412.2280922014,223.000000000005,28.7337209839803
17555,-2409.4087832697896,0,0,-2268,-33.2189915847496,-238.000000000028,115.433294115739,14.376914199248901
17556,-2279.81508729012,0,0,-2271,-8.81508729012242,2.8016086240880696e-12,-1.3125183259908402e-12,4.23789024844942e-13
17557,-2102.70610131517,0,0,-2274,63.10410699980821,237.999999999986,-115.43329411571699,-14.3769141992467
17558,-2096.86262553816,0,0,-2277,19.6430032444292,412.228092201389,-222.999999999997,-28.733720983979502
17559,-2108.94223798126,0,0,-2280,53.4777274896653,476.0,-315.36962440919996,-43.0503410617225
17560,-2282.54011382913,0,0,-2283,31.7858754020822,412.228092201389,-386.247330087862,-57.3067513447396
17561,-2550.23529149095,0,0,-2286,0.0506399881021775,238.000000000009,-430.80291852492303,-71.4830129541397
17562,-2804.6274002914197,0,0,-2289,15.931898814748301,2.93874270746231e-11,-446.0,-85.5592991062018
17563,-3055.01662983767,0,0,-2292,5.30221152918236,-238.000000000005,-430.802918524924,-99.5159228419194
17564,-3206.81659465326,0,0,-2295,-0.0078078030224704095,-412.228092201386,-386.247330087863,-113.333364560993
17565,-3259.05295982287,0,0,-2298,-42.6910360919124,-476.0,-315.369624409202,-126.99229932176
17566,-3062.51840789297,0,0,-2301,14.183308177322399,-412.22809220140505,-223.00000000001,-140.47362386887698
17567,-2832.0383574970397,0,0,-2304,-20.8465800303913,-237.99999999999,-115.433294115719,-153.75848335094
17568,-2476.19153166435,0,0,-2307,-2.3632339736374903,-7.46152801784499e-12,-3.4956318234862005e-12,-166.82829769070102
17569,-2139.39179633782,0,0,-2310,-3.16030288252018,237.999999999977,115.43329411571199,-179.66478757099202
17570,-1857.79766839925,0,0,-2313,12.224239399345901,412.22809220139703,223.000000000004,-192.250000000001
17571,-1714.5216849253,0,0,-2316,14.675024085653,476.0,315.369624409197,-204.56633342014703
17572,-1743.1602108254801,0,0,-2319,-6.03907078927336,412.22809220139396,386.247330087859,-216.596562325462
17573,-1916.0825511108399,0,0,-2322,-34.5616082827682,238.00000000001802,430.802918524922,-228.323861353011
17574,-2150.31667577333,0,0,-2325,-31.5848469586306,-1.4464371038933098e-11,446.0,-239.731828814683
17575,-2379.34315601161,0,0,-2328,6.6584350998944295,-237.999999999996,430.802918524925,-250.80450963643798
17576,-2623.19087619221,0,0,-2331,-4.68369640577324,-412.228092201381,386.247330087865,-261.526417672917
17577,-2779.5611041411603,0,0,-2334,-13.048171184139099,-476.0,315.369624409205,-271.882557366226
17578,-2806.36579655093,0,0,-2337,1.72074036902699,-412.228092201396,223.000000000003,-281.858444718568
17579,-2790.1706047742796,0,0,-2340,-36.163771340576,-237.999999999999,115.433294115724,-291.440127549426
17580,-2600.26337786256,0,0,-2343,43.3508271464021,-1.7724664659778103e-11,8.30378197296325e-12,-300.61420500895696
17581,-2485.3447790517603,0,0,-2346,47.456361384245795,238.00000000001498,-115.433294115732,-309.367846320284
17582,-2453.8208563458497,0,0,-2349,23.639860177252,412.228092201392,-222.999999999999,-317.6888087245
17583,-2549.7494996757396,0,0,-2352,-32.8144206632677,476.0,-315.369624409193,-325.565454603275
17584,-2666.43817199107,0,0,-2355,-4.43216634949647,412.228092201399,-386.247330087857,-332.986767755116
17585,-2880.0457911915996,0,0,-2358,10.6994961358431,238.000000000003,-430.802918524924,-339.942368802523
17586,-3155.9358456658197,0,0,-2361,-2.51331595733667,-4.20123439700003e-12,-446.0,-346.42252970848
17587,-3379.74573187534,0,0,-2364,5.4753740315796,-237.99999999998698,-430.802918524926,-352.418187382005
17588,-3516.2845186170002,0,0,-2367,7.1118600259350995,-412.22809220137606,-386.24733008786797,-357.920956353696
17589,-3573.2494795425605,0,0,-2370,-48.9567146297946,-476.0,-315.36962440919996,-362.92314050356697
17590,-3357.52643256404,0,0,-2373,18.119403462141896,-412.228092201401,-223.00000000000702,-367.417743824771
17591,-3130.9783784232204,0,0,-2376,-30.146604099341896,-238.00000000000801,-115.433294115728,-371.398480208146
17592,-2742.61933920947,0,0,-2379,11.2404430244455,-9.30333923966496e-13,-4.3584971648010204e-13,-374.859782233911
17593,-2428.0920714475897,0,0,-2382,-21.7285566051269,238.000000000006,115.433294115728,-377.796808958199
17594,-2102.46966009667,0,0,-2385,27.507700385506702,412.228092201387,222.999999999995,-380.205452683562
17595,-2011.13138333068,0,0,-2388,-32.418663035914896,476.0,315.36962440919,-382.082344703952
17596,-2006.7126550403698,0,0,-2391,-30.763217313453804,412.22809220139,386.24733008786103,-383.424860016164
17597,-2101.5854143235897,0,0,-2394,7.84278814261728,238.00000000001202,430.80291852492303,-384.231120991139
17598,-2278.92001145584,0,0,-2397,56.579988544155206,6.06190224493303e-12,446.0,-384.5
17599,-2610.08817312062,0,0,-2400,-18.6599706544263,-237.999999999978,430.802918524927,-384.231120991139
17600,-2833.17984043789,0,0,-2403,-20.774218308180803,-412.228092201398,386.247330087857,-383.424860016164
17601,-2931.4458050585304,0,0,-2406,17.266915236218,-476.0,315.36962440920297,-382.082344703952
17602,-2982.99393141316,0,0,-2409,-4.5603865282067195,-412.22809220140704,223.000000000011,-380.205452683562
17603,-2919.36036712297,0,0,-2412,-6.99685228050202,-237.99999999999298,115.433294115721,-377.796808958199
17604,-2802.84585030013,0,0,-2415,-12.986068066212098,-1.11934705658996e-11,5.24399986595714e-12,-374.859782233911
17605,-2651.45287456404,0,0,-2418,15.378899759830698,237.999999999997,-115.433294115723,-371.39848020814696
17606,-2596.54391786925,0,0,-2421,2.6457337541337598,412.22809220138197,-222.999999999991,-367.417743824771
17607,-2594.35010651443,0,0,-2424,31.9426583983395,476.0,-315.369624409205,-362.92314050356697
17608,-2827.0475497926,0,0,-2427,-68.10735555243559,412.228092201396,-386.24733008785796,-357.92095635369697
17609,-2981.4515471911104,0,0,-2430,-6.23044128420566,238.00000000002103,-430.80291852492104,-352.418187382006
17610,-3198.1239336390804,0,0,-2433,27.298596069385198,1.63250388868661e-11,-446.0,-346.42252970848097
17611,-3416.8907866958302,0,0,-2436,27.854500631613803,-237.99999999999298,-430.802918524925,-339.942368802522
17612,-3510.0149104951697,0,0,-2439,60.4472795492023,-412.228092201393,-386.24733008786,-332.986767755117
17613,-3578.13512787002,0,0,-2442,-19.2000488575332,-476.0,-315.369624409206,-325.565454603276
17614,-3354.21167822475,0,0,-2445,43.705222701123894,-412.228092201385,-222.99999999999298,-317.6888087245
17615,-3113.05295816234,0,0,-2448,-2.2518177263284502,-238.000000000002,-115.433294115725,-309.367846320284
17616,-2763.67775681583,0,0,-2451,-12.0635518068403,-2.14566072078326e-11,-1.0052150015434199e-11,-300.61420500895804
17617,-2328.62574410695,0,0,-2454,63.381089326773996,237.99999999998798,115.433294115718,-291.440127549428
17618,-2144.85927149719,0,0,-2457,-41.2289189800064,412.22809220139,222.999999999998,-281.858444718568
17619,-1948.2958510834803,0,0,-2460,-7.7829181264494,476.0,315.36962440920104,-271.882557366228
17620,-1988.5298727249601,0,0,-2463,-62.478877341296304,412.228092201401,386.24733008785597,-261.526417672919
17621,-2049.10674765538,0,0,-2466,-1.1051565438928799,238.00000000002998,430.80291852492,-250.80450963643798
17622,-2276.14585724643,0,0,-2469,-13.4140284317505,-4.692918489454729e-13,446.0,-239.731828814683
17623,-2490.44150416911,0,0,-2472,17.0794386589593,-237.99999999998403,430.802918524927,-228.323861353011
17624,-2695.27589004399,0,0,-2475,22.3014343949949,-412.228092201388,386.247330087862,-216.596562325464
17625,-2886.98031107853,0,0,-2478,-43.783602067579004,-476.0,315.36962440920104,-204.56633342014703
17626,-2879.5733755461897,0,0,-2481,-17.0952833447995,-412.22809220139,222.999999999998,-192.25
17627,-2852.4054350628103,0,0,-2484,-66.1739416075376,-238.000000000011,115.43329411572999,-179.664787570993
17628,-2696.25862730337,0,0,-2487,-42.430329612649395,-3.17197438497657e-11,1.4860300164911202e-11,-166.82829769070298
17629,-2517.20306953101,0,0,-2490,3.98870793564981,238.000000000003,-115.433294115726,-153.75848335094
17630,-2461.10419474642,0,0,-2493,-16.8586630789355,412.228092201385,-222.999999999994,-140.47362386888
17631,-2444.2061676826197,0,0,-2496,18.155756048336603,476.0,-315.369624409198,-126.992299321763
17632,-2553.4946628966,0,0,-2499,32.8579395508604,412.228092201392,-386.24733008786,-113.333364560992
17633,-1603.75209684281,1,0,-2502,-6.51610772871693,237.99999999999199,-430.802918524926,-99.51592284191891
17634,-3067.59628804408,0,0,-2505,-31.036988937881304,9.79384479298758e-12,-446.0,-85.55929910620401
17635,-3305.4070073656603,0,0,-2508,-57.121075886618605,-237.99999999997502,-430.802918524928,-71.4830129541419
17636,-3393.1377580743897,0,0,-2511,-26.355584440399603,-412.228092201396,-386.24733008785796,-57.306751344739105
17637,-3273.98789069447,0,0,-2514,74.432074776456,-476.0,-315.369624409204,-43.050341061722
17638,-3138.33325694961,0,0,-2517,42.628556235763,-412.22809220139504,-223.000000000002,-28.733720983980398
17639,-2936.9353604920802,0,0,-2520,-49.125152177076394,-238.00000000002004,-115.433294115735,-14.376914199248901
17640,-2563.20530300201,0,0,-2523,-40.205303002030504,1.2132054263790501e-11,5.6837144975321e-12,-4.708766942721571e-13
17641,-3337.6470254116603,1,0,-2526,17.625618526136503,237.999999999994,115.433294115721,14.376914199246599
17642,-1846.5128248083,0,0,-2529,18.525362006351,412.22809220138,222.99999999999,28.733720983979396
17643,-1732.5819510022,0,0,-2532,-35.0019164731225,476.0,315.36962440920297,43.0503410617224
17644,-1699.4776299056198,0,0,-2535,-20.25980353961,412.22809220139703,386.247330087857,57.3067513447395
17645,-1828.8650733693803,0,0,-2538,-31.151004848443602,238.000000000001,430.802918524924,71.4830129541396
17646,-1980.47606547163,0,0,-2541,28.964635422152,2.00569814349206e-11,446.0,85.5592991062018
17647,-2211.8851791787197,0,0,-2544,39.795979454449004,-238.00000000001302,430.80291852492303,99.51592284191929
17648,-2440.38749648125,0,0,-2547,19.2599010712923,-412.228092201391,386.24733008786103,113.333364560993
17649,-2607.85904315899,0,0,-2550,-24.2209668899547,-476.0,315.369624409208,126.992299321762
17650,-2647.33664409419,0,0,-2553,-45.5821757616731,-412.2280922014,223.000000000006,140.47362386887698
17651,-2567.6378592196697,0,0,-2556,-42.829636686335796,-238.000000000005,115.43329411572701,153.75848335094
17652,-2396.22528453377,0,0,-2559,-4.05358222447114,1.86891762185744e-12,-8.755643480550619e-13,166.82829769070102
17653,-2270.59499623064,0,0,-2562,-10.826489685897501,237.99999999998502,-115.43329411571699,179.66478757099202
17654,-2178.11814679754,0,0,-2565,5.403761001068849,412.228092201402,-223.00000000000702,192.250000000001
17655,-2178.06467240883,0,0,-2568,24.738618580218702,476.0,-315.36962440919996,204.56633342014703
17656,-2356.53493016968,0,0,-2571,-28.1122546086858,412.22809220140294,-386.247330087855,216.596562325463
17657,-2518.75712223344,0,0,-2574,19.7219349384652,238.00000000001,-430.80291852492303,228.323861353011
17658,-2755.09556824014,0,0,-2577,28.1726029451712,3.2626506991090898e-12,-446.0,239.731828814683
17659,-2995.65215581862,0,0,-2580,2.34625306987637,-238.000000000004,-430.802918524924,250.804509636437
17660,-1884.56643265471,1,0,-2583,38.2997197088594,-412.228092201386,-386.247330087863,261.526417672919
17661,-3173.59078868335,0,0,-2586,-68.103721640369,-476.0,-315.369624409211,271.882557366226
17662,-2984.37596541099,0,0,-2589,-42.006317928165394,-412.228092201392,-222.999999999999,281.858444718568
17663,-2678.37285986219,0,0,-2592,-24.3796932958676,-238.000000000014,-115.433294115732,291.440127549426
17664,-2316.47195350118,0,0,-2595,-22.086158510124196,-8.39421902007562e-12,-3.9325858014219795e-12,300.61420500895696
17665,-1945.2247091325303,0,0,-2598,-10.0258495685384,238.0,115.433294115724,309.367846320284
17666,-1623.10209268569,0,0,-2601,24.981006388410698,412.22809220139703,223.000000000003,317.6888087245
17667,-1516.48555568789,0,0,-2604,-29.4206347003637,476.0,315.369624409197,325.565454603276
17668,-1545.1073131060998,0,0,-2607,-69.5695031504731,412.228092201408,386.247330087853,332.986767755116
17669,-1633.67271787204,0,0,-2610,-32.418005199482195,237.999999999995,430.802918524925,339.942368802523
17670,-1825.1533945909302,0,0,-2613,-4.5759242994267595,1.3525787341042098e-11,446.0,346.42252970848
17671,-2162.3214858725896,0,0,-2616,-91.5425917795259,-237.999999999995,430.802918524925,352.418187382006
17672,-2302.6582145808497,0,0,-2619,-15.598408821033699,-412.228092201381,386.247330087865,357.920956353696
17673,-2405.81835477846,0,0,-2622,13.888880308771201,-476.0,315.369624409197,362.92314050356697
17674,-2451.4582650601396,0,0,-2625,-4.6479166835142,-412.22809220139703,223.000000000003,367.417743824771
17675,-2413.05516027588,0,0,-2628,-33.8869345997349,-238.000000000023,115.433294115736,371.39848020814696
17676,-2259.05306735219,0,0,-2631,-2.91284958610848,8.400111715735941e-12,-3.93534645506116e-12,374.859782233911
17677,-2190.11096283951,0,0,-2634,-56.474477681980495,237.999999999991,-115.43329411571999,377.796808958199
17678,-2007.24345090763,0,0,-2637,60.3230042074115,412.228092201392,-222.999999999999,380.205452683562
17679,-2061.98006874803,0,0,-2640,35.3072109572068,476.0,-315.369624409193,382.082344703952
17680,-2257.80347527684,0,0,-2643,-24.2090974065267,412.228092201386,-386.247330087863,383.424860016164
17681,-2414.01662855871,0,0,-2646,40.5551689750662,238.000000000004,-430.802918524924,384.231120991139
17682,-2673.69438824079,0,0,-2649,36.8056117591816,2.3788923982975197e-11,-446.0,384.5
17683,-2965.6412007908,0,0,-2652,-29.0694032570228,-237.999999999986,-430.802918524926,384.231120991139
17684,-3001.67584116663,0,0,-2655,68.3747211064527,-412.228092201389,-386.24733008786103,383.424860016164
17685,-4275.05918164182,1,0,-2658,-10.6890496838108,-476.0,-315.36962440919996,382.082344703952
17686,-2919.97229854075,0,0,-2661,-3.94965902290475,-412.228092201402,-223.00000000000702,380.205452683562
17687,-2621.07076553624,0,0,-2664,18.5657196212616,-237.99999999998502,-115.43329411571699,377.796808958199
17688,-2308.70551623788,0,0,-2667,-16.5652984717923,-1.8630249261971205e-12,-8.72803694415878e-13,374.859782233911
17689,-1942.82829864012,0,0,-2670,2.33992703603546,237.99999999998198,115.43329411571501,371.39848020814696
17690,-1628.1483693436098,0,0,-2673,42.205794630241996,412.228092201386,222.999999999995,367.417743824771
17691,-1538.6995927185299,0,0,-2676,-16.9923576312909,476.0,315.369624409199,362.92314050356697
17692,-1606.12993468065,0,0,-2679,-83.52631332359421,412.228092201391,386.24733008786103,357.92095635369697
17693,-1626.9708115834699,0,0,-2682,33.808082509586605,238.00000000001302,430.80291852492303,352.418187382006
17694,-1932.6928841902102,0,0,-2685,-40.1154138987211,3.4052060624908303e-11,446.0,346.42252970848097
17695,-2128.82630518197,0,0,-2688,26.4284074905825,-238.000000000001,430.802918524924,339.942368802522
17696,-2350.58391772719,0,0,-2691,33.410076631210195,-412.22809220138396,386.247330087864,332.986767755117
17697,-2478.31470239428,0,0,-2694,50.7502185932396,-476.0,315.36962440920297,325.565454603275
17698,-2601.2769684638697,0,0,-2697,-32.7376849869762,-412.22809220139396,223.000000000001,317.68880872449904
17699,-2532.2958099114103,0,0,-2700,-19.096950347419398,-237.999999999994,115.433294115721,309.367846320284
17700,-2347.2720117510603,0,0,-2703,55.1137832399867,-1.21261615681302e-11,5.6809538438929204e-12,300.614205008959
17701,-2269.65933938968,0,0,-2706,22.3338271766329,237.999999999973,-115.43329411571001,291.440127549427
17702,-2216.6865817123103,0,0,-2709,21.2268813677266,412.22809220139504,-223.000000000002,281.858444718568
17703,-2228.4404189287197,0,0,-2712,51.046648114249,476.0,-315.369624409195,271.882557366228
17704,-2429.94506119751,0,0,-2715,-2.45224098396617,412.228092201396,-386.24733008785796,261.526417672918
17705,-2631.4345032074602,0,0,-2718,28.5639056810041,238.000000000022,-430.80291852492104,250.80450963643798
17706,-2924.05064866773,0,0,-2721,3.21752251760109,-9.79973748864791e-12,-446.0,239.731828814683
17707,-3223.18654593949,0,0,-2724,-58.707488767585794,-237.99999999999199,-430.802918524926,228.323861353012
17708,-3304.14554134061,0,0,-2727,4.73331862317732,-412.228092201379,-386.247330087866,216.596562325463
17709,-3317.96074997767,0,0,-2730,-1.15745898861592,-476.0,-315.369624409198,204.56633342014598
17710,-3112.50354885878,0,0,-2733,63.474543342625296,-412.228092201399,-223.000000000005,192.25
17711,-2859.0936487505896,0,0,-2736,50.674857794141396,-238.000000000003,-115.433294115726,179.664787570994
17712,-2575.85080251207,0,0,-2739,-3.6791002027392405,-2.23892982100632e-11,-1.048910399337e-11,166.828297690702
17713,-2218.0284644877397,0,0,-2742,16.7797580455773,238.000000000011,115.43329411572999,153.75848335094
17714,-1931.1592527169698,0,0,-2745,38.1390312127665,412.22809220139,222.999999999998,140.47362386888
17715,-1837.2950698933398,0,0,-2748,-7.65699362429362,476.0,315.369624409192,126.992299321764
17716,-1825.07046144967,0,0,-2751,14.120751700082199,412.228092201401,386.24733008785597,113.333364560994
17717,-1986.67005755049,0,0,-2754,-0.988898917335124,238.00000000000801,430.80291852492303,99.51592284191901
17718,-2158.62666695488,0,0,-2757,66.8140339389133,4.633991532851521e-13,446.0,85.5592991062041
17719,-2514.84174667508,0,0,-2760,-19.1276781541678,-237.99999999998298,430.802918524927,71.48301295414059
17720,-2731.40343892993,0,0,-2763,0.27057183887187397,-412.228092201401,386.24733008785597,57.3067513447378
17721,-2874.60825027737,0,0,-2766,8.97178425170799,-476.0,315.36962440920104,43.050341061722
17722,-2969.30867640255,0,0,-2769,-39.814305185132206,-412.228092201404,223.000000000009,28.7337209839818
17723,-2875.87114542683,0,0,-2772,4.31864625819939,-238.00000000001202,115.43329411572999,14.376914199247599
17724,-2719.42532277088,0,0,-2775,55.57467722912129,-5.59496747425168e-12,2.6211717368868197e-12,-8.480540457994201e-13
17725,-2656.01707599167,0,0,-2778,13.7931323233026,238.000000000002,-115.433294115725,-14.376914199246599
17726,-2618.44316677817,0,0,-2781,2.06246200441676,412.228092201385,-222.99999999999298,-28.733720983978
17727,-2663.24465642293,0,0,-2784,3.17530904798189,476.0,-315.369624409189,-43.050341061721
17728,-2830.054179745,0,0,-2787,-11.7281905137889,412.228092201393,-386.24733008786,-57.3067513447395
17729,-3016.2149903778804,0,0,-2790,38.0709411011617,238.00000000001597,-430.802918524922,-71.4830129541396
17730,-3325.69858306498,0,0,-2793,-1.1392839587852,1.07265357952182e-11,-446.0,-85.559299106203
17731,-3565.4715937983,0,0,-2796,-1.1527524314528301,-237.999999999998,-430.802918524925,-99.51592284192058
17732,-3712.9154891838702,0,0,-2799,-2.10670233361934,-412.228092201396,-386.24733008785796,-113.333364560993
17733,-3779.1856075393603,0,0,-2802,-58.823683808393895,-476.0,-315.369624409205,-126.99229932176
17734,-3576.0205556781502,0,0,-2805,4.68116039214913,-412.22809220140897,-223.00000000001302,-140.473623868879
17735,-3315.60478010257,0,0,-2808,-0.413002635910956,-237.999999999997,-115.433294115723,-153.75848335094102
17736,-3025.9691165225895,0,0,-2811,-48.1408188318631,-1.5858104116184698e-11,-7.42932188636386e-12,-166.82829769070102
17737,-2700.54264526041,0,0,-2814,-60.3111518051317,237.99999999999298,115.433294115721,-179.664787570991
17738,-2407.5392007638898,0,0,-2817,-33.517292965261,412.228092201379,222.999999999989,-192.249999999999
17739,-2210.26821775857,0,0,-2820,22.9284912523738,476.0,315.36962440920297,-204.56633342014703
17740,-2237.57254077385,0,0,-2823,3.5485992623524303,412.228092201398,386.247330087857,-216.596562325462
17741,-2412.4728891922,0,0,-2826,-26.9519463641361,238.00000000002498,430.80291852492104,-228.323861353009
17742,-2608.95309626258,0,0,-2829,13.7787325521097,-6.06779494059335e-12,446.0,-239.73182881468398
17743,-2933.4554690605,0,0,-2832,-43.4538779490035,-237.999999999989,430.802918524926,-250.80450963643798
17744,-3127.26805715943,0,0,-2835,-4.76087737298705,-412.22809220139,386.24733008786103,-261.526417672917
17745,-3276.17067077447,0,0,-2838,-5.657737817453799,-476.0,315.369624409208,-271.882557366227
17746,-3284.6385554489098,0,0,-2841,27.447981471051897,-412.228092201387,222.999999999995,-281.858444718569
17747,-3246.15191989897,0,0,-2844,11.854913534733901,-238.000000000006,115.433294115728,-291.440127549426
17748,-3153.69262535335,0,0,-2847,-6.078420344383451,-2.6121240758117802e-11,1.22374720358409e-11,-300.614205008956
17749,-3083.7935106996197,0,0,-2850,-46.9923702636089,237.99999999998403,-115.433294115716,-309.367846320284
17750,-2987.9813344273803,0,0,-2853,-6.5206179042712,412.228092201388,-222.999999999996,-317.6888087245
17751,-2989.02376188469,0,0,-2856,31.9113171277842,476.0,-315.36962440919996,-325.565454603275
17752,-3175.35491811898,0,0,-2859,-9.34891247740841,412.22809220140294,-386.247330087855,-332.986767755115
17753,-3382.7150923806203,0,0,-2862,12.030194946842801,237.99999999998698,-430.802918524926,-339.942368802523
17754,-3648.97186983295,0,0,-2865,8.450659875521621,4.19534170133971e-12,-446.0,-346.42252970848
17755,-3854.5714935662,0,0,-2868,34.6496123407083,-237.99999999997996,-430.802918524927,-352.418187382005
17756,-4025.23159516794,0,0,-2871,2.16478347500368,-412.228092201385,-386.247330087863,-357.92095635369697
17757,-3982.24973614632,0,0,-2874,46.0430287664548,-476.0,-315.369624409202,-362.92314050356794
17758,-3919.5310893342894,0,0,-2877,-39.88525330812521,-412.228092201392,-222.999999999999,-367.417743824771
17759,-3606.32792872789,0,0,-2880,-1.4961544039917098,-238.00000000001498,-115.433294115732,-371.398480208146
17760,-3221.86447133875,0,0,-2883,35.9953108952095,-3.63843774000509e-11,-1.70456221853179e-11,-374.859782233911
17761,-2959.75357976278,0,0,-2886,-49.39006492030621,237.999999999999,115.433294115724,-377.796808958199
17762,-2691.01345909868,0,0,-2889,-57.036098616493206,412.228092201383,222.99999999999199,-380.205452683562
17763,-2494.18943109567,0,0,-2892,-11.4767108009185,476.0,315.36962440919604,-382.082344703952
17764,-2469.98153957135,0,0,-2895,9.96789815556239,412.22809220139504,386.247330087859,-383.424860016164
17765,-2626.03680829922,0,0,-2898,-12.6086058330061,237.999999999996,430.802918524925,-384.231120991139
17766,-2794.61299508698,0,0,-2901,44.88700491300429,1.44584783432728e-11,446.0,-384.5
17767,-3092.36837942151,0,0,-2904,3.05982304466889,-237.999999999971,430.802918524928,-384.231120991139
17768,-3300.94151031782,0,0,-2907,15.464111811875998,-412.22809220139396,386.247330087859,-383.424860016164
17769,-3484.59465761237,0,0,-2910,-31.881937317627695,-476.0,315.369624409206,-382.082344703952
17770,-3530.9511455699,0,0,-2913,-48.5176006849421,-412.22809220139703,223.000000000004,-380.205452683562
17771,-3410.0806256542796,0,0,-2916,6.282889188199849,-238.000000000001,115.433294115725,-377.796808958199
17772,-3308.6868412952003,0,0,-2919,-14.827059061293001,7.467420713505308e-12,-3.49839247712539e-12,-374.859782233911
17773,-3181.98544278568,0,0,-2922,-11.1536684618071,237.99999999999,-115.433294115719,-371.39848020814696
17774,-3133.83556273445,0,0,-2925,-30.6459111110656,412.22809220137805,-222.99999999998798,-367.41774382477206
17775,-3108.4200776287203,0,0,-2928,21.872687284054,476.0,-315.369624409202,-362.92314050356794
17776,-3179.29777371597,0,0,-2931,83.6424205241851,412.2280922014,-386.24733008785597,-357.920956353696
17777,-3440.36452990445,0,0,-2934,38.8565760024765,238.000000000005,-430.802918524924,-352.418187382006
17778,-3745.2780287947,0,0,-2937,-15.855499086243999,2.4721614985205802e-11,-446.0,-346.42252970848097
17779,-3915.8819749155396,0,0,-2940,32.8633124118931,-237.999999999986,-430.802918524926,-339.942368802522
17780,-4042.2548238715704,0,0,-2943,32.2073661727947,-412.228092201389,-386.247330087862,-332.986767755117
17781,-4160.29797217466,0,0,-2946,-97.3628931621844,-476.0,-315.36962440919996,-325.565454603276
17782,-3873.6221946528003,0,0,-2949,28.2947062730814,-412.228092201389,-222.999999999997,-317.6888087245
17783,-3588.6394395859,0,0,-2952,26.1617008500913,-237.999999999986,-115.43329411571699,-309.36784632028304
17784,-3212.36824760222,0,0,-2955,43.2459574067859,-2.9853183306172394e-11,-1.39858400783118e-11,-300.61420500895804
17785,-2948.06350021633,0,0,-2958,-52.0566667825968,237.99999999998101,115.43329411571399,-291.440127549428
17786,-2586.9272233327897,0,0,-2961,20.7031291843957,412.228092201386,222.999999999995,-281.858444718569
17787,-2435.70044723428,0,0,-2964,8.81248572274794,476.0,315.369624409198,-271.882557366227
17788,-2426.87068136261,0,0,-2967,3.18031402106109,412.228092201391,386.24733008786,-261.526417672919
17789,-2578.28598242348,0,0,-2970,-26.2843913119987,238.000000000037,430.802918524919,-250.804509636439
17790,-2731.6531155717603,0,0,-2973,35.0787132429477,-1.9130183128350302e-11,446.0,-239.73182881468398
17791,-3007.6141408705103,0,0,-2976,3.9068019575466604,-237.999999999977,430.802918524928,-228.323861353011
17792,-3158.1656122573604,0,0,-2979,63.4117121816277,-412.228092201383,386.247330087864,-216.596562325464
17793,-3334.6517315622496,0,0,-2982,12.544977448692,-476.0,315.369624409204,-204.56633342014703
17794,-3321.40731027341,0,0,-2985,45.070781927979,-412.22809220139396,223.000000000001,-192.249999999999
17795,-3318.48025321232,0,0,-2988,-28.2487597570541,-237.999999999995,115.433294115722,-179.664787570993
17796,-3163.3969041662604,0,0,-2991,-5.568606475533321,-4.01163199481054e-11,1.87939902277889e-11,-166.82829769070298
17797,-3012.9454578843797,0,0,-2994,12.2463195822755,238.00000000001899,-115.433294115734,-153.75848335094102
17798,-2967.6852964746995,0,0,-2997,-19.4397648072142,412.228092201381,-222.99999999999,-140.473623868878
17799,-2992.61960561302,0,0,-3000,-26.2576818820657,476.0,-315.369624409195,-126.992299321763
17800,-3048.8117793147303,0,0,-3003,41.5408231327279,412.22809220139703,-386.24733008785796,-113.33336456099501
17801,-3375.58745578153,0,0,-3006,-77.2686144146853,237.999999999999,-430.802918524925,-99.5159228419203
17802,-3474.1319660275603,0,0,-3009,66.42733307865281,-8.86704648641728e-12,-446.0,-85.55929910620279
17803,-3725.75387278459,0,0,-3012,26.5320586944526,-237.999999999968,-430.802918524929,-71.483012954142
17804,-3818.9038092455103,0,0,-3015,51.8783643884907,-412.22809220140505,-386.247330087854,-57.3067513447392
17805,-3918.7794670617604,0,0,-3018,-66.3595015908367,-476.0,-315.369624409207,-43.05034106172071
17806,-3689.98101605238,0,0,-3021,-5.01920286699538,-412.228092201399,-223.000000000005,-28.733720983980497
17807,-3411.9915100160997,0,0,-3024,-20.1813017011203,-238.000000000004,-115.433294115726,-14.376914199249
17808,-2973.0313743235197,0,0,-3027,53.9686256764734,3.7354781654507494e-12,1.75002443465445e-12,-5.650520331265889e-13
17809,-2620.50858263777,0,0,-3030,41.681209047239896,238.00000000001,115.43329411572999,14.376914199247901
17810,-2368.93700850917,0,0,-3033,0.101178305485529,412.22809220137606,222.999999999986,28.7337209839793
17811,-2203.85758359584,0,0,-3036,-2.2775490667524503,476.0,315.369624409192,43.0503410617196
17812,-2232.47271764094,0,0,-3039,-49.254891274938295,412.228092201402,386.24733008785597,57.3067513447381
17813,-2319.54298622085,0,0,-3042,-17.8289176999203,238.00000000000801,430.80291852492303,71.4830129541409
17814,-2545.72991994135,0,0,-3045,-32.2892190475524,1.39609015551578e-12,446.0,85.5592991062017
17815,-2720.65686612011,0,0,-3048,35.024292513057105,-238.000000000006,430.802918524924,99.5159228419192
17816,-3000.45277753943,0,0,-3051,-36.8053799868752,-412.2280922014,386.24733008785597,113.333364560991
17817,-3117.2174850288106,0,0,-3054,-29.5794087597856,-476.0,315.36962440921,126.992299321762
17818,-3131.3205307818603,0,0,-3057,-25.5660624493437,-412.228092201404,223.000000000009,140.47362386887698
17819,-3012.0644692065002,0,0,-3060,16.743753326844402,-238.00000000001302,115.43329411573099,153.75848335094
17820,-2825.59535321634,0,0,-3063,70.5763490929622,-6.5276584764823e-12,3.05812571482259e-12,166.828297690702
17821,-2814.1568168171198,0,0,-3066,-50.3883102723928,238.000000000001,-115.433294115725,179.66478757099202
17822,-2662.26561193994,0,0,-3069,25.256295858670804,412.228092201371,-222.99999999998198,192.249999999998
17823,-2688.9758738658898,0,0,-3072,17.827417123173102,476.0,-315.369624409206,204.56633342014598
17824,-2876.0421260444396,0,0,-3075,-43.6194504834588,412.22809220140704,-386.247330087853,216.596562325463
17825,-3042.94915492529,0,0,-3078,-0.470097753393492,238.00000000001702,-430.802918524922,228.32386135301002
17826,-3293.54059679729,0,0,-3081,-6.27242561198223,1.16592267974488e-11,-446.0,239.731828814683
17827,-3485.88711855834,0,0,-3084,16.1112903301493,-237.999999999997,-430.802918524925,250.804509636437
17828,-3672.09091986901,0,0,-3087,-48.141915252671296,-412.22809220139504,-386.247330087859,261.526417672918
17829,-3629.5250660329602,0,0,-3090,-20.037998989972,-476.0,-315.369624409214,271.882557366226
17830,-3402.1849688248303,0,0,-3093,44.184678657972796,-412.22809220138197,-222.999999999991,281.858444718568
17831,-3136.0611636141102,0,0,-3096,21.9320029522191,-238.000000000022,-115.433294115736,291.440127549427
17832,-2811.6159894154102,0,0,-3099,-13.230194424339302,-1.67907951184154e-11,-7.866275864299639e-12,300.61420500895696
17833,-2384.46968486274,0,0,-3102,54.7291747012614,237.99999999999298,115.43329411571999,309.36784632028304
17834,-2115.61517910561,0,0,-3105,36.4679199685026,412.228092201393,223.0,317.6888087245
17835,-2010.5870418912698,0,0,-3108,-19.5221209037493,476.0,315.36962440920297,325.565454603275
17836,-1996.6473933898199,0,0,-3111,-17.109583434202097,412.228092201412,386.247330087851,332.986767755116
17837,-2026.81855813247,0,0,-3114,78.43615454009971,237.99999999997897,430.802918524927,339.942368802523
17838,-2383.8800950519103,0,0,-3117,-59.3026247604066,2.19223634393819e-11,446.0,346.42252970848
17839,-2552.05860460883,0,0,-3120,22.720289484222302,-237.99999999998798,430.802918524926,352.418187382006
17840,-2811.94590599588,0,0,-3123,-20.8861002360484,-412.22809220139,386.24733008786103,357.920956353696
17841,-2918.44271924648,0,0,-3126,5.26451584074961,-476.0,315.369624409199,362.92314050356697
17842,-2871.49203435031,0,0,-3129,79.3183140263113,-412.228092201387,222.999999999996,367.417743824771
17843,-2925.03289057357,0,0,-3132,-41.8646648974252,-238.00000000002998,115.43329411574,371.39848020814696
17844,-2698.09798034212,0,0,-3135,62.042237423984396,-2.7053931760348397e-11,1.2674426013776699e-11,374.859782233911
17845,-2616.69542866762,0,0,-3138,20.9410564899162,237.99999999998403,-115.433294115716,377.796808958199
17846,-2568.33727257918,0,0,-3141,3.2291825358673196,412.228092201387,-222.999999999996,380.205452683562
17847,-2628.99057378164,0,0,-3144,-27.703294076389398,476.0,-315.369624409199,382.082344703952
17848,-2685.70792579583,0,0,-3147,51.886452074476004,412.22809220139,-386.24733008786103,383.424860016164
17849,-2938.11748617502,0,0,-3150,20.4543113587835,237.99999999998798,-430.802918524926,384.231120991139
17850,-3172.35485454795,0,0,-3153,42.145145452019,3.2185500081315e-11,-446.0,384.5
17851,-3478.59035191378,0,0,-3156,-38.018554380011004,-237.99999999997897,-430.802918524927,384.231120991139
17852,-3540.3957705523903,0,0,-3159,33.6547917206898,-412.228092201385,-386.247330087863,383.424860016164
17853,-3553.2634390007397,0,0,-3162,18.0238407045135,-476.0,-315.36962440920297,382.082344703952
17854,-3417.9863659233897,0,0,-3165,2.03627359443851,-412.228092201393,-223.0,380.205452683562
17855,-3173.9112438750103,0,0,-3168,-30.274758717425698,-238.000000000039,-115.43329411574499,377.7968089582
17856,-2754.8145599896898,0,0,-3171,41.3256577763748,1.6797866353207697e-11,7.86958864866666e-12,374.859782233911
17857,-2456.37643225755,0,0,-3174,-7.208206581380599,237.99999999997502,115.433294115711,371.39848020814696
17858,-2208.04378296136,0,0,-3177,-33.6896189875016,412.22809220138197,222.999999999991,367.417743824771
17859,-2048.0147173374803,0,0,-3180,-22.3074822502414,476.0,315.36962440919604,362.92314050356697
17860,-1985.31864274344,0,0,-3183,41.2849786136061,412.22809220139504,386.247330087859,357.92095635369697
17861,-2225.42565291178,0,0,-3186,-60.6467588187047,237.999999999997,430.802918524925,352.418187382006
17862,-2399.3440084789,0,0,-3189,-2.7665381874183796,4.2448636723248006e-11,446.0,346.42252970848097
17863,-2656.55614134647,0,0,-3192,2.69857132610049,-238.00000000001702,430.802918524922,339.942368802522
17864,-2897.2104200563,0,0,-3195,-9.21642569790327,-412.22809220138,386.247330087866,332.986767755117
17865,-2979.2087163423603,0,0,-3198,53.8562046451581,-476.0,315.369624409206,325.565454603275
17866,-3054.7508683541496,0,0,-3201,17.788415122743398,-412.228092201398,223.000000000004,317.688808724501
17867,-3050.19686371154,0,0,-3204,-32.9980041475508,-238.000000000001,115.433294115725,309.367846320284
17868,-2915.3056316144603,0,0,-3207,-8.91983662342199,6.5347297112746905e-12,-3.06143849918961e-12,300.614205008959
17869,-2791.24564345016,0,0,-3210,4.74752311615838,237.999999999966,-115.433294115706,291.440127549427
17870,-2801.4046079906702,0,0,-3213,-59.4911449106283,412.228092201404,-223.000000000009,281.858444718568
17871,-2794.63199814187,0,0,-3216,-11.144931098902301,476.0,-315.369624409193,271.882557366228
17872,-2900.0763110573,0,0,-3219,31.4165091562338,412.2280922014,-386.24733008785597,261.526417672918
17873,-3165.9433186075703,0,0,-3222,-1.9449097190909699,238.000000000006,-430.802918524924,250.80450963643798
17874,-3485.49071721403,0,0,-3225,-54.2225460287067,-1.4031613903081599e-12,-446.0,239.731828814683
17875,-3675.40217249825,0,0,-3228,-6.92311532633027,-238.00000000000801,-430.80291852492303,228.323861353013
17876,-3813.3932679634795,0,0,-3231,-0.5144079997040379,-412.228092201375,-386.24733008786797,216.596562325463
17877,-3848.74598035258,0,0,-3234,-27.9426893635148,-476.0,-315.36962440921,204.566333420148
17878,-3685.3380850402,0,0,-3237,-5.35999283879316,-412.22809220140294,-223.00000000000801,192.25
17879,-3382.6878419612,0,0,-3240,31.0806645835443,-238.00000000001,-115.43329411572999,179.664787570994
17880,-3032.7591520797496,0,0,-3243,43.4125502295536,-3.72840693065837e-12,-1.7467116502874298e-12,166.828297690702
17881,-2753.12751496493,0,0,-3246,-14.3192924315963,238.000000000004,115.433294115726,153.75848335094
17882,-2450.2715671571104,0,0,-3249,23.026716772603198,412.228092201399,223.000000000005,140.47362386888
17883,-2350.7404904053196,0,0,-3252,-17.1024141362687,476.0,315.369624409189,126.992299321761
17884,-2374.1900979570896,0,0,-3255,-30.9988848073435,412.22809220140505,386.247330087854,113.333364560994
17885,-2478.7040151751503,0,0,-3258,10.977143457990598,238.00000000001498,430.802918524922,99.51592284191901
17886,-2691.7682956188396,0,0,-3261,37.6724052749425,8.8599752516249e-12,446.0,85.5592991062041
17887,-2989.56951571318,0,0,-3264,10.1445528077564,-237.999999999999,430.802918524925,71.4830129541407
17888,-3187.52985694273,0,0,-3267,48.1441538260709,-412.22809220139703,386.24733008785796,57.306751344737904
17889,-4555.7816857344205,1,0,-3270,28.8812010474174,-476.0,315.369624409195,43.0503410617221
17890,-3387.3038524170697,0,0,-3273,46.1905188003452,-412.228092201408,223.00000000001202,28.7337209839819
17891,-3399.99532893576,0,0,-3276,-15.8055372507184,-238.00000000001899,115.433294115734,14.376914199247699
17892,-3198.6525557060804,0,0,-3279,80.3474442939234,-1.3991543572591399e-11,6.5548617997644704e-12,-7.538787069449879e-13
17893,-3200.10459926576,0,0,-3282,-26.2943909507902,237.999999999995,-115.433294115722,-14.3769141992465
17894,-3085.16688802213,0,0,-3285,39.3387407604574,412.22809220139396,-223.000000000001,-28.7337209839779
17895,-3183.4711617213698,0,0,-3288,-13.051196250460501,476.0,-315.369624409186,-43.05034106172089
17896,-3274.10602010698,0,0,-3291,48.2199691242432,412.228092201383,-386.247330087864,-57.306751344739396
17897,-3482.35752191314,0,0,-3294,75.9284095659004,238.000000000024,-430.80291852492104,-71.4830129541395
17898,-3841.07605537865,0,0,-3297,-12.5167562724701,1.9123111893558e-11,-446.0,-85.559299106203
17899,-4064.4868397159003,0,0,-3300,3.83200165093284,-237.999999999991,-430.802918524926,-99.51592284192051
17900,-4239.294898039329,0,0,-3303,-24.486111189085698,-412.228092201391,-386.24733008786,-113.333364560993
17901,-4167.19748500998,0,0,-3306,57.16443872098311,-476.0,-315.369624409198,-126.99229932176
17902,-4058.42921509664,0,0,-3309,26.272500973668,-412.22809220141295,-223.00000000001597,-140.473623868879
17903,-3812.71149798267,0,0,-3312,6.480279483963209,-237.99999999998101,-115.43329411571399,-153.75848335094102
17904,-3456.91093189924,0,0,-3315,24.917365791497303,-2.4254680214524497e-11,-1.13630119492415e-11,-166.82829769070102
17905,-3150.1524285480896,0,0,-3318,-5.9209350928027,237.999999999986,115.43329411571699,-179.66478757099
17906,-2895.98391452832,0,0,-3321,-17.9620067297112,412.228092201389,222.999999999997,-192.249999999999
17907,-2762.61603485857,0,0,-3324,-25.419325847623302,476.0,315.36962440919996,-204.56633342014703
17908,-2756.4956832461103,0,0,-3327,-11.374543209899,412.228092201389,386.247330087862,-216.596562325462
17909,-2898.58197271174,0,0,-3330,-9.061029883684302,238.000000000033,430.80291852492,-228.323861353012
17910,-3144.8254965131,0,0,-3333,-18.0936676983882,-2.47286862199982e-11,446.0,-239.73182881468398
17911,-3378.3216941432697,0,0,-3336,15.679896968225801,-237.99999999998198,430.802918524927,-250.80450963643798
17912,-3707.7612204609704,0,0,-3339,-81.2540406745261,-412.228092201386,386.247330087863,-261.526417672917
17913,-3740.7584945905,0,0,-3342,33.7544383665272,-476.0,315.369624409202,-271.882557366227
17914,-3782.1279189319102,0,0,-3345,33.958617988056,-412.228092201391,222.999999999999,-281.858444718569
17915,-3718.5806115473706,0,0,-3348,43.426221886327895,-237.99999999999,115.433294115719,-291.440127549426
17916,-3653.53995143207,0,0,-3351,-1.92574642309706,-3.45178168564575e-11,1.61711620987186e-11,-300.614205008956
17917,-3474.94905651356,0,0,-3354,65.85208392246079,237.999999999977,-115.43329411571199,-309.367846320284
17918,-3470.6354274788696,0,0,-3357,14.825289044243,412.22809220138396,-222.99999999999298,-317.6888087245
17919,-3470.19758914891,0,0,-3360,54.737489863565294,476.0,-315.369624409197,-325.565454603275
17920,-3616.7238278734794,0,0,-3363,53.2821777681019,412.22809220139396,-386.247330087859,-332.986767755115
17921,-3871.3305185035997,0,0,-3366,27.4147688238561,237.999999999995,-430.802918524925,-339.942368802523
17922,-4134.6823998522905,0,0,-3369,26.7401298562068,-1.4465549578065199e-11,-446.0,-346.42252970848
17923,-4361.25777312836,0,0,-3372,31.963332778545798,-237.999999999973,-430.802918524928,-352.418187382005
17924,-4522.45850303514,0,0,-3375,8.93787560780029,-412.228092201381,-386.247330087865,-357.92095635369697
17925,-4557.44802250694,0,0,-3378,-25.155257594165803,-476.0,-315.369624409205,-362.92314050356794
17926,-4413.39847084334,0,0,-3381,-29.752634817166,-412.228092201396,-223.000000000003,-367.417743824771
17927,-4098.18455720611,0,0,-3384,10.6472171177628,-237.999999999999,-115.433294115724,-371.398480208146
17928,-3817.65186963206,0,0,-3387,-55.7920873980842,-4.47809534983906e-11,-2.09793122481956e-11,-374.859782233911
17929,-3432.26646447146,0,0,-3390,-17.902949629004603,238.00000000001498,115.433294115732,-377.796808958199
17930,-3117.7016362983,0,0,-3393,20.2757241838899,412.228092201379,222.99999999998798,-380.205452683562
17931,-2996.31593629083,0,0,-3396,-9.603215996069949,476.0,315.369624409193,-382.082344703952
17932,-2897.36976283656,0,0,-3399,86.57967489034951,412.228092201399,386.247330087857,-383.424860016164
17933,-3108.90626240943,0,0,-3402,8.521940056776499,238.000000000003,430.802918524924,-384.231120991139
17934,-3352.77392873849,0,0,-3405,-9.273928738490099,-4.2024129361321e-12,446.0,-384.5
17935,-3639.3765516647795,0,0,-3408,-39.948349198603104,-237.999999999964,430.80291852492996,-384.231120991139
17936,-3837.2625917053497,0,0,-3411,-16.8569695756334,-412.22809220140294,386.247330087855,-383.424860016164
17937,-4009.83477548202,0,0,-3414,-53.1220551872787,-476.0,315.369624409209,-382.082344703952
17938,-4055.03577976007,0,0,-3417,-68.6022348751087,-412.228092201401,223.00000000000702,-380.205452683562
17939,-3925.5932913869106,0,0,-3420,-5.22977654443534,-238.00000000000801,115.433294115728,-377.796808958199
17940,-3748.6577703904295,0,0,-3423,49.202011843485,-9.291553848344309e-13,4.3529758575226505e-13,-374.859782233911
17941,-3632.3825390605393,0,0,-3426,42.44923526333179,238.000000000006,-115.433294115728,-371.39848020814696
17942,-3587.3975557176796,0,0,-3429,19.7920959057074,412.228092201373,-222.99999999998403,-367.41774382477206
17943,-3651.1066623961297,0,0,-3432,-16.8138974833503,476.0,-315.369624409208,-362.92314050356794
17944,-3778.7548869241496,0,0,-3435,-11.814692684007001,412.228092201404,-386.247330087854,-357.920956353696
17945,-4014.5290902092897,0,0,-3438,-31.3079843023738,238.00000000001202,-430.80291852492303,-352.418187382006
17946,-4251.14999327163,0,0,-3441,-17.727463563159603,6.06072370580096e-12,-446.0,-346.42252970848097
17947,-4428.90839126563,0,0,-3444,23.8368960618136,-238.000000000002,-430.802918524924,-339.942368802522
17948,-4534.22494118021,0,0,-3447,44.237248864162,-412.228092201398,-386.247330087857,-332.986767755117
17949,-4545.473470899171,0,0,-3450,21.4616081133222,-476.0,-315.369624409212,-325.565454603276
17950,-4394.68277932198,0,0,-3453,11.234121603942098,-412.22809220140704,-223.000000000011,-317.6888087245
17951,-4111.71991613255,0,0,-3456,7.0812243034811795,-238.00000000001702,-115.43329411573299,-309.36784632028304
17952,-3699.9887327095794,0,0,-3459,59.6254722993962,-1.11922920267675e-11,-5.24344773522931e-12,-300.61420500895804
17953,-3353.10239077729,0,0,-3462,46.9044426564136,237.999999999997,115.433294115723,-291.440127549428
17954,-3150.04761423026,0,0,-3465,-38.4172617130866,412.22809220139504,223.000000000002,-281.858444718569
17955,-2990.6071187977,0,0,-3468,-42.0941858406823,476.0,315.369624409205,-271.882557366227
17956,-2937.4392499134,0,0,-3471,-3.38825452973978,412.22809220140897,386.247330087852,-261.526417672919
17957,-3071.86281822682,0,0,-3474,-15.8612271153246,238.00000000002103,430.80291852492104,-250.80450963643997
17958,-3215.69111894799,0,0,-3477,55.04070986667911,1.6323860347734e-11,446.0,-239.73182881468202
17959,-3537.86240381024,0,0,-3480,-22.341460982163,-237.99999999999298,430.802918524925,-228.323861353011
17960,-3707.8601410315705,0,0,-3483,17.7171834074313,-412.228092201393,386.24733008786,-216.596562325464
17961,-3829.66913581969,0,0,-3486,21.527573191237195,-476.0,315.369624409215,-204.56633342014703
17962,-3865.2898526634294,0,0,-3489,5.188239537965059,-412.228092201385,222.99999999999298,-192.249999999999
17963,-3849.5420633173903,0,0,-3492,-55.3105698621117,-238.000000000026,115.433294115738,-179.664787570993
17964,-3691.44273223021,0,0,-3495,-29.614434539492002,-2.14554286687005e-11,1.00515978847063e-11,-166.82829769070298
17965,-3533.95635537655,0,0,-3498,-4.76457790987437,237.99999999998798,-115.433294115718,-153.75848335094102
17966,-3442.18989362406,0,0,-3501,10.055638043425901,412.22809220139,-222.999999999998,-140.473623868878
17967,-3371.14951335885,0,0,-3504,99.2124103721192,476.0,-315.36962440920104,-126.992299321763
17968,-3571.1809962054704,0,0,-3507,23.171606241962,412.22809220141403,-386.24733008785006,-113.33336456099501
17969,-3837.60224497051,0,0,-3510,-35.2834036036451,237.99999999998298,-430.802918524927,-99.51592284192041
17970,-4030.74208165051,0,0,-3513,13.817217455668,2.6586996989667103e-11,-446.0,-85.55929910620291
17971,-4197.17447981032,0,0,-3516,59.11145166872971,-237.99999999998403,-430.802918524927,-71.4830129541421
17972,-4354.41922257063,0,0,-3519,20.3629510633628,-412.228092201388,-386.247330087862,-57.306751344742004
17973,-4425.30780826769,0,0,-3522,-68.8878427967709,-476.0,-315.36962440920104,-43.0503410617208
17974,-4185.74273808197,0,0,-3525,3.2190751033951606,-412.22809220139,-222.999999999998,-28.733720983980604
17975,-3914.27467281034,0,0,-3528,-18.4644644953123,-238.00000000003502,-115.433294115742,-14.3769141992491
17976,-3560.17074153507,0,0,-3531,-29.1707415350982,2.2396369444855603e-11,1.0492416777737001e-11,-6.592273719810201e-13
17977,-3139.00010754343,0,0,-3534,27.1896841416271,237.99999999997996,115.43329411571399,14.376914199247802
17978,-2856.3771130780897,0,0,-3537,16.6610737365526,412.228092201385,222.999999999994,28.7337209839792
17979,-2767.08407790407,0,0,-3540,-61.504043374986104,476.0,315.369624409198,43.0503410617195
17980,-2741.20731057515,0,0,-3543,-53.9894842091417,412.228092201392,386.24733008786,57.306751344738
17981,-2820.17266768783,0,0,-3546,-14.458599166886001,237.99999999999199,430.802918524926,71.48301295414079
17982,-3045.2076253134,0,0,-3549,-27.7669244196345,3.68501336316001e-11,446.0,85.55929910620159
17983,-3310.68798927138,0,0,-3552,-51.0068306382504,-237.99999999997502,430.802918524928,99.5159228419165
17984,-3466.0195198642305,0,0,-3555,1.62787768829681,-412.228092201383,386.247330087864,113.333364560994
17985,-3534.0916706690705,0,0,-3558,57.5464055999627,-476.0,315.369624409204,126.992299321761
17986,-3655.34502684649,0,0,-3561,-45.5905585139783,-412.22809220139504,223.000000000002,140.47362386887698
17987,-3568.0299885002705,0,0,-3564,-35.2217659669311,-237.999999999997,115.433294115722,153.75848335094
17988,-3430.73091146279,0,0,-3567,-30.559209153502398,1.21332328029226e-11,-5.684266628259941e-12,166.828297690702
17989,-3277.2970795987,0,0,-3570,-9.52857305395355,237.999999999971,-115.433294115709,179.66478757099202
17990,-3213.10827110562,0,0,-3573,-21.586363307006398,412.22809220138,-222.99999999999,192.249999999998
17991,-3203.9265872507103,0,0,-3576,6.87670373834235,476.0,-315.369624409194,204.56633342014598
17992,-3305.9736626793,0,0,-3579,30.449012881694003,412.22809220139703,-386.247330087857,216.596562325463
17993,-3532.58778916536,0,0,-3582,13.891268006548,238.000000000001,-430.802918524924,228.32386135301002
17994,-3804.6147239042207,0,0,-3585,-13.3465527189525,4.71132702735332e-11,-446.0,239.73182881468102
17995,-4010.99880892956,0,0,-3588,-5.000400041061611,-238.00000000001302,-430.80291852492303,250.804509636436
17996,-4083.1400439066206,0,0,-3591,44.808960709708394,-412.228092201377,-386.247330087867,261.526417672918
17997,-4089.5822928425105,0,0,-3594,23.904774200475302,-476.0,-315.369624409208,271.882557366226
17998,-3978.60774494211,0,0,-3597,-28.238097459273895,-412.2280922014,-223.000000000006,281.858444718568
17999,-3643.46292731307,0,0,-3600,18.530239253233102,-238.000000000005,-115.43329411572701,291.440127549427
18000,-3335.8782223995,0,0,-3603,-33.4924274084645,1.87009616098951e-12,8.761164787828979e-13,300.61420500895696
18001,-2889.74197274052,0,0,-3606,53.4568868235292,237.999999999962,115.433294115704,309.36784632028304
18002,-2589.2419127522103,0,0,-3609,66.8411863218861,412.228092201402,223.00000000000702,317.6888087245
18003,-2446.54875827,0,0,-3612,48.51616271753261,476.0,315.36962440919103,325.565454603275
18004,-2432.9261722328197,0,0,-3615,50.611637722811395,412.22809220140294,386.247330087855,332.986767755116
18005,-2586.8675848242397,0,0,-3618,22.3871278483057,238.00000000001,430.80291852492303,339.942368802521
18006,-2806.30101995597,0,0,-3621,22.276450335545302,3.2614721599770202e-12,446.0,346.42252970848
18007,-3018.91139507144,0,0,-3624,59.867499021632604,-238.000000000004,430.802918524924,352.418187382006
18008,-3289.8784408603997,0,0,-3627,5.1813648994065495,-412.228092201372,386.24733008786905,357.920956353696
18009,-3388.1177199748604,0,0,-3630,39.5895151123813,-476.0,315.369624409193,362.92314050356697
18010,-3372.78100886787,0,0,-3633,82.0293395087511,-412.22809220140505,223.00000000001,367.417743824771
18011,-3329.8846778206,0,0,-3636,57.2835478555317,-238.000000000014,115.433294115732,371.39848020814696
18012,-3289.2218538889,0,0,-3639,-25.081636122810803,-8.393040480943549e-12,3.93203367069414e-12,374.859782233911
18013,-3151.8938162195695,0,0,-3642,-10.2573310620475,238.0,-115.433294115724,377.796808958199
18014,-3043.06957272033,0,0,-3645,32.4968823947097,412.22809220139703,-223.000000000003,380.205452683562
18015,-3094.6124674653197,0,0,-3648,10.6748122399152,476.0,-315.369624409188,382.082344703952
18016,-3298.1430328370598,0,0,-3651,-56.5486549667784,412.228092201408,-386.247330087853,383.424860016164
18017,-3427.25047205742,0,0,-3654,35.3213254763476,238.00000000001899,-430.802918524922,384.231120991139
18018,-3704.3420790449395,0,0,-3657,14.1579209550461,1.35246088019101e-11,-446.0,384.5
18019,-3955.2080665201897,0,0,-3660,-10.6362689864055,-237.999999999995,-430.802918524925,384.231120991139
18020,-4087.7619477813105,0,0,-3663,-9.711385508223259,-412.22809220139396,-386.247330087859,383.424860016164
18021,-4095.79660356526,0,0,-3666,-20.5093238600134,-476.0,-315.369624409197,382.082344703952
18022,-5162.08674821801,1,0,-3669,-40.9812564473874,-412.22809220141,-223.000000000014,380.205452683562
18023,-3644.22588912155,0,0,-3672,3.4105960360097303,-238.000000000023,-115.433294115736,377.7968089582
18024,-3271.55574541389,0,0,-3675,28.5844723522249,-1.86561771228766e-11,-8.74018382017119e-12,374.859782233911
18025,-2941.78531211284,0,0,-3678,11.3829135632993,237.999999999991,115.43329411571999,371.39848020814696
18026,-2699.15617286632,0,0,-3681,-20.802008892486,412.228092201392,222.999999999999,367.417743824771
18027,-2497.54126898961,0,0,-3684,32.165966097617805,476.0,315.369624409202,362.92314050356697
18028,-2556.93143995216,0,0,-3687,-26.3278185951022,412.228092201386,386.247330087863,357.92095635369697
18029,-2624.74010449642,0,0,-3690,44.0387895966258,238.000000000028,430.80291852492104,352.418187382006
18030,-2917.64836904145,0,0,-3693,-17.0708987499499,2.3787745443843103e-11,446.0,346.42252970848097
18031,-3213.2949060857204,0,0,-3696,-50.0401934131853,-237.999999999986,430.802918524926,339.942368802523
18032,-3425.7618264975104,0,0,-3699,-33.767832139098395,-412.228092201389,386.24733008786103,332.986767755117
18033,-3509.9440808168,0,0,-3702,27.1208401707237,-476.0,315.36962440919996,325.565454603275
18034,-3523.51693497539,0,0,-3705,53.0223485015104,-412.22809220141505,223.00000000001802,317.688808724501
18035,-3459.65830714993,0,0,-3708,61.540552414050396,-237.99999999998502,115.43329411571699,309.367846320284
18036,-3403.03204738845,0,0,-3711,7.353747602610559,-2.89193137648097e-11,1.35483339696482e-11,300.61420500895696
18037,-3298.67348757565,0,0,-3714,1.31967899065645,237.99999999998198,-115.43329411571501,291.440127549427
18038,-3228.5093944149,0,0,-3717,17.4040686651429,412.228092201386,-222.999999999995,281.858444718568
18039,-3283.80327141383,0,0,-3720,3.68379562913835,476.0,-315.369624409199,271.882557366228
18040,-3460.11777511397,0,0,-3723,-24.6249549004214,412.228092201391,-386.24733008786103,261.526417672918
18041,-3696.22424247057,0,0,-3726,-28.225833582129198,238.000000000037,-430.802918524919,250.804509636439
18042,-3978.2939926857503,0,0,-3729,-43.0258215004138,-2.0064052669713e-11,-446.0,239.731828814683
18043,-4163.41367401129,0,0,-3732,9.06538316059939,-237.999999999978,-430.802918524928,228.323861353013
18044,-4309.351003428789,0,0,-3735,7.5278565349896205,-412.22809220138396,-386.247330087864,216.596562325463
18045,-4232.965664062729,0,0,-3738,91.8376269263225,-476.0,-315.36962440920297,204.566333420148
18046,-4083.7303131368703,0,0,-3741,100.247779064526,-412.22809220139396,-223.000000000001,192.25
18047,-3910.5089776690997,0,0,-3744,7.25952887562496,-237.999999999994,-115.433294115721,179.664787570994
18048,-3549.0008695104602,0,0,-3747,31.170832798892,-3.91824504067427e-11,-1.8356484119125302e-11,166.828297690702
18049,-3214.86154479197,0,0,-3750,27.946677741332998,238.00000000002004,115.433294115735,153.75848335094
18050,-2973.98230105531,0,0,-3753,3.31598287443839,412.228092201381,222.999999999991,140.47362386888
18051,-2900.43465433276,0,0,-3756,-62.796578063717,476.0,315.369624409195,126.992299321761
18052,-2831.4540697501,0,0,-3759,15.737143399656,412.228092201396,386.24733008785796,113.333364560994
18053,-3009.44752798927,0,0,-3762,-15.7663693561126,237.999999999999,430.802918524925,99.51592284191909
18054,-3240.6301085462896,0,0,-3765,-7.189407652481849,-9.80091602777997e-12,446.0,85.55929910620421
18055,-3505.29163448732,0,0,-3768,-1.5775659664179098,-237.999999999969,430.802918524929,71.48301295414079
18056,-3680.8798360492797,0,0,-3771,58.7941747194876,-412.228092201379,386.247330087866,57.306751344740704
18057,-3862.5556257494395,0,0,-3774,29.0244087796282,-476.0,315.369624409207,43.0503410617222
18058,-3980.12404675052,0,0,-3777,-42.629675533108,-412.228092201399,223.000000000005,28.733720983982
18059,-3989.7251410695703,0,0,-3780,-101.535349384541,-238.000000000003,115.433294115726,14.376914199247802
18060,-3788.72724782192,0,0,-3783,-5.72724782192008,4.66934770681344e-12,-2.18753054331806e-12,-6.597033680905569e-13
18061,-3708.98195339374,0,0,-3786,-31.171745078774098,238.000000000011,-115.43329411572999,-14.3769141992464
18062,-3661.99372418396,0,0,-3789,-33.4880954013702,412.22809220137606,-222.99999999998698,-28.733720983980604
18063,-3669.62450239008,0,0,-3792,4.79546308083779,476.0,-315.369624409192,-43.0503410617208
18064,-3796.29339086951,0,0,-3795,30.032598361687604,412.228092201401,-386.24733008785597,-57.3067513447393
18065,-4051.8862687033397,0,0,-3798,10.3996627757116,238.00000000000801,-430.80291852492303,-71.4830129541394
18066,-4399.30267442755,0,0,-3801,-66.7433753213496,4.622206141530871e-13,-446.0,-85.55929910620291
18067,-4659.970736328371,0,0,-3804,-87.6518949615646,-237.99999999996,-430.80291852492996,-99.5159228419178
18068,-4696.77200489859,0,0,-3807,22.036781951656298,-412.228092201401,-386.24733008785597,-113.333364560992
18069,-4776.2898201445505,0,0,-3810,-47.9278964135833,-476.0,-315.36962440921,-126.99229932176
18070,-4617.8811713487,0,0,-3813,-29.179455278408998,-412.228092201404,-223.000000000009,-140.473623868878
18071,-4330.751008432029,0,0,-3816,-7.55923096534262,-238.00000000001202,-115.43329411572999,-153.75848335094102
18072,-3986.93403262448,0,0,-3819,-1.10573493376825,-5.59378893511962e-12,-2.62061960615898e-12,-166.8282976907
18073,-3610.9169372639294,0,0,-3822,37.314556191335896,238.000000000002,115.433294115725,-179.66478757099
18074,-3313.50145181383,0,0,-3825,68.52045598481651,412.228092201371,222.99999999998198,-192.249999999999
18075,-3222.8948639968394,0,0,-3828,18.3018450141039,476.0,315.369624409206,-204.56633342014703
18076,-3245.25824348586,0,0,-3831,3.8628965503393595,412.228092201406,386.247330087853,-216.596562325462
18077,-3401.44458936087,0,0,-3834,-7.92364653279727,238.00000000001597,430.802918524922,-228.323861353011
18078,-3601.81147080454,0,0,-3837,28.920358010131697,1.0725357256086099e-11,446.0,-239.73182881468202
18079,-3871.41508395127,0,0,-3840,26.586507160243503,-237.999999999998,430.802918524925,-250.804509636437
18080,-4124.5898563989795,0,0,-3843,5.9173233874715105,-412.228092201396,386.24733008785796,-261.526417672917
18081,-4341.0791356768395,0,0,-3846,-62.5662027198289,-476.0,315.369624409214,-271.882557366227
18082,-4346.47581836492,0,0,-3849,-26.389281444956797,-412.22809220138197,222.999999999991,-281.858444718569
18083,-4271.49364957183,0,0,-3852,-5.48681613811825,-238.00000000002103,115.433294115735,-291.440127549426
18084,-4193.94400994839,0,0,-3855,-38.329804939422004,-1.58569255770527e-11,7.428769755636019e-12,-300.614205008956
18085,-4063.1013556010103,0,0,-3858,-18.300215165004,237.99999999999298,-115.433294115721,-309.36784632028304
18086,-4006.5324246732503,0,0,-3861,-17.0717081501449,412.228092201393,-223.0,-317.6888087245
18087,-4012.9637152328205,0,0,-3864,15.9713637796591,476.0,-315.36962440920297,-325.565454603275
18088,-4198.140915636121,0,0,-3867,-24.134909994562,412.22809220141096,-386.247330087851,-332.986767755117
18089,-4457.5013139968,0,0,-3870,-54.756026669381704,238.00000000002498,-430.80291852492104,-339.942368802522
18090,-4689.370897912479,0,0,-3873,-23.9483682040251,2.09884938980192e-11,-446.0,-346.42252970848
18091,-4947.934779035229,0,0,-3876,-50.713673128306596,-237.999999999989,-430.802918524926,-352.418187382005
18092,-5058.06939759108,0,0,-3879,-22.6730189481331,-412.22809220139,-386.24733008786103,-357.920956353696
18093,-5037.57899652365,0,0,-3882,-1.2862316108871399,-476.0,-315.369624409199,-362.92314050356794
18094,-4918.23171516419,0,0,-3885,-30.5858791380337,-412.228092201387,-222.999999999995,-367.417743824771
18095,-4605.31307502885,0,0,-3888,7.51869929506405,-238.00000000002998,-115.43329411574,-371.398480208146
18096,-4233.286773638511,0,0,-3891,32.5730085954359,-2.6120062218985698e-11,-1.22369199051131e-11,-374.859782233911
18097,-3853.68274736875,0,0,-3894,64.6807674737452,237.99999999998403,115.433294115716,-377.796808958199
18098,-3635.3279181440203,0,0,-3897,6.64944233815271,412.228092201388,222.999999999996,-380.205452683562
18099,-3460.67447656403,0,0,-3900,30.0382437307228,476.0,315.36962440919996,-382.08234470395104
18100,-3473.39431967156,0,0,-3903,14.555118055341302,412.228092201417,386.24733008784796,-383.424860016164
18101,-3659.29168393894,0,0,-3906,-37.863481472715996,237.99999999998698,430.802918524926,-384.231120991139
18102,-3883.7596713456896,0,0,-3909,-36.2596713457245,3.12516305399523e-11,446.0,-384.5
18103,-4136.74700405823,0,0,-3912,-33.318801592034895,-237.99999999997996,430.802918524927,-384.231120991139
18104,-4297.3249251325105,0,0,-3915,27.0806969971802,-412.228092201385,386.247330087863,-383.424860016164
18105,-4461.678608670871,0,0,-3918,-0.9658883761196801,-476.0,315.369624409202,-382.082344703952
18106,-4502.948235773971,0,0,-3921,-12.5146908890205,-412.228092201392,222.999999999999,-380.205452683562
18107,-4396.846758450561,0,0,-3924,27.516756391937598,-238.000000000039,115.433294115744,-377.796808958199
18108,-4340.50514672814,0,0,-3927,-38.6453644942385,1.7731735894570396e-11,-8.30709475733027e-12,-374.859782233911
18109,-4179.86882442764,0,0,-3930,-1.0370501037596702,237.999999999976,-115.43329411571199,-371.398480208148
18110,-4092.3970165009996,0,0,-3933,18.792635122385498,412.228092201383,-222.99999999999199,-367.41774382477206
18111,-4119.32637543965,0,0,-3936,18.9663894731107,476.0,-315.36962440919604,-362.92314050356697
18112,-4298.01111230514,0,0,-3939,-27.0709180650196,412.228092201422,-386.24733008784597,-357.92095635369697
18113,-4450.1317084054,0,0,-3942,37.0893975015395,237.999999999996,-430.802918524925,-352.418187382006
18114,-4763.46487928243,0,0,-3945,-26.0423495739344,-1.2600167573603901e-11,-446.0,-346.42252970848
18115,-4914.16452019136,0,0,-3948,42.5807671360595,-237.999999999971,-430.802918524928,-339.942368802523
18116,-5108.09093576585,0,0,-3951,-25.628745721484698,-412.22809220138,-386.247330087866,-332.986767755117
18117,-5077.12020934925,0,0,-3954,-6.1851303367895305,-476.0,-315.369624409188,-325.565454603275
18118,-4889.88666885816,0,0,-3957,20.03023206774,-412.22809220139703,-223.000000000004,-317.6888087245
18119,-4627.1329067886,0,0,-3960,-4.3317663525943395,-238.000000000001,-115.433294115725,-309.367846320284
18120,-4234.750534582539,0,0,-3963,28.863670426492,-4.66463355028519e-11,-2.1853220204067103e-11,-300.61420500896
18121,-3884.2398054243395,0,0,-3966,19.7670280094141,237.999999999967,115.433294115707,-291.440127549428
18122,-3649.6782347396797,0,0,-3969,-34.0478822225213,412.22809220140505,223.00000000001,-281.858444718569
18123,-3475.24325207653,0,0,-3972,-22.730319119497103,476.0,315.369624409193,-271.882557366229
18124,-3396.51691770083,0,0,-3975,41.5340776828305,412.2280922014,386.24733008785597,-261.526417672919
18125,-3567.50907918992,0,0,-3978,-7.507488078413889,238.000000000005,430.802918524924,-250.80450963643798
18126,-3795.79958672738,0,0,-3981,-21.0677579127446,5.17779038238184e-11,446.0,-239.73182881468398
18127,-4058.30161556133,0,0,-3984,-38.780672733231,-238.000000000009,430.80291852492303,-228.323861353012
18128,-4277.07495220377,0,0,-3987,-47.4976277647617,-412.228092201402,386.247330087855,-216.596562325462
18129,-4360.50744057081,0,0,-3990,-5.31073155987626,-476.0,315.369624409209,-204.56633342014703
18130,-4316.660405263529,0,0,-3993,57.8176869378621,-412.228092201402,223.00000000000801,-192.249999999999
18131,-4229.2932987534205,0,0,-3996,68.9381947018765,-238.000000000056,115.433294115754,-179.66478757099497
18132,-4071.4606122502,0,0,-3999,94.3676854405057,-2.7945373892956803e-12,1.3092055416238202e-12,-166.82829769070298
18133,-4051.3708911152703,0,0,-4002,-18.1791136486098,238.000000000005,-115.43329411572701,-153.75848335094102
18134,-3929.09226650085,0,0,-4005,27.153265166642104,412.228092201373,-222.99999999998403,-140.473623868881
18135,-3959.4006397480102,0,0,-4008,14.9612839829391,476.0,-315.369624409189,-126.992299321763
18136,-4096.32245427227,0,0,-4011,2.03014817520986,412.22809220137805,-386.247330087867,-113.333364560993
18137,-4319.1434715742,0,0,-4014,-12.824630207372902,238.000000000014,-430.802918524922,-99.51592284192051
18138,-4557.7292753273205,0,0,-4017,-9.169976221122019,7.92610571026221e-12,-446.0,-85.559299106203
18139,-4781.48140154741,0,0,-4020,-21.1954700683453,-238.0,-430.802918524924,-71.4830129541395
18140,-4858.43947075357,0,0,-4023,20.3427028804083,-412.22809220137003,-386.24733008787,-57.306751344739396
18141,-4849.72923099358,0,0,-4026,10.6907344773348,-476.0,-315.369624409195,-43.05034106172089
18142,-4671.69371969008,0,0,-4029,21.2680934953251,-412.22809220140704,-223.00000000001202,-28.733720983983396
18143,-4402.174969459829,0,0,-4032,-2.3647611448292998,-238.00000000001802,-115.433294115734,-14.376914199249198
18144,-4059.10289269841,0,0,-4035,-24.1028926983853,-1.30576740312287e-11,-6.117355691100861e-12,-7.53402710835452e-13
18145,-3696.05033872497,0,0,-4038,-25.860547039858197,237.999999999949,115.43329411569799,14.376914199245
18146,-3401.57558348289,0,0,-4041,-24.5373966682683,412.22809220139396,223.000000000001,28.7337209839792
18147,-3202.1793547015004,0,0,-4044,7.400679827572381,476.0,315.369624409204,43.0503410617221
18148,-3218.2650807792797,0,0,-4047,-27.047254413281497,412.22809220141,386.247330087852,57.306751344737904
18149,-3349.2129452452195,0,0,-4050,-39.49887672430361,238.000000000023,430.80291852492104,71.4830129541407
18150,-3533.2736455267896,0,0,-4053,-11.832944632953401,-3.5925692403294e-11,446.0,85.5592991062041
18151,-3750.56388419341,0,0,-4056,13.1172744397347,-237.999999999991,430.802918524926,99.5159228419164
18152,-3946.72697048975,0,0,-4059,24.9204270627873,-412.228092201392,386.24733008786,113.333364560994
18153,-4086.8429533060103,0,0,-4062,8.79512296301529,-476.0,315.369624409216,126.99229932175899
18154,-4061.25664861779,0,0,-4065,52.497819714730504,-412.22809220141295,223.00000000001597,140.47362386887698
18155,-4034.26740396611,0,0,-4068,2.54081856721295,-237.99999999997996,115.43329411571399,153.75848335094
18156,-3878.8258829716706,0,0,-4071,25.3458193376437,-2.33208106731618e-11,1.09255058405779e-11,166.828297690699
18157,-3760.3071559457503,0,0,-4074,11.4613505989908,237.99999999998698,-115.43329411571699,179.66478757099202
18158,-3717.94723239546,0,0,-4077,-22.425324596853,412.228092201389,-222.999999999997,192.25
18159,-3655.89155797233,0,0,-4080,58.9117330167039,476.0,-315.369624409183,204.56633342014598
18160,-3906.60480905,0,0,-4083,-66.1821334889859,412.228092201388,-386.247330087862,216.596562325463
18161,-4003.07583972747,0,0,-4086,47.403217444456395,237.99999999998502,-430.802918524927,228.323861353013
18162,-4289.09497466727,0,0,-4089,6.173196518023571,2.84523789941283e-11,-446.0,239.73182881468102
18163,-4484.4645122682205,0,0,-4092,25.5338966202485,-237.99999999998198,-430.802918524927,250.80450963643798
18164,-4655.2789467898,0,0,-4095,-23.3299421734832,-412.22809220136,-386.24733008787496,261.526417672916
18165,-4604.877242090511,0,0,-4098,12.6098249524622,-476.0,-315.36962440920104,271.882557366226
18166,-4480.20684042645,0,0,-4101,-25.8371929436326,-412.228092201391,-222.999999999998,281.858444718568
18167,-4184.87091680711,0,0,-4104,-18.8777502407526,-238.000000000036,-115.43329411574301,291.44012754942503
18168,-3770.48259492725,0,0,-4107,35.9032000638399,-3.35839473150949e-11,-1.5733655990054902e-11,300.61420500895696
18169,-3465.53483934752,0,0,-4110,-18.335979783562102,238.00000000002498,115.433294115737,309.367846320284
18170,-3245.84813637065,0,0,-4113,-85.7650372965303,412.22809220138396,222.99999999999298,317.68880872449904
18171,-3014.0838131148103,0,0,-4116,-15.018892127285,476.0,315.369624409197,325.565454603275
18172,-2930.23355805504,0,0,-4119,57.3042519005902,412.228092201393,386.247330087859,332.986767755117
18173,-3090.23147823442,0,0,-4122,23.023234438098804,238.000000000041,430.802918524919,339.942368802521
18174,-3273.9817258556604,0,0,-4125,58.59574443587271,-1.53994191194278e-11,446.0,346.42252970848
18175,-3536.0972973001503,0,0,-4128,46.681596792893494,-237.999999999974,430.802918524928,352.418187382005
18176,-3795.9412325266,0,0,-4131,3.11857323322056,-412.22809220138197,386.247330087865,357.920956353696
18177,-3905.2194379001003,0,0,-4134,26.4877971871251,-476.0,315.369624409205,362.92314050356697
18178,-3911.1064629728703,0,0,-4137,47.7038854037609,-412.228092201423,223.000000000024,367.417743824771
18179,-3874.95280013879,0,0,-4140,16.2154255373343,-237.999999999998,115.433294115723,371.39848020814696
18180,-3779.88023132989,0,0,-4143,-11.7400135638106,1.0267850798461301e-11,-4.81035867238839e-12,374.859782233911
18181,-3598.7175586092894,0,0,-4146,46.9189265482487,237.999999999969,-115.43329411570801,377.796808958199
18182,-3590.2645981998708,0,0,-4149,-10.6981430848235,412.228092201379,-222.999999999989,380.205452683562
18183,-3639.09505955367,0,0,-4152,-29.8077798484149,476.0,-315.369624409212,382.082344703952
18184,-3758.86589960516,0,0,-4155,-13.271521734869198,412.228092201398,-386.247330087857,383.424860016164
18185,-3936.29895368525,0,0,-4158,30.2728438485322,238.000000000003,-430.802918524924,384.231120991139
18186,-4188.49481488959,0,0,-4161,34.0051851103655,4.89786522779944e-11,-446.0,384.5
18187,-4391.743957445829,0,0,-4164,56.827840087926795,-237.99999999996498,-430.802918524929,384.231120991139
18188,-4580.2091265543795,0,0,-4167,1.8414357187107102,-412.228092201404,-386.247330087855,383.424860016164
18189,-4579.2554856035995,0,0,-4170,0.031794101654199,-476.0,-315.369624409208,382.082344703952
18190,-4433.95395313506,0,0,-4173,-5.93131361721809,-412.228092201401,-223.00000000000702,380.205452683562
18191,-4156.48269810752,0,0,-4176,-4.84621294998658,-238.00000000000702,-115.433294115728,377.796808958199
18192,-3850.5423368875395,0,0,-4179,-46.4021191213764,-5.411022059896101e-11,-2.5349956289008998e-11,374.859782233911
18193,-3426.10858780737,0,0,-4182,31.059637868748197,238.00000000000702,115.433294115728,371.39848020814696
18194,-3207.42593178674,0,0,-4185,-25.0717678129142,412.228092201401,223.00000000000702,367.417743824771
18195,-3029.28189204263,0,0,-4188,4.4253430446116795,476.0,315.36962440919,362.92314050356794
18196,-3047.50710481714,0,0,-4191,-12.9034834600955,412.228092201404,386.247330087855,357.92095635369697
18197,-3135.14945558797,0,0,-4194,37.6294385050502,238.00000000005798,430.802918524916,352.418187382007
18198,-3428.21391849497,0,0,-4197,-23.6364482034563,5.12685416443827e-12,446.0,346.42252970848097
18199,-3643.07826297275,0,0,-4200,24.1764496998065,-238.000000000003,430.802918524924,339.942368802523
18200,-3911.2084620638,0,0,-4203,-15.214467705413899,-412.228092201371,386.24733008787,332.98676775511797
18201,-4052.4227359959496,0,0,-4206,-11.357815008440499,-476.0,315.369624409212,325.565454603275
18202,-4151.46499287186,0,0,-4209,-70.92570939497409,-412.228092201379,222.999999999989,317.6888087245
18203,-3999.7422273943203,0,0,-4212,25.4566321696765,-238.00000000001597,115.43329411573299,309.367846320286
18204,-3942.4482569541706,0,0,-4215,-28.0624619631183,-1.0258422485404801e-11,4.805941626565701e-12,300.61420500895696
18205,-3779.34220421663,0,0,-4218,24.650962349667395,237.999999999998,-115.433294115723,291.44012754942503
18206,-3693.1423601584997,0,0,-4221,56.7711029215437,412.228092201369,-222.99999999998101,281.85844471857
18207,-3831.42358390531,0,0,-4224,-39.9365168623351,476.0,-315.369624409205,271.882557366228
18208,-3944.7281010591205,0,0,-4227,-5.2352808455992506,412.22809220140897,-386.247330087852,261.52641767292005
18209,-4141.0769019852505,0,0,-4230,30.9215069032103,238.00000000002004,-430.802918524922,250.804509636439
18210,-4447.17890723443,0,0,-4233,-7.910736049131369,1.53899908063713e-11,-446.0,239.731828814683
18211,-4619.93525111497,0,0,-4236,56.5438060568937,-237.99999999994702,-430.802918524932,228.323861353013
18212,-4862.32742977034,0,0,-4239,-41.4485698065531,-412.228092201393,-386.247330087859,216.596562325463
18213,-4851.48374900876,0,0,-4242,-22.6804580197095,-476.0,-315.369624409197,204.56633342014598
18214,-4727.62098218916,0,0,-4245,-39.6428899877399,-412.22809220141096,-223.00000000001498,192.250000000003
18215,-4391.35297224565,0,0,-4248,30.415534299123202,-238.00000000002498,-115.433294115737,179.66478757099202
18216,-4071.2062378404707,0,0,-4251,12.965464468782802,3.35933756281514e-11,1.57380730358776e-11,166.828297690699
18217,-3768.23459051784,0,0,-4254,-21.4263679844889,237.999999999989,115.433294115719,153.75848335094202
18218,-3500.58318850789,0,0,-4257,-19.2849045781583,412.228092201391,222.999999999998,140.47362386888
18219,-3353.37423864419,0,0,-4260,-11.736162375154901,476.0,315.36962440920104,126.992299321762
18220,-3396.82989773792,0,0,-4263,-45.6386845881751,412.22809220141403,386.24733008785006,113.333364560994
18221,-3446.5870391975395,0,0,-4266,51.094119435626496,237.99999999998198,430.802918524927,99.5159228419192
18222,-3697.6900426981606,0,0,-4269,39.750658195609205,2.56531274483044e-11,446.0,85.5592991062043
18223,-3992.7452500154704,0,0,-4272,14.9688185054495,-237.99999999998502,430.802918524927,71.4830129541409
18224,-4218.91354003024,0,0,-4275,24.7604707385432,-412.228092201388,386.247330087862,57.3067513447381
18225,-4382.88366924862,0,0,-4278,12.6963652804385,-476.0,315.369624409219,43.050341061725
18226,-4417.31140835757,0,0,-4281,24.1829628598428,-412.228092201389,222.999999999997,28.7337209839821
18227,-4339.214850279621,0,0,-4284,52.974941405405104,-237.99999999998698,115.43329411571699,14.376914199245201
18228,-4234.9363125469,0,0,-4287,52.0636874531122,-3.07846957692709e-11,1.44222419255198e-11,2.16650878976146e-12
18229,-4174.9146408060205,0,0,-4290,6.89556750895556,237.99999999997996,-115.43329411571399,-14.376914199246302
18230,-4145.7382010511,0,0,-4293,-13.232572268521302,412.22809220141295,-223.00000000001597,-28.733720983980497
18231,-4270.013851832,0,0,-4296,-91.59388636107859,476.0,-315.369624409198,-43.05034106172071
18232,-4355.02805202188,0,0,-4299,-24.702062790668602,412.228092201392,-386.24733008786,-57.3067513447392
18233,-4589.76065547415,0,0,-4302,-23.4747239951253,238.000000000038,-430.802918524919,-71.4830129541393
18234,-4845.968395437199,0,0,-4305,-9.409096331031039,3.59162640902374e-11,-446.0,-85.55929910620279
18235,-5056.36435477599,0,0,-4308,19.9544865908726,-238.000000000023,-430.80291852492104,-99.5159228419203
18236,-5302.86580760725,0,0,-4311,-80.05702075701541,-412.228092201383,-386.247330087864,-113.33336456098999
18237,-5201.410428010329,0,0,-4314,30.9514957206377,-476.0,-315.369624409204,-126.99229932176
18238,-5081.625366373621,0,0,-4317,11.0763496966522,-412.22809220139396,-223.000000000001,-140.473623868881
18239,-4885.56501519598,0,0,-4320,-58.373237729249404,-238.000000000043,-115.43329411574699,-153.758483350938
18240,-4439.147771784779,0,0,-4323,50.680525905898705,1.3067102344285301e-11,6.1217727369235505e-12,-166.8282976907
18241,-4127.95315379442,0,0,-4326,24.2783396608201,238.00000000001802,115.433294115734,-179.664787570993
18242,-3910.3687025989,0,0,-4329,-24.3467948002678,412.22809220138,222.99999999999,-192.249999999999
18243,-3729.68997104486,0,0,-4332,15.5067379660924,476.0,315.369624409195,-204.56633342014703
18244,-3676.7425788398295,0,0,-4335,76.37856119636159,412.22809220142403,386.247330087845,-216.596562325462
18245,-3921.5111727181898,0,0,-4338,-23.9902298901008,238.0,430.802918524924,-228.323861353011
18246,-4164.1772050522995,0,0,-4341,-29.4453762376131,-7.935534023318718e-12,446.0,-239.73182881468398
18247,-4467.001590083611,0,0,-4344,-64.9999989721377,-237.999999999967,430.802918524929,-250.804509636435
18248,-4624.2741069432,0,0,-4347,10.233072843230099,-412.22809220137805,386.247330087867,-261.526417672917
18249,-4823.321885283621,0,0,-4350,-40.8089523265863,-476.0,315.369624409189,-271.882557366227
18250,-4815.58561028484,0,0,-4353,8.50092663512176,-412.2280922014,223.000000000005,-281.858444718567
18251,-4732.30409455033,0,0,-4356,37.702738883371396,-238.000000000005,115.43329411572701,-291.440127549426
18252,-4700.2235241071,0,0,-4359,-40.609319098148205,2.80396570235219e-12,-1.31362258744651e-12,-300.61420500895804
18253,-4600.99151442053,0,0,-4362,-52.19037398450129,237.999999999963,-115.433294115705,-309.36784632028304
18254,-4464.61188013522,0,0,-4365,28.848836387881498,412.228092201402,-223.00000000000801,-317.6888087245
18255,-4544.67428986902,0,0,-4368,-11.739210856553099,476.0,-315.36962440919103,-325.565454603273
18256,-4653.5615817341495,0,0,-4371,24.444423907416397,412.228092201402,-386.247330087855,-332.986767755117
18257,-4905.76984931669,0,0,-4374,0.975438010750277,238.000000000009,-430.80291852492303,-339.942368802523
18258,-5179.8802695838,0,0,-4377,-10.457739875382801,5.6442537374103604e-11,-446.0,-346.422529708479
18259,-5442.9222573578,0,0,-4380,-41.70115145087029,-238.000000000005,-430.802918524924,-352.418187382005
18260,-5511.38874197697,0,0,-4383,28.007636665977397,-412.2280922014,-386.24733008785597,-357.920956353696
18261,-5549.718095726589,0,0,-4386,-9.42533081381188,-476.0,-315.369624409211,-362.92314050356697
18262,-5380.58427658741,0,0,-4389,11.061559438773902,-412.22809220140505,-223.00000000001,-367.417743824771
18263,-5084.53646748216,0,0,-4392,32.2953068416563,-237.999999999967,-115.433294115707,-371.39848020814696
18264,-4754.04471736005,0,0,-4395,15.815064873868401,-7.459170939580861e-12,-3.49452756203053e-12,-374.859782233911
18265,-4369.57933220721,0,0,-4398,52.784182635265104,238.000000000001,115.433294115725,-377.796808958199
18266,-4139.90043008896,0,0,-4401,6.07693039324912,412.22809220137003,222.99999999998198,-380.205452683561
18267,-3954.2273734732703,0,0,-4404,40.485346821491,476.0,315.369624409188,-382.082344703952
18268,-3987.09515887051,0,0,-4407,4.854278856404269,412.22809220138,386.247330087866,-383.424860016164
18269,-4123.83501201934,0,0,-4410,1.59319044685411,238.00000000001802,430.802918524922,-384.231120991139
18270,-4369.98342044838,0,0,-4413,-18.4834204483907,1.25907392605474e-11,446.0,-384.5
18271,-4578.86102311255,0,0,-4416,28.5671793536607,-237.999999999996,430.802918524925,-384.231120991139
18272,-4809.94719919617,0,0,-4419,18.4584229334894,-412.22809220136804,386.24733008787103,-383.424860016164
18273,-4929.44784259567,0,0,-4422,35.2648776990817,-476.0,315.36962440919604,-382.082344703952
18274,-4981.11042179582,0,0,-4425,13.323123089128401,-412.228092201383,222.99999999999199,-380.205452683562
18275,-4948.63353320637,0,0,-4428,-20.2700183638815,-238.000000000022,115.433294115736,-377.796808958199
18276,-4858.85182591789,0,0,-4431,-52.992043683964994,-1.7722307581513898e-11,8.30267771150757e-12,-374.859782233911
18277,-4614.6460723431,0,0,-4434,68.1857019808029,237.999999999945,-115.433294115695,-371.398480208148
18278,-4567.67066782625,0,0,-4437,47.5189837971311,412.228092201392,-222.999999999999,-367.41774382477206
18279,-4566.182125124171,0,0,-4440,76.1106397886043,476.0,-315.369624409202,-362.92314050356697
18280,-4750.12374315908,0,0,-4443,24.8164510810532,412.228092201412,-386.24733008785006,-357.920956353698
18281,-5004.8609651011,0,0,-4446,-13.6398591941995,238.000000000027,-430.80291852492104,-352.418187382006
18282,-5280.04646685454,0,0,-4449,-38.623937146024794,-3.1261058853008804e-11,-446.0,-346.42252970848
18283,-5369.1183188554205,0,0,-4452,91.626968472015,-237.99999999998698,-430.802918524926,-339.942368802523
18284,-5599.05085261322,0,0,-4455,-12.588662568857,-412.22809220139,-386.24733008786103,-332.986767755117
18285,-5560.36024283031,0,0,-4458,14.5748361821644,-476.0,-315.36962440919996,-325.565454603275
18286,-5427.64603770471,0,0,-4461,-13.7291367787744,-412.22809220141505,-223.00000000001802,-317.6888087245
18287,-5154.30141164773,0,0,-4464,-27.5002712117413,-237.99999999998403,-115.433294115716,-309.367846320284
18288,-4773.67832996964,0,0,-4467,-6.06412496064137,-2.7985444223447e-11,-1.3110827860984598e-11,-300.61420500896
18289,-4423.7515828488595,0,0,-4470,-15.744749415134198,237.99999999998298,115.43329411571501,-291.440127549428
18290,-4019.0676457452705,0,0,-4473,100.562706771919,412.228092201387,222.999999999995,-281.858444718567
18291,-3902.8597389654997,0,0,-4476,53.6531939915446,476.0,315.369624409181,-271.882557366229
18292,-3947.7754369949,0,0,-4479,-5.724441611228941,412.22809220139,386.24733008786103,-261.526417672919
18293,-4057.1174290339795,0,0,-4482,6.88416207754559,237.999999999989,430.802918524926,-250.80450963643798
18294,-4298.21668686752,0,0,-4485,-19.484858052872,3.31170125444135e-11,446.0,-239.73182881468398
18295,-4485.56676711723,0,0,-4488,37.9541757108374,-237.999999999978,430.802918524927,-228.323861353012
18296,-4745.96626398264,0,0,-4491,-12.388939543617301,-412.22809220141096,386.247330087851,-216.596562325462
18297,-4889.70778770433,0,0,-4494,-30.5110786933848,-476.0,315.36962440920297,-204.56633342014703
18298,-4851.12690078181,0,0,-4497,27.351191419581898,-412.228092201393,223.0,-192.249999999999
18299,-4889.280586465789,0,0,-4500,-87.0490930105011,-238.00000000004,115.43329411574499,-179.66478757099497
18300,-4680.27677702508,0,0,-4503,-10.448479334358598,-3.824858086538e-11,1.79189780104617e-11,-166.82829769070298
18301,-4515.47782187546,0,0,-4506,21.713955591195802,238.00000000002103,-115.433294115735,-153.75848335094102
18302,-4486.4368965268495,0,0,-4509,-26.1913648593637,412.22809220138197,-222.999999999991,-140.473623868881
18303,-4452.47940494691,0,0,-4512,25.8825187840492,476.0,-315.36962440919604,-126.992299321763
18304,-4646.44829292084,0,0,-4515,-44.09569047338739,412.228092201396,-386.24733008785796,-113.333364560993
18305,-4819.6529256268395,0,0,-4518,-9.33408426004944,238.00000000004502,-430.80291852491797,-99.51592284192058
18306,-5022.4535873688,0,0,-4521,30.105711737417604,-1.0734785569142699e-11,-446.0,-85.559299106203
18307,-5258.893927672871,0,0,-4524,5.392003806205291,-238.00000000001597,-430.802918524922,-71.4830129541396
18308,-5421.01673850904,0,0,-4527,-38.2345648750576,-412.228092201379,-386.247330087866,-57.3067513447395
18309,-5386.01964995502,0,0,-4530,-21.5996844840945,-476.0,-315.369624409206,-43.050341061721
18310,-5205.20138635516,0,0,-4533,-8.23957316972023,-412.228092201425,-223.000000000026,-28.7337209839835
18311,-4934.13915935325,0,0,-4536,-30.3289510382695,-238.000000000002,-115.433294115725,-14.3769141992493
18312,-4491.2895585183505,0,0,-4539,47.71044148164761,5.60321724817613e-12,2.62503665198167e-12,-8.475780496898829e-13
18313,-4126.078958743279,0,0,-4542,48.11083294180101,237.99999999996498,115.433294115706,14.376914199244899
18314,-3880.9520955948497,0,0,-4545,0.0860912198122596,412.228092201377,222.99999999998698,28.7337209839791
18315,-3769.7018389127293,0,0,-4548,-56.121804383663104,476.0,315.36962440921,43.050341061722
18316,-3736.47157274928,0,0,-4551,-41.253746383274496,412.228092201401,386.24733008785597,57.3067513447378
18317,-3860.5885705112396,0,0,-4554,-46.8745019903144,238.00000000000702,430.802918524924,71.48301295414059
18318,-4101.3492278349795,0,0,-4557,-75.9085269411814,-4.71648927209601e-13,446.0,85.5592991062041
18319,-4376.41179596858,0,0,-4560,-108.730637335473,-237.999999999961,430.80291852492996,99.51592284191901
18320,-4470.63229388095,0,0,-4563,5.01510367160233,-412.228092201401,386.24733008785597,113.333364560994
18321,-4576.8666317669895,0,0,-4566,22.771444502044,-476.0,315.36962440921,126.99229932175899
18322,-4582.27379043224,0,0,-4569,35.4806779002742,-412.22809220140294,223.000000000009,140.47362386887698
18323,-4536.9021612939205,0,0,-4572,3.90606123941773,-238.000000000011,115.43329411572999,153.75848335094
18324,-4508.044269369891,0,0,-4575,-99.8725670605595,-5.87748541492462e-11,2.75352783094157e-11,166.828297690699
18325,-4290.57379101739,0,0,-4578,-14.805284472659302,238.000000000003,-115.433294115726,179.664787570991
18326,-4206.57028548531,0,0,-4581,-7.0483776867052494,412.228092201399,-223.000000000005,192.25
18327,-4174.13444755939,0,0,-4584,44.6688434296534,476.0,-315.369624409189,204.56633342014598
18328,-4345.43060541421,0,0,-4587,-1.00792985322355,412.228092201406,-386.247330087854,216.596562325463
18329,-4611.481100303279,0,0,-4590,-57.00204313132979,237.999999999969,-430.802918524929,228.323861353012
18330,-4756.78289572355,0,0,-4593,42.4852754617555,9.791487714723461e-12,-446.0,239.73182881468102
18331,-5020.019763816529,0,0,-4596,-6.02135492804866,-237.999999999999,-430.802918524925,250.80450963643798
18332,-5135.43181001359,0,0,-4599,0.517194602735798,-412.228092201369,-386.24733008787103,261.526417672916
18333,-5099.51534469308,0,0,-4602,21.971722349910603,-476.0,-315.369624409213,271.882557366226
18334,-5028.891051067751,0,0,-4605,-70.5214035849477,-412.228092201381,-222.999999999991,281.858444718568
18335,-4673.47245014815,0,0,-4608,-3.4792835818210297,-238.00000000002004,-115.433294115735,291.44012754942503
18336,-4359.26358748947,0,0,-4611,-48.8777924984028,-1.4923056035690002e-11,-6.991263646972411e-12,300.61420500895696
18337,-3972.71887782521,0,0,-4614,-21.520018261209103,237.999999999994,115.433294115721,309.367846320284
18338,-3621.59653601325,0,0,-4617,42.4865630609047,412.22809220136594,222.99999999997897,317.68880872449904
18339,-3488.5222497012896,0,0,-4620,14.5426712862307,476.0,315.36962440920297,325.565454603275
18340,-3485.01948606092,0,0,-4623,6.518323894713331,412.22809220138396,386.247330087864,332.986767755117
18341,-3573.0410216855103,0,0,-4626,44.2136909870253,238.000000000024,430.80291852492104,339.942368802521
18342,-3887.65918375993,0,0,-4629,-51.081713468435,2.00546243566565e-11,446.0,346.42252970848097
18343,-4119.5766821527,0,0,-4632,-32.7977880596965,-237.99999999994301,430.802918524932,352.418187382005
18344,-4330.9573332092705,0,0,-4635,-27.897527449439398,-412.228092201391,386.24733008786103,357.920956353696
18345,-4419.69011617541,0,0,-4638,16.0171189118241,-476.0,315.369624409199,362.92314050356697
18346,-4445.48005718321,0,0,-4641,17.3302911934111,-412.22809220141403,223.00000000001702,367.417743824771
18347,-4432.06287775172,0,0,-4644,-36.8946520755722,-238.000000000029,115.433294115739,371.39848020814696
18348,-4243.76659962129,0,0,-4647,28.373618144781602,2.8928742077866196e-11,-1.3552751015470902e-11,374.859782233911
18349,-4145.62071306065,0,0,-4650,4.015772096885181,237.99999999998502,-115.43329411571699,377.796808958199
18350,-4073.5173145764898,0,0,-4653,10.0491405385575,412.228092201388,-222.999999999996,380.205452683562
18351,-4124.12936993557,0,0,-4656,-10.8420902303262,476.0,-315.36962440919996,382.082344703952
18352,-4272.06697810685,0,0,-4659,-22.472600236584395,412.228092201416,-386.247330087849,383.424860016164
18353,-4469.96514779067,0,0,-4662,0.606649743135759,237.999999999986,-430.802918524926,384.231120991139
18354,-4773.9195667122995,0,0,-4665,-47.419566712332795,3.0317760998589604e-11,-446.0,384.5
18355,-4991.3714632498995,0,0,-4668,-38.7996657161341,-237.99999999998101,-430.802918524927,384.231120991139
18356,-5058.85340056068,0,0,-4671,27.1971617124101,-412.228092201386,-386.247330087863,383.424860016164
18357,-5073.81469356736,0,0,-4674,9.472586137902981,-476.0,-315.36962440922,382.082344703952
18358,-4908.65230821808,0,0,-4677,23.3703312997523,-412.228092201392,-222.999999999999,380.205452683562
18359,-4613.95614786421,0,0,-4680,41.6803372932964,-237.999999999991,-115.43329411571999,377.796808958199
18360,-4251.89891266912,0,0,-4683,56.241305097020906,-3.54493293195561e-11,-1.66075639459265e-11,374.859782233911
18361,-3939.8370651940995,0,0,-4686,21.331160482062604,237.999999999976,115.43329411571199,371.39848020814696
18362,-3724.96383936813,0,0,-4689,-38.6096753943241,412.22809220141,223.000000000014,367.417743824771
18363,-3530.5179072439,0,0,-4692,7.1893278433382495,476.0,315.369624409197,362.92314050356794
18364,-3551.19106567926,0,0,-4695,-12.5874443222104,412.22809220139396,386.247330087859,357.92095635369697
18365,-3654.9030709591298,0,0,-4698,21.8758231339045,238.000000000042,430.802918524919,352.418187382007
18366,-3926.7272395384603,0,0,-4701,-18.149769246985,4.058089764052261e-11,446.0,346.42252970848097
18367,-4167.132308936911,0,0,-4704,4.1224037356609795,-238.00000000001899,430.802918524922,339.942368802523
18368,-4419.240534623879,0,0,-4707,-19.246540265485198,-412.228092201381,386.247330087865,332.98676775511797
18369,-4535.5102072995505,0,0,-4710,9.554713687969949,-476.0,315.369624409206,325.565454603276
18370,-4597.59445224068,0,0,-4713,-13.0551687637869,-412.22809220139703,223.000000000003,317.6888087245
18371,-4609.5088000143705,0,0,-4716,-80.30994045035929,-238.000000000047,115.43329411574899,309.367846320284
18372,-4403.03445209502,0,0,-4719,15.3513428960133,8.40246879400007e-12,-3.93645071651684e-12,300.61420500895696
18373,-4298.54538977451,0,0,-4722,9.44777679177918,238.000000000014,-115.433294115732,291.440127549426
18374,-4228.562481439621,0,0,-4725,25.3509816404219,412.22809220137805,-222.99999999998798,281.85844471857
18375,-4310.75210719596,0,0,-4728,-15.265040152992,476.0,-315.369624409193,271.882557366228
18376,-4425.727191132621,0,0,-4731,17.7656290808728,412.228092201426,-386.24733008784403,261.526417672921
18377,-4671.76411539335,0,0,-4734,4.2342934951266,238.000000000004,-430.802918524924,250.804509636439
18378,-4958.62947161823,0,0,-4737,-15.361300432910399,-3.27090047303354e-12,-446.0,239.731828814683
18379,-5215.07585117697,0,0,-4740,-34.596794005092,-237.999999999963,-430.80291852492996,228.323861353013
18380,-5305.09257685654,0,0,-4743,19.7862831072374,-412.22809220137606,-386.24733008786797,216.596562325463
18381,-5276.11132697479,0,0,-4746,56.6919640142525,-476.0,-315.36962440919103,204.56633342014598
18382,-5195.94013093901,0,0,-4749,-3.9620387376000603,-412.228092201402,-223.00000000000702,192.250000000003
18383,-4919.3650130284705,0,0,-4752,6.4034935162782,-238.000000000009,-115.43329411572901,179.66478757099202
18384,-4590.77381065265,0,0,-4755,-2.60210834334545,-1.8606678479329903e-12,-8.716994329602041e-13,166.828297690699
18385,-4287.23576669123,0,0,-4758,-36.4275441578376,237.999999999959,115.43329411570299,153.75848335094298
18386,-3947.16666025432,0,0,-4761,38.1316236753927,412.2280922014,223.000000000006,140.47362386888
18387,-3881.1568686050605,0,0,-4764,-35.518792336015295,476.0,315.36962440919,126.992299321764
18388,-3869.56092941448,0,0,-4767,-14.369716264733,412.228092201404,386.247330087854,113.333364560994
18389,-4035.63754568998,0,0,-4770,-33.956387056834195,238.00000000001302,430.80291852492303,99.51592284191929
18390,-4227.153020921271,0,0,-4773,14.287679972461698,6.11071709243887e-11,446.0,85.5592991062044
18391,-4554.45104014154,0,0,-4776,-42.7369716205995,-238.000000000001,430.802918524924,71.483012954141
18392,-4717.682482163521,0,0,-4779,29.9915286052839,-412.22809220139703,386.247330087857,57.30675134473821
18393,-4857.9917569156,0,0,-4782,41.5882776134643,-476.0,315.369624409212,43.0503410617251
18394,-4902.608615018429,0,0,-4785,42.8857561989847,-412.22809220140704,223.00000000001202,28.733720983979396
18395,-4913.34874643214,0,0,-4788,-17.1589547471235,-237.999999999971,115.433294115709,14.376914199245201
18396,-4805.3139921333395,0,0,-4791,-14.313992133336802,-1.21238044898661e-11,5.67984958243725e-12,2.2606841286158904e-12
18397,-4764.02394627159,0,0,-4794,-78.2137379566135,237.999999999997,-115.433294115722,-14.3769141992462
18398,-4681.9299507368705,0,0,-4797,-45.42432195427771,412.22809220136804,-222.99999999997996,-28.733720983977605
18399,-4642.317093108811,0,0,-4800,40.1028723621014,476.0,-315.369624409186,-43.0503410617206
18400,-4848.24297438692,0,0,-4803,-13.916985155703498,412.228092201383,-386.247330087864,-57.306751344739105
18401,-5084.02647584581,0,0,-4806,-13.740544366772802,238.000000000022,-430.80291852492104,-71.4830129541392
18402,-5294.11396692452,0,0,-4809,46.445332181664895,1.72553728108326e-11,-446.0,-85.5592991062027
18403,-5563.782174208531,0,0,-4812,16.536667158303402,-237.99999999999199,-430.802918524926,-99.5159228419202
18404,-5629.934464994921,0,0,-4815,96.8743218553076,-412.228092201365,-386.247330087873,-113.33336456098999
18405,-5715.49787568887,0,0,-4818,20.8640480420861,-476.0,-315.369624409198,-126.99229932176
18406,-5589.84837349981,0,0,-4821,6.85334257045047,-412.228092201385,-222.999999999994,-140.473623868881
18407,-5305.79005068308,0,0,-4824,25.401726783625698,-238.000000000026,-115.433294115738,-153.758483350938
18408,-5000.90487442591,0,0,-4827,-7.07657673518023,-2.2386941131799102e-11,-1.04879997319143e-11,-166.8282976907
18409,-4706.78932425169,0,0,-4830,-50.5578307963332,237.999999999941,115.433294115693,-179.66478757099
18410,-4432.87499411339,0,0,-4833,-42.8530863147815,412.22809220139,222.999999999998,-192.249999999999
18411,-4269.34737647396,0,0,-4836,-20.1506674630167,476.0,315.36962440920104,-204.56633342014703
18412,-4249.45000756057,0,0,-4839,7.671132475628071,412.22809220141505,386.247330087849,-216.596562325462
18413,-4357.28977391391,0,0,-4842,44.2311689141545,238.000000000031,430.80291852492,-228.323861353011
18414,-4659.5924315720795,0,0,-4845,-20.8606027573673,-2.6596425302723604e-11,446.0,-239.73182881468398
18415,-4865.6751201792495,0,0,-4848,40.32647093223721,-237.99999999998298,430.802918524927,-250.804509636435
18416,-5161.52462486039,0,0,-4851,-23.017445073943897,-412.228092201387,386.247330087862,-261.526417672917
18417,-5344.21225084373,0,0,-4854,-57.6993178867014,-476.0,315.36962440920104,-271.882557366229
18418,-5297.60406480219,0,0,-4857,30.482472117778503,-412.228092201417,223.00000000002004,-281.858444718567
18419,-5241.485312666339,0,0,-4860,32.521520767360805,-237.99999999998798,115.433294115718,-291.440127549426
18420,-5164.76341446091,0,0,-4863,-1.14920945193855,-3.26500777737322e-11,1.52961498813913e-11,-300.614205008956
18421,-5029.283245492899,0,0,-4866,23.517894943118,237.99999999997897,-115.43329411571301,-309.36784632028304
18422,-4963.55355899401,0,0,-4869,33.9071575291027,412.228092201385,-222.99999999999298,-317.6888087245
18423,-5087.10501429334,0,0,-4872,-50.169935280887096,476.0,-315.36962440918,-325.565454603275
18424,-5179.02374437809,0,0,-4875,2.98226126349258,412.228092201393,-386.24733008786,-332.986767755117
18425,-5446.4242904428,0,0,-4878,-35.6790031153465,237.99999999999298,-430.802918524925,-339.942368802523
18426,-5698.82853131395,0,0,-4881,-25.4060016055138,3.7781646094698704e-11,-446.0,-346.422529708479
18427,-5916.961479602121,0,0,-4884,-11.7403736952089,-237.999999999974,-430.802918524928,-352.418187382005
18428,-6067.754570623079,0,0,-4887,-24.358191980123898,-412.22809220140897,-386.247330087852,-357.920956353696
18429,-6056.55856789532,0,0,-4890,-12.2658029825496,-476.0,-315.369624409205,-362.92314050356697
18430,-5852.44861460938,0,0,-4893,43.19722141679149,-412.22809220139504,-223.000000000002,-367.417743824771
18431,-5527.571112505981,0,0,-4896,93.2606618179556,-238.000000000044,-115.43329411574699,-371.398480208146
18432,-5320.73889346095,0,0,-4899,-46.879111226971105,-4.29132144156652e-11,-2.0104300030868398e-11,-374.859782233911
18433,-4912.82507682601,0,0,-4902,13.5384380164364,238.00000000001702,115.43329411573299,-377.796808958199
18434,-4680.55976723487,0,0,-4905,-30.582406752678104,412.228092201379,222.999999999989,-380.205452683561
18435,-4513.58683306589,0,0,-4908,-14.874112771132,476.0,315.369624409194,-382.082344703952
18436,-4490.3672150886,0,0,-4911,5.58222263830903,412.228092201398,386.247330087857,-383.424860016164
18437,-4692.8899280366795,0,0,-4914,-63.4617255705099,238.00000000004903,430.80291852491797,-384.231120991139
18438,-4937.59240628,0,0,-4917,-82.0924062799967,-6.070152018857481e-12,446.0,-384.5
18439,-5097.7720555078795,0,0,-4920,13.656146958345802,-238.00000000001202,430.80291852492303,-384.231120991139
18440,-5313.96142289763,0,0,-4923,18.444199232044802,-412.228092201377,386.247330087867,-383.424860016164
18441,-5489.00191161947,0,0,-4926,-20.2891913247224,-476.0,315.369624409208,-382.082344703952
18442,-5479.58667309059,0,0,-4929,18.8468717943742,-412.228092201428,223.000000000028,-380.205452683562
18443,-5416.49093701426,0,0,-4932,15.8725778282196,-238.000000000006,115.433294115728,-377.796808958199
18444,-5265.880125698271,0,0,-4935,43.979656535643606,9.385836978909448e-13,-4.3971463157496e-13,-374.859782233911
18445,-5181.69209660039,0,0,-4938,5.1396777234998,237.999999999961,-115.433294115704,-371.398480208148
18446,-5115.583430743979,0,0,-4941,3.6062208794027697,412.22809220137395,-222.99999999998502,-367.417743824771
18447,-5129.49882418606,0,0,-4944,16.7939407267172,476.0,-315.369624409209,-362.92314050356697
18448,-5284.03514459882,0,0,-4947,-5.09495035867073,412.22809220140294,-386.247330087855,-357.920956353698
18449,-5516.72711318311,0,0,-4950,-21.506007276189397,238.000000000011,-430.80291852492303,-352.418187382006
18450,-5708.925548961441,0,0,-4953,36.4969807470342,4.19298462307558e-12,-446.0,-346.42252970848
18451,-5961.94196317546,0,0,-4956,2.80332415194714,-237.999999999957,-430.80291852493104,-339.942368802523
18452,-6106.68708115165,0,0,-4959,-16.2248911072791,-412.228092201399,-386.247330087857,-332.986767755117
18453,-6146.08155585302,0,0,-4962,-67.1464768405351,-476.0,-315.369624409211,-325.565454603276
18454,-5938.703590183921,0,0,-4965,-20.7866892579983,-412.228092201406,-223.00000000001,-317.6888087245
18455,-5611.5690443720305,0,0,-4968,19.232096064003603,-238.00000000001498,-115.433294115732,-309.367846320284
18456,-5293.696470928089,0,0,-4971,-22.082265919038402,-6.34394876995314e-11,-2.97206003298225e-11,-300.61420500896
18457,-4926.0090427235,0,0,-4974,-14.002209289799302,237.999999999999,115.433294115724,-291.440127549428
18458,-4623.05882028221,0,0,-4977,0.571532234958449,412.228092201396,223.000000000003,-281.858444718567
18459,-4485.279857201161,0,0,-4980,-24.7669242441213,476.0,315.369624409187,-271.882557366229
18460,-4431.40694312216,0,0,-4983,14.6440522614951,412.228092201408,386.247330087852,-261.52641767292005
18461,-4590.753824148929,0,0,-4986,-22.752233037389804,237.999999999973,430.802918524928,-250.80450963643798
18462,-4784.862053355971,0,0,-4989,-2.1302245412978302,1.44561212650086e-11,446.0,-239.73182881468398
18463,-4985.68695659375,0,0,-4992,41.833986234328606,-237.999999999995,430.802918524925,-228.323861353012
18464,-5274.997397335779,0,0,-4995,-37.4200728967829,-412.22809220139396,386.247330087859,-216.596562325462
18465,-5401.62620451775,0,0,-4998,-38.4294955068169,-476.0,315.369624409215,-204.56633342014703
18466,-5440.96927016249,0,0,-5001,-58.4911779610954,-412.22809220138396,222.99999999999298,-192.249999999999
18467,-5276.780504932,0,0,-5004,29.4509885232869,-238.000000000024,115.433294115737,-179.66478757099497
18468,-5111.02811410206,0,0,-5007,62.800183588654,-1.95876895859752e-11,9.176585667379119e-12,-166.82829769070298
18469,-5118.9801676687,0,0,-5010,-77.7883902020352,237.99999999999,-115.433294115719,-153.758483350939
18470,-4998.6554034929995,0,0,-5013,-34.4098718255089,412.228092201364,-222.999999999977,-140.473623868881
18471,-4996.27728047022,0,0,-5016,-13.9153567392548,476.0,-315.369624409202,-126.992299321763
18472,-5101.24438142434,0,0,-5019,5.10822102312571,412.228092201386,-386.247330087863,-113.333364560993
18473,-5318.48883484022,0,0,-5022,-4.1699934734117505,238.000000000028,-430.80291852492,-99.5159228419207
18474,-5583.14157322151,0,0,-5025,-26.582274115333,2.47192579069417e-11,-446.0,-85.5592991062031
18475,-5830.16992978367,0,0,-5028,-61.8839983045813,-238.000000000033,-430.80291852492,-71.4830129541397
18476,-5868.88293194319,0,0,-5031,17.8992416908024,-412.228092201389,-386.247330087862,-57.3067513447396
18477,-5854.89097648115,0,0,-5034,13.5289889897736,-476.0,-315.36962440919996,-43.050341061721106
18478,-5699.74966255199,0,0,-5037,1.21215063342753,-412.228092201416,-223.00000000001899,-28.733720983983602
18479,-5377.50198478575,0,0,-5040,30.3082235292767,-238.000000000033,-115.433294115741,-14.3769141992494
